face 0.9993542 269 292 540 631
face 0.11951129 46 400 104 473
face 0.1185484 16 116 760 833
face 0.116371304 0 734 78 827
face 0.11408876 682 89 710 148
face 0.11025636 670 95 692 140
face 0.10778879 665 98 684 134
face 0.104984544 585 285 677 465
face 0.10441849 426 74 525 215
face 0.10329603 610 175 648 260
face 0.102715716 609 125 636 174
face 0.10271124 656 101 674 138
face 0.1006513 666 104 693 162
face 0.099577345 675 111 704 160
face 0.098970816 649 120 669 161
face 0.09865689 601 94 629 140
face 0.09624162 660 119 680 156
face 0.096182056 578 114 613 176
face 0.09613147 -11 733 42 854
face 0.09590473 658 114 692 194
face 0.094782345 673 80 692 118
face 0.09453362 664 77 683 111
face 0.09426167 704 87 733 145
face 0.09404328 590 121 622 168
face 0.09398143 743 74 762 111
face 0.0938186 683 116 719 185
face 0.093338765 652 82 671 120
face 0.092928596 648 94 666 136
face 0.09291447 769 75 794 131
face 0.092823766 607 149 643 214
face 0.09270868 772 89 801 144
face 0.09250843 621 131 643 170
face 0.09238204 471 638 581 811
face 0.092213444 251 103 416 269
face 0.092157654 684 80 705 122
face 0.091928 641 125 662 175
face 0.091892555 662 154 691 206
face 0.09182671 732 77 751 115
face 0.091653146 742 88 766 136
face 0.091466784 594 202 635 293
face 0.09108786 713 83 733 123
face 0.09060552 750 51 768 88
face 0.09039177 763 9 789 59
face 0.090345524 452 139 520 231
face 0.09020098 630 193 661 260
face 0.090119034 727 82 748 130
face 0.090062864 614 294 678 412
face 0.0894959 749 23 769 60
face 0.089494154 774 69 802 112
face 0.08944924 764 36 789 86
face 0.089315385 709 79 726 114
face 0.08890906 712 69 730 100
face 0.088810764 621 99 642 137
face 0.08856754 637 154 666 205
face 0.088562995 697 76 718 111
face 0.08845702 769 -8 806 37
face 0.088124044 725 77 744 111
face 0.08812301 725 59 743 87
face 0.08791732 672 137 701 185
face 0.08784587 633 76 716 232
face 0.08780443 420 88 485 199
face 0.08773909 750 38 768 71
face 0.08752065 752 75 770 107
face 0.087472156 636 98 658 134
face 0.08737035 294 64 497 205
face 0.087063864 663 193 689 239
face 0.08699501 692 97 733 179
face 0.086819045 683 149 717 206
face 0.08680065 738 66 755 98
face 0.086779326 556 116 596 183
face 0.08676602 687 67 706 99
face 0.08675236 58 406 116 513
face 0.08658945 590 138 628 194
face 0.08646127 748 7 769 40
face 0.086356774 657 47 736 190
face 0.08632946 738 0 764 34
face 0.08593331 737 41 756 73
face 0.08590518 766 53 790 106
face 0.085799985 753 0 778 33
face 0.08549176 670 68 688 99
face 0.085411906 598 128 690 287
face 0.085408 600 74 630 121
face 0.08530309 449 76 509 154
face 0.08528738 614 110 638 156
face 0.08516911 644 143 669 184
face 0.08497058 575 132 614 207
face 0.08491973 630 228 661 300
face 0.084885135 678 397 772 666
face 0.08478276 667 44 687 73
face 0.08452534 771 20 802 63
face 0.084369384 617 80 642 122
face 0.08436733 772 45 800 88
face 0.08435344 54 385 101 442
face 0.08421022 648 43 668 71
face 0.08411718 750 95 773 134
face 0.08411117 696 59 715 87
face 0.084090926 580 88 615 142
face 0.084015876 656 233 688 308
face 0.083914 606 214 645 271
face 0.083867565 644 194 672 237
face 0.08374188 569 137 653 288
face 0.083673365 731 60 749 93
face 0.083665535 676 59 695 88
face 0.08356076 609 231 654 313
face 0.08351448 601 187 639 243
face 0.08349498 732 -68 828 95
face 0.08348076 631 77 654 113
face 0.08344749 764 114 797 190
face 0.08334612 652 66 670 97
face 0.083204955 609 327 692 506
face 0.083137505 707 43 728 75
face 0.08308169 631 -2 659 33
face 0.082699284 626 42 646 71
face 0.082659334 686 43 707 73
face 0.08259488 544 121 594 228
face 0.082471855 650 -2 678 32
face 0.08246954 9 370 56 483
face 0.082451455 621 22 642 55
face 0.082425624 673 197 698 235
face 0.08233683 561 173 608 255
face 0.08220008 704 62 724 94
face 0.082186475 646 74 665 113
face 0.08216159 646 60 665 90
face 0.082155086 729 19 750 56
face 0.082116865 713 101 748 170
face 0.082114674 585 227 643 351
face 0.08211061 480 78 535 148
face 0.082092464 476 150 549 226
face 0.08203214 566 49 651 192
face 0.081951134 622 144 648 185
face 0.0818346 30 396 86 499
face 0.08182831 774 115 809 166
face 0.08181686 622 59 641 90
face 0.08180372 407 -13 485 46
face 0.08179334 317 5 473 152
face 0.081685185 416 122 540 343
face 0.08142722 661 60 679 88
face 0.08141485 292 131 351 241
face 0.08134788 522 113 569 199
face 0.081314184 643 21 664 55
