face 0.9992231 363 12 642 369
face 0.9979803 14 215 304 569
face 0.1269834 23 117 747 848
face 0.110036 471 891 543 962
face 0.09865779 464 427 522 530
face 0.09828335 454 372 516 500
face 0.09669971 433 394 497 498
face 0.09486332 436 391 531 556
face 0.090418905 188 4 306 149
face 0.089758605 193 6 274 91
face 0.08964292 467 348 538 444
face 0.08898094 523 725 542 775
face 0.08823111 514 736 541 820
face 0.088098794 523 745 545 801
face 0.08761238 441 490 530 635
face 0.08595492 452 498 517 585
face 0.08594469 528 751 554 849
face 0.085166 561 461 612 599
face 0.08441087 374 331 466 494
face 0.0835535 524 780 549 832
face 0.08323042 471 521 528 619
face 0.082666755 275 -41 419 123
face 0.082501434 485 714 566 899
face 0.08228107 437 449 503 546
face 0.08157409 494 478 534 576
face 0.0804926 514 703 539 780
face 0.08039216 545 495 586 610
face 0.08037505 495 399 542 505
face 0.079861686 522 473 561 583
face 0.07979635 564 513 625 588
face 0.079254776 715 81 767 255
face 0.07916919 521 791 565 899
face 0.079167806 543 431 580 563
face 0.07828594 656 -6 752 157
face 0.07779958 221 221 286 324
face 0.07773327 541 266 656 419
face 0.07751872 522 429 564 538
face 0.0772285 366 271 466 427
face 0.07707353 193 -5 254 49
face 0.07695876 556 520 615 653
face 0.07691225 500 715 531 784
face 0.0763783 470 473 523 565
face 0.07584121 480 333 561 411
face 0.07566972 533 523 565 577
face 0.07554612 446 662 544 849
face 0.07547196 433 485 496 594
face 0.075353235 435 358 504 433
face 0.07503471 550 414 630 581
face 0.075007096 631 294 697 398
face 0.074839845 530 496 563 551
face 0.0748346 173 -4 225 43
face 0.07481991 714 18 767 169
face 0.07472652 491 543 535 608
face 0.07470435 558 521 599 582
face 0.07444064 253 175 433 477
face 0.07434694 337 283 429 454
face 0.07415179 507 768 547 873
face 0.07404115 523 696 550 768
face 0.07397451 595 360 706 528
face 0.07397207 470 364 558 532
face 0.073855914 454 268 583 403
face 0.07379217 543 760 574 863
face 0.07360001 294 34 341 194
face 0.07357024 491 374 545 456
face 0.07338718 412 342 470 440
face 0.073364675 502 804 550 909
face 0.07313908 543 732 569 807
face 0.07301802 292 208 379 375
face 0.07284825 236 -18 377 168
face 0.072753236 653 272 713 371
face 0.07275236 223 144 387 316
face 0.072662234 520 800 553 856
face 0.072634876 263 24 326 153
face 0.07261222 493 849 554 939
face 0.07257853 404 297 473 401
face 0.07225271 520 539 558 618
face 0.07208816 413 384 471 504
face 0.07182709 752 386 791 472
face 0.07167185 446 332 527 413
face 0.07165538 750 -13 796 42
face 0.07142153 719 7 812 180
face 0.07138648 179 172 283 320
face 0.07134486 212 44 409 197
face 0.07130235 371 361 430 465
face 0.07122446 554 542 602 605
