face 0.99999595 752 787 1450 1775
face 0.123598665 33 268 1595 1889
face 0.1194998 1386 1024 1585 1438
face 0.11579867 1521 85 1607 340
face 0.10506331 1440 1168 1632 1580
face 0.094146885 17 1145 102 1387
face 0.090921186 783 902 1048 1238
face 0.09062337 104 944 207 1128
face 0.09022973 1468 17 1624 381
face 0.089618996 44 1009 182 1202
face 0.08855619 226 1028 341 1220
face 0.0876374 850 1168 992 1408
face 0.08629979 641 -33 790 98
face 0.084847815 117 1008 267 1209
face 0.08439326 341 1328 472 1639
face 0.084329374 812 1120 1034 1463
face 0.0838802 536 -38 710 111
face 0.08198305 1448 159 1552 430
face 0.081622295 369 1010 478 1233
face 0.08144759 159 946 286 1074
face 0.07980089 1573 187 1672 328
face 0.07780721 369 1143 483 1305
face 0.07756269 356 1193 480 1372
face 0.077536315 44 942 148 1141
face 0.07735742 168 897 294 1027
face 0.07679997 1540 21 1607 179
face 0.07659597 838 1613 1007 1782
face 0.0765919 1577 239 1679 385
face 0.07642735 418 898 493 1027
face 0.07636334 300 765 389 884
face 0.076291375 776 956 922 1209
face 0.075987555 1580 745 1662 946
face 0.07572712 438 1016 529 1272
face 0.07546335 54 896 258 1175
face 0.07542035 1515 30 1575 168
face 0.075137734 1442 427 1551 663
face 0.07461702 56 1081 155 1269
face 0.074482284 1303 250 1711 552
face 0.07447524 409 831 490 977
face 0.07442917 1578 1672 1692 1830
face 0.07433723 1586 141 1672 272
face 0.07432679 858 1690 978 1816
face 0.07420262 43 1148 374 1497
face 0.07379606 273 1043 383 1201
face 0.07377051 358 -38 540 114
face 0.07375417 415 1014 492 1203
face 0.073553845 -9 1143 74 1436
face 0.07349593 291 781 363 932
face 0.073390454 1465 58 1560 341
face 0.07335523 587 -5 748 183
face 0.073140636 1581 -9 1657 159
face 0.07303342 1180 1213 1430 1615
face 0.07297657 296 1349 426 1604
face 0.07296607 661 2092 760 2233
face 0.07294232 312 1194 427 1398
face 0.07286522 775 1557 933 1798
face 0.07285461 333 1160 429 1298
face 0.07270324 321 1018 425 1227
face 0.0725915 388 1354 509 1589
face 0.07258717 1168 885 1421 1262
face 0.0724714 349 1243 471 1486
face 0.0723528 1513 51 1590 251
face 0.07235273 1311 112 1704 435
face 0.072348416 707 -49 1213 758
face 0.07217464 429 968 493 1087
face 0.07215613 757 1057 838 1174
face 0.072150536 896 1178 1052 1422
face 0.07186087 448 1335 548 1590
face 0.07166927 252 82 491 396
face 0.071664296 1506 -7 1587 93
face 0.071655944 269 1318 392 1548
face 0.071604595 576 -90 898 266
face 0.0716034 9 993 128 1227
face 0.071405694 1528 710 1616 962
face 0.07126074 1434 1240 1558 1511
face 0.07125765 166 989 298 1138
face 0.07124982 1020 1892 1194 2070
face 0.071230724 775 370 1228 656
face 0.071115345 846 954 994 1206
face 0.07107605 1518 195 1625 516
face 0.07085025 220 -11 632 992
face 0.07084727 59 -21 172 98
face 0.070777416 780 1772 915 1957
face 0.07073526 1390 360 1500 589
face 0.07068966 -12 1740 68 1998
face 0.07068768 321 903 414 1010
face 0.0703682 1437 280 1538 563
face 0.07032043 885 1782 973 1925
face 0.07030114 1367 1395 1477 1538
face 0.070272654 22 1706 113 2024
face 0.070063256 1329 326 1472 520
face 0.07003191 1321 -163 1547 351
face 0.070020236 176 947 368 1270
face 0.06999169 1585 1737 1689 1889
face 0.06989091 355 883 532 1268
face 0.06988357 907 1733 997 1837
face 0.06982524 99 1064 204 1262
face 0.0698142 819 1808 957 2012
face 0.06979085 1082 461 1307 624
