face 0.9889908 452 344 1451 1550
face 0.9414512 1588 458 1669 659
face 0.11216929 1590 429 1676 557
face 0.10987919 1214 487 1473 860
face 0.10899246 188 824 369 1254
face 0.10828418 416 -45 807 1063
face 0.10615515 1584 -28 1678 95
face 0.101351134 1398 916 1609 1311
face 0.09430803 1397 1321 1589 1751
face 0.09034115 177 981 313 1260
face 0.089486085 1315 182 1491 343
face 0.089130156 8 33 122 370
face 0.086843625 481 271 599 595
face 0.08562065 438 47 545 373
face 0.084656194 233 500 312 756
face 0.08271686 123 304 325 967
face 0.08168646 1362 201 1585 527
face 0.08125833 1592 373 1679 501
face 0.08080691 641 -17 715 77
face 0.07969262 -16 94 64 335
face 0.07748997 675 -20 767 84
face 0.077366404 19 472 108 787
face 0.07496812 1596 538 1688 671
face 0.07354973 746 943 1018 1366
face 0.073273644 357 1016 457 1342
face 0.07298071 1258 1736 1468 2130
face 0.072889075 558 -224 1017 600
face 0.072863676 1569 18 1672 165
face 0.0716753 228 669 316 931
face 0.071667746 -16 505 57 746
face 0.07160018 1518 1304 1622 1632
face 0.07157881 434 199 554 559
face 0.07138645 393 546 522 869
face 0.071198724 62 945 161 1314
face 0.071189485 222 749 336 1095
face 0.07118242 13 967 108 1311
face 0.071031086 312 968 424 1279
face 0.071018256 637 -1 697 123
face 0.070840836 110 1 346 390
face 0.070545614 1591 308 1683 444
face 0.070397235 1282 165 1520 438
face 0.07038635 1386 1352 1504 1699
face 0.07025963 1290 235 1462 398
face 0.070174105 813 1142 1113 1517
face 0.07009265 293 -157 489 376
face 0.06993554 41 55 177 342
face 0.06990283 489 161 590 487
face 0.069688626 436 775 556 1144
face 0.069622435 261 964 376 1284
face 0.06957489 -2 832 73 961
face 0.069289014 1080 836 1355 1163
face 0.06928809 331 559 420 875
face 0.06928699 236 1909 411 2161
face 0.06923998 595 0 650 120
face 0.069108605 -16 788 54 1026
face 0.06891552 -6 2093 104 2238
face 0.068911344 352 249 769 557
face 0.06884204 -20 2027 96 2170
face 0.06873096 97 932 210 1318
face 0.06850644 100 422 204 804
face 0.06846491 601 -17 663 71
face 0.0684171 -3 890 72 1018
face 0.068328984 -15 235 58 447
face 0.06830697 393 1201 508 1509
face 0.06829059 457 -19 533 148
face 0.06821067 -2 774 74 906
face 0.0681561 -15 1286 75 1550
face 0.06805716 -18 665 55 913
face 0.0680182 -17 -25 69 85
face 0.068013154 1329 43 1592 396
face 0.067945965 298 493 369 740
face 0.06778602 1430 1580 1552 1919
face 0.06766572 299 707 389 850
face 0.067662746 23 598 418 903
face 0.06764865 1345 266 1532 461
face 0.067646466 1255 1200 1463 1621
face 0.067643516 215 1020 340 1337
face 0.06755896 57 326 386 705
face 0.06754591 315 1093 423 1372
face 0.06739041 390 673 512 968
face 0.06734657 658 14 771 189
