face 0.9998878 107 38 169 111
face 0.12619899 6 42 265 296
face 0.11766153 162 267 195 327
face 0.11715464 201 320 217 336
face 0.11646292 -4 253 27 337
face 0.09173119 0 256 20 311
face 0.09155622 3 225 18 261
face 0.091312885 2 232 37 288
face 0.09059762 104 168 136 200
face 0.08957155 199 314 222 333
face 0.089287356 105 174 142 233
face 0.08902408 -10 227 21 288
face 0.08847232 148 20 175 45
face 0.087556876 167 277 188 312
face 0.086016804 227 321 244 337
face 0.0859759 260 327 280 350
face 0.08520093 195 329 210 347
face 0.08385644 0 222 9 248
face 0.0835209 200 328 216 348
face 0.080924824 179 311 193 333
face 0.07974082 184 312 198 330
face 0.077984095 21 199 36 224
face 0.07783103 153 25 183 54
face 0.077717304 191 220 234 271
face 0.07692901 196 321 208 337
face 0.0768298 10 185 43 236
face 0.0767909 20 278 43 313
face 0.07641907 244 293 284 381
face 0.07582006 79 194 173 325
face 0.07572145 -24 221 42 267
face 0.07537767 222 312 246 331
face 0.0750436 165 25 186 69
face 0.07375118 73 125 93 176
face 0.073729336 14 268 37 309
face 0.073227495 3 267 42 339
face 0.07313754 228 -43 321 83
face 0.07297244 29 265 48 304
face 0.07293248 12 314 38 339
face 0.07290956 6 265 29 309
face 0.07283913 220 322 236 337
face 0.0728374 267 248 280 266
face 0.072734624 2 320 17 339
face 0.0727275 189 329 203 348
face 0.07272361 210 321 227 337
face 0.072519496 11 327 30 349
face 0.07226906 214 329 230 348
face 0.07217722 228 329 244 348
face 0.07200641 265 29 277 57
face 0.0717411 21 208 35 234
face 0.07166287 -2 212 26 271
face 0.0715143 11 204 24 227
face 0.071499996 192 315 205 330
face 0.07144057 0 230 11 259
face 0.07141809 235 329 252 349
face 0.07141417 -7 286 25 382
face 0.07136808 0 328 16 349
face 0.07131488 263 -4 279 15
face 0.07111187 175 280 194 309
face 0.071056835 -24 256 43 304
face 0.07103883 3 213 16 239
face 0.07095903 14 214 26 234
face 0.07074849 264 267 279 285
face 0.07070192 127 37 165 70
face 0.070678145 181 148 199 187
face 0.07063159 7 191 28 212
face 0.07054714 216 315 237 331
face 0.07052192 -2 244 14 291
face 0.070479274 266 258 280 276
face 0.0704444 162 119 186 161
face 0.07029294 24 202 45 236
face 0.07021763 266 240 279 258
face 0.07019362 137 25 178 82
face 0.07016012 121 165 155 222
face 0.069999404 221 329 236 348
face 0.06995585 262 274 278 298
face 0.069720626 264 248 276 274
face 0.06970059 30 -4 112 128
face 0.069606446 15 203 30 222
face 0.06957553 -3 267 12 316
face 0.06949205 266 22 279 41
face 0.06942739 16 189 36 215
face 0.069370754 5 219 19 245
face 0.0693661 203 221 226 242
face 0.06928131 -25 -37 77 91
face 0.0692774 183 319 199 337
face 0.06908235 159 35 178 81
face 0.069064006 -1 177 35 224
face 0.06904694 170 22 194 58
face 0.0689062 93 39 116 77
face 0.06887842 201 226 228 252
face 0.06887139 10 223 27 259
face 0.06882933 166 155 186 196
face 0.068787776 117 172 145 212
face 0.068749115 13 285 37 321
face 0.06864551 203 303 339 386
face 0.0686028 259 318 278 339
face 0.06845797 177 293 190 318
face 0.06841048 0 2 40 60
face 0.06835681 144 26 166 60
face 0.06829679 250 258 287 312
face 0.06828162 262 282 278 308
face 0.06819285 70 151 178 247
face 0.06812068 0 134 37 164
face 0.06801813 260 310 279 332
face 0.068004236 -8 203 54 251
face 0.0678559 18 271 45 299
face 0.06779488 266 41 280 59
face 0.06772148 21 268 52 323
face 0.06770166 153 149 184 211
face 0.06761754 1 232 14 250
face 0.06761348 266 212 280 231
face 0.0676133 80 132 99 181
