face 0.9939796 247 862 1014 1920
face 0.123037696 51 316 1902 2244
face 0.118767105 1575 1745 1777 2123
face 0.11521267 1287 1861 1449 2097
face 0.10352407 484 1216 789 1671
face 0.10170182 1248 1743 1504 2161
face 0.0998546 893 1758 1137 2119
face 0.09855168 1049 1690 1579 2072
face 0.096952625 1399 1782 1514 1922
face 0.09661573 1886 2499 2021 2677
face 0.09302919 1882 2427 2007 2591
face 0.092730306 1388 1840 1502 1991
face 0.08977567 1873 2363 2001 2538
face 0.08785736 1630 2309 1816 2585
face 0.08582785 1340 1776 1480 1934
face 0.08393698 1157 315 1325 483
face 0.082903564 247 751 538 1110
face 0.08283092 1683 2344 1872 2557
face 0.08224882 58 1400 203 1749
face 0.081288055 1648 2190 1903 2590
face 0.078928426 1629 727 1924 1228
face 0.078812264 1167 1347 1304 1499
face 0.07795858 42 1540 303 1941
face 0.077946305 933 1813 1188 2256
face 0.07780672 -21 1464 110 1660
face 0.077233896 1832 2399 1945 2574
face 0.07654749 1083 1828 1254 2084
face 0.07609286 348 1865 634 2324
face 0.07588287 924 1876 1095 2144
face 0.074730344 1242 316 1550 946
face 0.07466627 746 547 982 759
face 0.07457021 932 2103 1487 2505
face 0.07412698 1226 1825 1544 2444
face 0.07391168 1171 122 1690 540
face 0.07387404 1905 2100 2020 2260
face 0.07385095 1280 1133 1528 1606
face 0.07378009 971 1806 1149 2000
face 0.07323735 1350 26 1869 459
face 0.07323574 1699 2201 1892 2415
face 0.07319877 1482 1818 1588 2006
face 0.07317123 -3 1905 94 2187
face 0.07309378 758 590 1539 1366
face 0.07308168 1337 1879 1487 2060
face 0.07291179 1006 1860 1211 2071
face 0.07286463 590 2228 814 2433
face 0.07253403 272 700 509 907
face 0.07251975 -5 1496 90 1783
face 0.07243654 -12 1061 92 1382
face 0.072423756 1270 1964 1450 2215
face 0.072385006 1855 -46 2015 136
face 0.072364196 1590 1 1930 409
face 0.0721953 1809 1699 1946 2003
face 0.07218429 1232 1219 1398 1378
face 0.07215582 1695 1000 1857 1275
face 0.07210149 1821 2500 1956 2674
face 0.07175821 224 2122 442 2364
face 0.07158584 131 1973 259 2232
face 0.07112768 1882 1886 1991 2118
face 0.0711275 97 1556 253 1821
face 0.07112625 274 2037 602 2477
face 0.07111544 14 1871 235 2326
face 0.07102381 8 2321 247 2571
face 0.070801236 944 260 1778 1084
face 0.07079536 151 1844 408 2334
face 0.07077442 1707 -2 1963 245
face 0.07077172 315 2199 569 2449
face 0.070705615 1892 2154 1996 2394
face 0.07059391 1079 397 1216 534
face 0.07050486 49 1020 191 1417
face 0.07031473 -2 1823 473 2197
face 0.0702177 1316 1836 1424 2030
face 0.070043854 955 1807 1453 2181
face 0.06999405 1500 1793 1637 2034
face 0.06993195 28 1545 141 1850
face 0.06990838 228 957 477 1218
face 0.069895245 1440 1833 1537 1999
face 0.06980558 1816 2279 1937 2522
face 0.06976847 1093 1321 1234 1529
face 0.069757506 48 2154 345 2565
face 0.069706745 1889 1996 1997 2227
face 0.06965608 1198 1302 1310 1434
face 0.06963328 1266 1781 1401 1924
face 0.06962664 1838 10 2003 205
face 0.06961197 1887 2306 2009 2479
face 0.06959813 1038 428 1215 597
face 0.06951883 1587 1814 1855 2252
face 0.069509536 1182 2184 1488 2560
face 0.069461495 1212 1877 1376 2066
face 0.06937131 1223 2417 1414 2604
face 0.06932603 1209 1768 1344 1914
face 0.06931223 1552 2289 1728 2581
face 0.06930789 24 1454 172 1678
face 0.06926026 1465 1918 1592 2120
face 0.069215834 1600 2146 1762 2510
face 0.06917958 1207 1332 1369 1496
