face 0.9999796 327 515 1162 1561
face 0.12562837 663 1024 991 1500
face 0.12065996 837 1567 1081 1985
face 0.111744866 1008 234 1269 700
face 0.09878889 169 2211 390 2425
face 0.096101485 1507 -64 1951 600
face 0.092497915 872 1643 1039 1913
face 0.091251485 1449 -28 1772 486
face 0.090823576 128 2337 309 2575
face 0.086612195 1613 1573 1848 2096
face 0.08640045 76 2217 353 2579
face 0.083482035 540 928 876 1348
face 0.08289727 10 2333 245 2564
face 0.08254734 1564 1439 1794 1974
face 0.08083411 889 323 1038 610
face 0.080746256 1637 -13 1730 154
face 0.08041704 210 832 353 1155
face 0.0803544 47 1387 245 1606
face 0.0792653 29 1382 160 1668
face 0.07906494 1531 2296 1735 2583
face 0.078445576 1632 1089 1860 1608
face 0.078388944 1587 -1 1671 155
face 0.07833575 114 2284 336 2487
face 0.0782554 1683 1217 1906 1738
face 0.07803651 627 1872 850 2081
face 0.077359974 1678 1715 1912 2224
face 0.0772285 1663 1487 1813 1929
face 0.07721392 1457 1923 1692 2466
face 0.07715164 45 1488 292 1886
face 0.07701547 1072 10 1330 482
face 0.07658009 795 -1 1433 976
face 0.07657234 1608 614 1755 1099
face 0.076407984 1556 1400 1711 1835
face 0.07616744 1243 2089 1502 2576
face 0.07614512 327 2352 548 2563
face 0.075787984 1665 2031 1809 2456
face 0.07545519 1244 -22 1551 499
face 0.07539424 1891 2507 2015 2677
face 0.07538229 -15 -27 85 146
face 0.075335056 209 2312 345 2582
face 0.074895956 -7 1245 284 1668
face 0.074662715 1368 -150 1645 382
face 0.07443444 954 2221 1172 2426
face 0.0741642 1573 -133 1859 393
face 0.0737273 1562 405 1710 912
face 0.073716916 861 1573 1066 1797
face 0.0736963 1379 -7 1620 713
face 0.07355191 1182 -10 1415 714
face 0.07351163 1542 3 1629 167
face 0.07345547 883 352 1144 767
face 0.07337286 1668 -32 1825 117
face 0.073370084 1031 493 1276 943
face 0.07330493 825 1688 978 1949
face 0.073218256 99 1455 254 1751
face 0.073189914 1247 261 1396 762
face 0.07307954 1656 901 1809 1376
face 0.07304043 1101 1549 1237 1918
face 0.07302348 840 328 981 629
face 0.0729969 1248 856 1392 1291
face 0.07291751 1893 2439 2006 2596
face 0.07287772 838 2492 1007 2683
face 0.07279946 901 1113 1190 1550
face 0.07278705 371 60 1098 1032
face 0.072710104 903 506 1167 936
face 0.072653286 1708 1641 1873 2017
face 0.07248486 1568 1235 1798 1745
face 0.072448425 1101 -84 1600 1095
face 0.07223457 316 2502 495 2693
face 0.07215479 1582 465 1796 994
face 0.07214552 127 1400 288 1662
face 0.07209899 45 1091 222 1365
face 0.07208946 1612 974 1762 1422
face 0.07196154 221 1389 343 1710
face 0.071934074 1455 13 1598 455
face 0.07186178 1708 1909 1856 2324
face 0.071848765 1496 -17 1610 118
face 0.07177693 623 2042 948 2405
face 0.07177324 1142 469 1287 844
face 0.07168564 1193 919 1339 1363
face 0.07155683 1569 5 1684 259
face 0.07145457 346 2175 533 2424
face 0.07140905 396 2273 584 2504
face 0.071360804 745 1501 884 1719
face 0.071340404 1617 -3 1739 259
