face 0.9999981 279 226 568 647
face 0.119895466 15 115 704 842
face 0.112858035 266 0 367 140
face 0.10832655 674 547 759 726
face 0.107926436 677 573 719 709
face 0.08720768 702 657 743 752
face 0.08502454 330 223 461 380
face 0.083682224 560 407 651 581
face 0.08312362 214 10 310 179
face 0.081745245 697 606 740 713
face 0.081048645 691 860 747 958
face 0.0809616 447 278 561 458
face 0.080187075 708 699 750 758
face 0.080110654 666 857 724 956
face 0.07990943 674 519 721 661
face 0.07937349 700 574 737 665
face 0.07932796 681 618 762 777
face 0.07836784 674 833 763 975
face 0.07819657 691 924 749 996
face 0.07707643 359 5 464 129
face 0.07655586 432 396 563 592
face 0.07631245 513 520 581 631
face 0.07623599 414 0 522 140
face 0.076016255 235 467 320 645
face 0.074887305 702 -13 739 66
face 0.0747254 248 567 340 748
face 0.074645326 544 454 593 601
face 0.07371932 703 825 742 914
face 0.07352091 702 535 741 635
face 0.073142 434 101 509 180
face 0.07293206 710 781 747 834
face 0.07198631 651 555 727 740
face 0.07162983 711 806 749 859
face 0.071600646 677 650 720 745
face 0.07154271 623 673 807 809
face 0.07113587 24 925 87 996
face 0.07100117 316 18 426 161
face 0.07098356 5 1 93 160
face 0.07068575 -68 879 121 1015
face 0.07063736 224 520 285 633
face 0.070178986 173 2 270 156
face 0.07011901 208 891 284 961
face 0.06995172 -7 922 31 1007
face 0.06985148 575 459 667 651
face 0.06980656 703 722 740 807
face 0.06976436 -55 -87 172 245
face 0.06974875 199 555 273 639
face 0.06972336 133 2 226 153
face 0.06968712 -9 -10 37 43
face 0.06952052 712 728 750 783
face 0.06934688 315 3 400 88
face 0.06910817 673 16 722 176
face 0.06874316 518 7 613 179
face 0.0686464 640 556 689 700
face 0.068264544 250 636 310 779
face 0.06814031 94 39 391 652
face 0.06806141 550 538 656 700
face 0.068055816 679 726 768 890
face 0.06760639 476 1 576 159
face 0.06751366 527 436 613 626
face 0.067208126 386 5 472 84
face 0.06706912 145 928 196 992
face 0.067064784 665 927 722 995
face 0.067016594 0 627 57 778
face 0.06689238 3 412 94 598
face 0.06681824 472 -77 685 275
face 0.06671633 114 733 168 838
face 0.06671142 711 756 749 810
face 0.066660605 362 35 424 143
face 0.06664864 441 227 550 387
face 0.06660638 534 544 600 662
face 0.06660028 76 774 136 885
face 0.066522025 437 85 603 271
face 0.0664868 286 240 402 412
face 0.06642518 418 69 483 169
face 0.06637855 611 1 707 149
face 0.06616183 271 507 326 649
face 0.06614883 13 896 92 965
face 0.06614703 642 643 687 762
face 0.066143215 668 -61 763 106
face 0.066141725 339 157 451 311
face 0.06605299 624 621 805 755
face 0.06595092 192 830 295 959
face 0.06594575 287 486 353 605
face 0.0659306 131 858 195 951
face 0.06586961 93 752 148 860
face 0.06586586 678 795 718 889
face 0.065799385 705 469 749 532
face 0.0657204 232 143 289 282
face 0.06558604 348 5 432 85
face 0.06549333 -68 676 116 807
face 0.065459535 250 129 308 264
face 0.065432005 29 765 101 848
face 0.06541499 705 443 749 506
