face 0.9999962 1073 13 1822 1095
face 0.12346823 412 49 2104 1877
face 0.122446224 92 1228 256 1510
face 0.105277196 -26 754 108 956
face 0.10289347 478 695 681 992
face 0.10045905 23 1246 214 1580
face 0.09810457 -19 722 82 845
face 0.091690004 163 753 324 956
face 0.090701506 417 1234 773 1850
face 0.089609854 310 905 617 1470
face 0.08810987 77 3 503 322
face 0.08711625 213 720 389 939
face 0.08611364 539 625 735 942
face 0.08606537 -35 820 112 1059
face 0.08573806 -31 713 67 792
face 0.08540716 2283 11 2569 395
face 0.08460304 114 745 254 917
face 0.08422922 462 754 778 1299
face 0.08399963 13 754 131 887
face 0.08395227 -31 1626 120 1905
face 0.083370425 -14 1776 142 1936
face 0.082034506 269 714 456 907
face 0.081931636 86 1023 242 1276
face 0.081442945 51 749 168 851
face 0.08111118 2486 -34 2627 141
face 0.08087771 -34 659 58 754
face 0.08059823 64 860 354 1239
face 0.08036096 692 28 1290 1009
face 0.07985704 212 794 397 1089
face 0.07858426 1094 9 1482 374
face 0.07811619 119 685 383 1010
face 0.07783068 21 1010 203 1324
face 0.07764925 275 809 471 1113
face 0.07741485 554 1346 771 1572
face 0.07733166 356 768 559 918
face 0.07730135 21 1752 214 1927
face 0.077280946 490 1188 808 1562
face 0.077111885 1813 646 2114 1048
face 0.07644003 370 649 525 857
face 0.07641256 -34 576 72 735
face 0.076292016 131 1035 324 1257
face 0.076210685 13 1410 188 1716
face 0.076019876 557 1195 754 1412
face 0.07601552 207 1192 564 1499
face 0.07585473 2470 1710 2646 1926
face 0.075561285 2163 999 2509 1347
face 0.07532856 200 1239 420 1462
face 0.07466285 9 1558 206 1914
face 0.07466175 557 1244 918 1883
face 0.07462329 604 620 796 858
face 0.07454351 2284 80 2431 313
face 0.07395809 87 1344 264 1611
face 0.073724896 139 1209 319 1424
face 0.073695414 146 1475 321 1713
face 0.07366386 1302 1289 1638 1611
face 0.07342307 205 640 512 980
face 0.07337356 395 1085 608 1302
face 0.07330065 138 1393 327 1592
face 0.073213026 2147 817 2545 1178
face 0.07320302 82 1132 246 1399
face 0.07316135 170 1261 568 1714
face 0.073148124 1298 17 1720 361
face 0.073036864 1931 637 2259 1020
face 0.07300095 400 987 606 1221
face 0.07290002 2266 200 2398 404
face 0.07263392 229 918 396 1193
face 0.072622254 -24 1334 113 1598
face 0.07243227 -98 -26 638 676
face 0.07232022 1796 638 1969 958
face 0.07231444 -29 1434 111 1699
face 0.07225764 428 761 630 924
face 0.0722544 77 1537 260 1814
face 0.072250046 285 -31 1031 808
face 0.07184252 268 1190 501 1403
face 0.07179008 43 1615 390 1921
face 0.07166358 133 826 287 954
face 0.07155084 2250 11 2452 240
