face 0.9993191 537 988 1022 1691
face 0.12074526 821 1877 1435 2588
face 0.119023725 1194 1805 1446 2203
face 0.11654821 1053 1981 1427 2483
face 0.11582013 417 1584 662 1917
face 0.10485755 1395 2383 1483 2579
face 0.09861658 1401 1798 1493 1961
face 0.098266006 87 1851 260 2053
face 0.08740524 1394 1858 1493 2033
face 0.08711997 -6 2242 202 2556
face 0.086173505 1407 -33 1492 112
face 0.08560499 1417 1739 1496 1889
face 0.08507531 998 1089 1175 1583
face 0.08472667 44 1841 168 2063
face 0.08404436 548 1101 710 1314
face 0.08328644 950 1580 1127 1804
face 0.0825882 1394 2120 1479 2359
face 0.08242738 1394 2245 1485 2477
face 0.0816498 427 1697 610 1896
face 0.08086625 386 1144 498 1523
face 0.0801381 1069 1312 1270 1772
face 0.078366034 1086 1505 1421 1922
face 0.07813561 904 1530 1292 1881
face 0.078048415 1225 1831 1419 2057
face 0.076864734 322 1561 532 1784
face 0.0758101 3 1772 199 2160
face 0.07559703 31 974 233 1398
face 0.07479351 992 638 1189 1096
face 0.07399598 260 771 467 1233
face 0.07264553 1394 1977 1488 2191
face 0.07253678 1221 1387 1416 1805
face 0.07206169 841 2052 1293 2480
face 0.07135552 586 1695 765 1906
face 0.07124626 173 1887 314 2154
face 0.07110833 1189 2043 1381 2276
face 0.07105585 58 1309 209 1507
face 0.07101476 -15 -38 47 155
face 0.070972 67 1863 283 2195
face 0.070789896 1398 25 1486 191
face 0.07077327 1320 1820 1436 2067
face 0.07065278 1428 1673 1499 1821
face 0.07040832 60 1916 226 2121
face 0.07021645 296 1107 493 1561
face 0.070180014 566 1107 857 1524
face 0.07003604 69 841 273 1296
face 0.06998264 1071 706 1265 1165
face 0.069843315 1136 2045 1271 2255
face 0.06977024 436 1144 534 1533
face 0.069743626 1397 1924 1498 2103
face 0.06972258 176 1873 376 2290
face 0.069534555 51 -27 152 115
face 0.06911691 340 636 544 1098
face 0.06898664 1136 1453 1280 1747
face 0.06892016 504 1674 659 1907
face 0.06884938 40 1198 150 1480
face 0.068824045 482 1606 639 1795
face 0.06869502 1146 1318 1346 1780
face 0.06809477 466 1175 573 1582
face 0.0680536 108 985 304 1423
face 0.06805288 564 1526 790 1907
face 0.06804816 1266 1436 1379 1760
face 0.068028465 230 986 423 1429
face 0.06800674 37 494 230 971
face 0.06798678 834 502 1044 937
face 0.06780405 912 569 1114 1018
face 0.06774301 999 1136 1095 1523
