face 0.9999757 804 1203 1374 1967
face 0.12974465 42 329 1923 2256
face 0.12572928 667 1550 815 1985
face 0.118284 1074 1317 1385 1738
face 0.1177982 1208 1370 1392 1626
face 0.11624009 945 1207 1240 1582
face 0.10739199 557 1732 740 2041
face 0.10689445 -92 2224 299 2612
face 0.09138606 296 2491 490 2693
face 0.08788413 -33 2303 109 2580
face 0.08674616 450 1674 721 2080
face 0.08674175 293 2441 499 2602
face 0.085992634 728 1389 871 1725
face 0.08588639 1743 2411 1931 2613
face 0.0848072 -4 33 442 404
face 0.08475457 539 1813 1021 2173
face 0.083868966 727 1489 862 1900
face 0.08375728 -8 1570 163 1924
face 0.08089436 65 1559 332 1983
face 0.07961318 922 1377 1313 1836
face 0.079492286 1080 313 1706 1119
face 0.0788662 578 1606 717 1957
face 0.07792776 11 2381 167 2606
face 0.07765737 915 447 1495 786
face 0.077126615 1867 -41 2015 121
face 0.07677717 426 13 961 375
face 0.076499075 322 -89 836 252
face 0.0764571 -15 2204 95 2432
face 0.07574 660 62 915 275
face 0.07565457 -3 338 265 561
face 0.075152665 1742 -33 1944 142
face 0.07480542 351 118 766 565
face 0.07419485 792 1351 926 1755
face 0.07356729 368 -38 590 144
face 0.073345035 113 1555 262 1887
face 0.07315513 208 1597 458 2013
face 0.07278147 602 131 1152 537
face 0.07251507 1512 2136 1649 2368
face 0.07241959 156 1570 333 1857
face 0.072368704 703 -34 915 136
face 0.07217954 965 1820 1266 2233
face 0.072148204 1680 2329 1916 2554
face 0.07188075 888 1255 1114 1463
face 0.071825676 1773 2482 1927 2679
face 0.071818694 508 1648 673 1938
face 0.07154326 1271 521 1531 1270
face 0.071276315 420 1676 594 1985
face 0.0706108 788 1519 939 1860
face 0.07059428 1393 478 1780 1014
face 0.07046727 1052 287 1573 676
face 0.07033484 1523 -35 1746 147
face 0.06976462 0 494 256 702
face 0.06962795 1187 2030 1346 2282
face 0.06954512 597 -67 1161 255
face 0.06946681 1137 400 1637 803
face 0.06944002 115 -37 335 146
face 0.06925065 605 1425 827 1853
face 0.069130786 400 2386 590 2550
face 0.06911934 725 410 1240 823
face 0.06910093 1149 213 1398 414
face 0.06885082 10 -31 196 132
face 0.06880256 1873 12 2002 200
face 0.068801 391 4 650 208
face 0.0687066 -53 1713 120 1927
face 0.06867006 1277 1418 1420 1653
face 0.06862674 625 1647 790 1890
face 0.06854924 1012 1253 1281 1486
face 0.06854842 1236 1243 1399 1564
face 0.06853892 315 1611 468 1916
face 0.06852498 1892 173 1991 378
face 0.06842561 682 1594 911 2097
face 0.06839018 1382 144 1615 340
face 0.0683066 671 1446 849 1664
face 0.068239175 1255 2034 1405 2292
face 0.06821705 1867 2500 2007 2681
face 0.06821421 839 1283 1018 1573
face 0.068145856 650 1485 779 1802
face 0.06802673 50 1529 204 1878
face 0.06797353 842 276 1349 666
face 0.06796967 927 119 1195 349
face 0.06794952 1209 119 1422 346
face 0.067948036 632 1695 779 2051
face 0.06794384 331 -8 1058 682
