face 0.9999722 428 1084 992 1873
face 0.1477145 694 1740 1074 2482
face 0.12617286 809 1746 995 2187
face 0.12352657 846 1811 967 2089
face 0.11770177 772 1131 995 1650
face 0.11684754 872 1991 1079 2491
face 0.10965679 956 1812 1138 2232
face 0.10832512 705 2125 943 2544
face 0.10766359 1029 1865 1154 2169
face 0.08772578 -23 1272 205 1628
face 0.084665015 995 1908 1108 2273
face 0.08463369 372 2132 605 2548
face 0.08343936 583 1267 842 1718
face 0.0831858 1152 1984 1342 2489
face 0.08313362 1222 1065 1429 1431
face 0.08257817 809 1747 923 2006
face 0.081183076 20 1306 180 1509
face 0.08019949 611 2220 724 2497
face 0.07984039 1223 1995 1425 2466
face 0.07814863 899 1421 1168 1957
face 0.07778059 1142 1075 1392 1567
face 0.07752786 1036 1292 1159 1537
face 0.07696626 1246 1092 1403 1282
face 0.07505351 -7 2373 79 2577
face 0.07488255 714 1309 975 1722
face 0.074235894 1406 -35 1494 115
face 0.07418394 4 1527 380 1885
face 0.07386144 908 1876 1041 2183
face 0.07381534 1126 2077 1225 2446
face 0.07376521 660 2210 770 2490
face 0.07371258 745 1817 1127 2207
face 0.073473476 831 1861 1028 2324
face 0.07314813 555 2216 684 2518
face 0.07314234 1241 964 1409 1176
face 0.07295363 347 1201 458 1488
face 0.07291443 1215 21 1414 491
face 0.072871886 800 1859 929 2165
face 0.07262827 579 2072 753 2530
face 0.07252758 917 1910 1239 2360
face 0.0724815 204 1240 362 1449
face 0.072465986 688 2171 822 2503
face 0.071599774 870 22 1079 479
face 0.071497224 961 1967 1075 2391
face 0.07117965 794 1135 985 1393
face 0.07053708 1079 1122 1282 1571
face 0.070462495 599 1933 764 2124
face 0.070411704 874 1759 1001 2035
face 0.07034996 988 1974 1172 2433
face 0.07032924 1238 1201 1448 1619
face 0.070189446 202 1354 377 1586
face 0.06998288 1071 1924 1181 2229
face 0.069829635 1213 1799 1421 2275
face 0.06970365 -19 -47 52 169
face 0.06969426 -39 1390 315 1734
face 0.06953603 671 1855 881 2317
face 0.06948709 1419 911 1497 1074
face 0.069367066 1312 -26 1417 122
face 0.06925863 639 23 852 484
face 0.06906226 1024 21 1230 481
face 0.06884654 1123 1797 1309 2274
face 0.06871411 670 843 821 1024
face 0.0686618 49 1281 165 1436
face 0.06863176 966 2168 1159 2542
