face 0.9965495 1019 1212 1504 1786
face 0.13749243 56 341 1952 2289
face 0.13511084 609 2329 801 2570
face 0.12755619 1032 1238 1342 1616
face 0.12242107 1556 759 1816 1444
face 0.119692616 666 2309 829 2491
face 0.11928037 1579 1026 1815 1639
face 0.117533386 296 1792 528 2031
face 0.115614735 1445 2172 1612 2454
face 0.10584406 1382 2240 1571 2529
face 0.1029629 701 2288 829 2408
face 0.10151461 516 2257 762 2604
face 0.09644037 732 2333 969 2553
face 0.09544835 655 2401 849 2587
face 0.09201401 209 1994 444 2453
face 0.090915374 1606 783 1752 1226
face 0.09060406 994 2165 1145 2487
face 0.089248724 1517 1258 1775 1700
face 0.08750148 1399 2114 1561 2376
face 0.08684519 1577 1347 1817 1836
face 0.08673075 648 2282 786 2411
face 0.086559884 897 1811 1148 2239
face 0.08528084 1357 773 1677 1385
face 0.0842295 768 2251 976 2419
face 0.083651185 1551 2161 1692 2455
face 0.083207645 1788 2505 1949 2697
face 0.083022974 1019 2091 1213 2296
face 0.08299952 694 2236 810 2374
face 0.08242598 1614 1331 1778 1629
face 0.082015246 878 2194 1136 2564
face 0.08132972 1121 2235 1305 2509
face 0.081167415 752 2314 861 2480
face 0.08078204 1446 2099 1690 2529
face 0.08012221 1349 2055 1601 2457
face 0.079938814 879 2023 1038 2340
face 0.07963175 1211 1267 1504 1642
face 0.07914688 583 2225 724 2497
face 0.07894773 565 2362 735 2551
face 0.078702696 582 2202 841 2550
face 0.07851282 1527 2514 1653 2675
face 0.07827556 1466 2505 1608 2679
face 0.07806256 1598 2523 1705 2669
face 0.07791002 1255 784 1548 1376
face 0.07769186 1301 2322 1548 2566
face 0.07761855 1611 1036 1768 1400
face 0.07725604 905 2212 1092 2420
face 0.07697311 528 2515 649 2674
face 0.0769177 1073 2186 1243 2437
face 0.076897085 706 2202 851 2342
face 0.07676458 1665 1081 1897 1601
face 0.07631074 755 2264 852 2408
face 0.07609413 1522 1782 1756 2019
face 0.075734794 753 -66 1901 449
face 0.07569075 1191 2189 1350 2440
face 0.07552241 752 2220 887 2374
face 0.07530926 259 -81 1782 718
face 0.075245924 1231 806 1804 1763
face 0.075084634 1336 1847 1518 2114
face 0.07508145 935 2314 1098 2558
face 0.075077444 919 1923 1114 2156
face 0.07502753 994 1949 1241 2356
face 0.07492009 529 2098 668 2426
face 0.07487214 689 2086 816 2321
face 0.07478461 982 2180 1267 2570
face 0.07476666 254 1857 486 2076
face 0.07475306 1664 647 1779 1018
face 0.07467522 738 2080 875 2324
face 0.07444111 1031 776 1555 1529
face 0.074359804 1289 905 1471 1202
face 0.07433516 986 1991 1154 2253
face 0.07417009 655 1143 1372 1887
face 0.07407754 1148 2188 1418 2557
face 0.07398781 1034 1913 1197 2181
