face 0.9999989 511 852 1092 1618
face 0.12827602 33 265 1589 1873
face 0.12155244 779 1817 927 2021
face 0.11935159 584 1155 914 1531
face 0.113922566 657 1752 785 1983
face 0.11196688 603 1760 727 1991
face 0.108717695 833 932 1072 1268
face 0.09843933 486 1423 689 1805
face 0.088317126 1376 1823 1596 2147
face 0.085518785 695 1816 821 2016
face 0.08351312 563 1802 693 2053
face 0.083288945 392 1201 515 1526
face 0.081170715 369 1920 539 2164
face 0.08093511 796 1727 975 1924
face 0.08071327 650 1745 855 2068
face 0.08037202 522 1751 651 1993
face 0.0797964 709 1694 934 2015
face 0.078538075 425 1292 552 1538
face 0.07788457 466 1915 610 2143
face 0.07645161 521 1867 661 2099
face 0.07631517 553 1694 684 1936
face 0.07628177 1335 1527 1477 1750
face 0.07624434 565 1689 767 2052
face 0.07572591 353 1246 469 1553
face 0.0744932 752 1887 877 2052
face 0.07319723 1374 1598 1515 1793
face 0.07279274 548 1864 786 2153
face 0.072574645 1369 1385 1597 1758
face 0.07234614 1302 1516 1419 1778
face 0.07159738 1579 1797 1686 1944
face 0.07054409 430 1141 555 1464
face 0.07016174 820 1822 1013 2014
face 0.06994908 470 1655 604 1954
face 0.06994897 480 1271 595 1569
face 0.06992351 111 1792 310 2153
face 0.06968366 386 1105 524 1385
face 0.06947864 478 1805 605 2057
face 0.069320485 1204 1736 1339 1990
face 0.06915199 1583 1745 1685 1889
face 0.068947546 434 875 574 1141
face 0.06880997 886 1691 1035 1935
face 0.068696566 733 1773 905 1963
face 0.06864512 1040 1215 1171 1474
face 0.06849533 609 1587 723 1906
face 0.06838729 1583 1857 1686 2000
face 0.06830874 1581 1883 1672 2104
face 0.06808159 262 1773 380 2077
face 0.06796967 1250 1690 1390 1934
face 0.06795348 695 707 818 967
face 0.067926615 335 1521 474 1756
face 0.06764902 814 909 1030 1110
face 0.0675867 1564 -36 1684 104
face 0.067584164 421 1623 563 1873
face 0.06733348 1582 1684 1683 1832
face 0.06719014 807 1876 968 2060
face 0.06715249 1087 1240 1209 1545
face 0.06700385 641 675 863 1014
face 0.06651175 723 1965 881 2115
face 0.06647012 362 1380 475 1676
face 0.06634958 913 896 1080 1155
face 0.06633934 376 1571 523 1823
face 0.06615508 1271 1610 1588 2060
face 0.06613896 1114 1752 1567 2086
face 0.06607873 440 1751 633 2128
face 0.06607191 531 793 750 1145
face 0.06604657 280 1941 469 2144
face 0.06602992 805 1962 965 2118
face 0.06597143 1423 1575 1552 1824
face 0.06592311 678 1873 922 2145
