face 0.99385923 301 290 423 455
face 0.14616609 311 3 381 98
face 0.13365945 21 158 946 1124
face 0.12969242 422 218 484 341
face 0.12219754 433 93 480 201
face 0.11767649 620 474 649 527
face 0.113788545 667 439 699 487
face 0.101451956 116 288 165 377
face 0.101048134 627 462 652 505
face 0.100976415 446 14 477 80
face 0.100731224 456 7 489 76
face 0.09935032 438 194 553 378
face 0.09897597 471 10 519 98
face 0.09879445 482 3 515 58
face 0.09808346 99 395 143 480
face 0.0979853 24 258 49 318
face 0.09773019 922 498 951 552
face 0.09745543 451 152 483 218
face 0.09741219 366 24 409 94
face 0.097347714 24 280 50 348
face 0.0970837 487 170 515 221
face 0.09702305 481 220 520 296
face 0.096599616 428 196 475 282
face 0.09638815 13 345 60 477
face 0.09608353 59 329 177 542
face 0.095847316 603 478 630 537
face 0.09578632 34 274 59 333
face 0.09568636 375 5 409 62
face 0.09554217 436 253 505 363
face 0.09553141 654 446 684 495
face 0.095300525 442 48 480 132
face 0.0952054 337 -8 397 61
face 0.09506843 36 244 62 296
face 0.094762534 644 448 669 489
face 0.09476064 600 454 627 502
face 0.094732866 575 258 624 328
face 0.09457872 126 376 161 446
face 0.09448068 376 49 420 141
face 0.09446124 487 189 516 246
face 0.094308645 456 202 489 270
face 0.09425499 595 251 631 306
face 0.094254866 174 331 203 377
face 0.094100095 617 448 643 491
face 0.09405112 168 309 201 360
face 0.093734406 150 316 183 372
face 0.093714386 590 461 619 519
face 0.09366893 496 163 528 223
face 0.09343539 448 15 491 122
face 0.0933442 489 -4 529 49
face 0.093239866 509 291 577 382
face 0.09318771 126 160 157 234
face 0.09310474 482 103 522 189
face 0.09278338 942 494 978 561
face 0.09275797 433 158 474 243
face 0.09261306 462 -3 502 50
face 0.092582285 524 234 570 334
face 0.09250394 382 -5 422 49
face 0.09246454 588 481 620 556
face 0.09244489 191 164 222 216
face 0.092288226 101 217 223 424
face 0.09217501 45 44 99 125
face 0.09212351 326 89 376 196
face 0.092099585 386 94 422 159
face 0.09202814 117 409 170 492
face 0.09181788 229 344 276 424
face 0.09178761 456 401 532 523
face 0.09177793 4 250 33 320
face 0.09173171 664 419 695 462
face 0.09147166 336 30 394 137
face 0.09147016 271 16 379 231
face 0.09146277 51 320 91 444
face 0.09144591 563 478 597 543
face 0.09115138 3 3 36 72
face 0.090907946 546 260 605 342
face 0.09074139 448 222 497 297
face 0.090568975 639 455 668 512
face 0.090398476 920 472 950 528
face 0.090351164 404 97 439 152
face 0.09031053 415 2 446 59
face 0.09025422 59 273 89 353
face 0.09017582 157 378 187 430
face 0.09011783 172 167 203 225
face 0.09008414 134 147 162 208
face 0.090006374 44 1 80 49
face 0.089963816 105 91 222 325
face 0.08961312 500 183 530 250
face 0.08957014 468 235 530 354
face 0.08952343 115 217 170 333
face 0.08950002 656 426 686 474
face 0.08939951 396 123 432 179
face 0.0893939 20 16 50 71
face 0.08927791 618 493 659 552
face 0.0892561 495 216 539 321
face 0.089203715 439 24 544 233
face 0.0891168 435 0 470 50
face 0.0889725 420 95 457 165
face 0.08891601 24 209 53 286
face 0.08891053 500 20 559 96
face 0.088907994 68 5 106 52
face 0.0888948 57 253 86 319
face 0.088852756 174 368 205 418
face 0.08884983 325 -89 443 132
face 0.08883103 159 173 190 232
face 0.08877177 377 103 413 177
face 0.08867731 536 464 579 542
face 0.08852194 386 63 425 119
face 0.088498704 59 10 91 53
face 0.08849471 905 502 933 553
face 0.08841263 122 185 172 279
face 0.0884039 344 91 388 172
face 0.0883811 403 17 433 80
face 0.088278666 201 369 235 443
face 0.08826349 622 424 651 472
face 0.088256545 513 5 550 62
face 0.08824217 95 288 223 531
face 0.08816057 423 126 457 193
face 0.088112704 186 374 213 422
face 0.08810577 167 186 210 266
face 0.08808034 220 324 269 402
face 0.0880765 6 278 34 351
face 0.08807206 19 301 50 390
face 0.08800935 867 503 898 555
face 0.08795502 149 391 182 460
face 0.08781837 687 367 734 441
face 0.08781608 369 -1 484 221
face 0.08778929 674 417 715 473
face 0.08778907 180 383 208 448
face 0.08777094 922 451 955 510
face 0.087747075 55 300 81 353
face 0.08771388 149 276 186 341
face 0.08763142 474 276 546 374
face 0.087592095 555 430 592 492
face 0.0875797 542 401 583 463
face 0.087557845 470 202 502 255
face 0.08733877 849 504 880 554
face 0.087182865 69 393 119 472
face 0.08713862 52 220 85 290
face 0.087085344 677 456 741 530
face 0.08706617 489 346 572 430
face 0.08699971 169 216 214 298
face 0.08699956 436 -82 553 136
face 0.08694388 376 162 414 221
face 0.08683929 7 -4 48 51
face 0.08683368 304 0 411 189
face 0.0868233 244 328 298 401
face 0.086809166 937 2 975 83
face 0.08680255 829 504 859 556
face 0.08675733 410 37 443 100
face 0.086742334 569 498 606 558
face 0.08669088 401 55 434 128
face 0.08667303 31 298 60 366
face 0.0865781 212 322 245 375
face 0.08654935 544 394 658 622
face 0.086527765 665 381 704 443
face 0.08650989 942 433 984 511
face 0.086426064 202 330 231 377
face 0.086258784 28 7 59 57
face 0.086258076 10 397 65 505
face 0.086256005 152 341 182 398
face 0.08615208 144 368 178 425
face 0.086066395 125 129 156 189
face 0.086005524 154 139 179 185
face 0.08581884 412 119 513 338
face 0.085755296 588 432 618 488
face 0.08564146 940 462 978 532
face 0.08558219 681 391 724 461
face 0.08556291 142 290 179 363
face 0.08555416 501 143 536 207
