face 0.99999547 437 562 1091 1493
face 0.118884504 38 253 1573 1886
face 0.11127157 626 1813 789 2047
face 0.1106753 615 105 871 501
face 0.10157689 1575 2092 1681 2230
face 0.090872765 226 444 339 765
face 0.08652389 867 1825 1020 2023
face 0.0858591 1369 1611 1521 1806
face 0.08357577 810 1788 980 1955
face 0.08274098 45 713 253 1182
face 0.0821071 1376 1373 1606 1690
face 0.08011717 589 1861 812 2140
face 0.07985223 931 1693 1151 2072
face 0.07979045 542 1828 718 2017
face 0.07964989 1231 1394 1413 1560
face 0.07949489 676 1667 890 1981
face 0.07937377 1576 1898 1666 2109
face 0.0791277 709 1728 1145 2123
face 0.07905637 1068 1500 1208 1748
face 0.078971624 1086 1650 1197 1999
face 0.0787572 823 1827 1068 2103
face 0.07871254 1580 -20 1657 151
face 0.078212105 681 1827 929 2115
face 0.0781991 1575 1860 1678 2000
face 0.07787328 945 1530 1159 1869
face 0.0778467 918 1752 1083 1991
face 0.07705265 1274 -14 1372 124
face 0.0769962 -23 1269 57 1535
face 0.07689925 -27 -38 80 129
face 0.07681626 667 1767 823 2002
face 0.07632953 1409 1660 1555 1855
face 0.07617872 1109 888 1463 1269
face 0.076045714 731 1831 871 2023
face 0.07552405 1583 1265 1672 1461
face 0.07532279 1586 2038 1675 2157
face 0.075124644 97 1846 295 2143
face 0.07490726 509 1694 655 1955
face 0.07479169 -31 3 84 281
face 0.074487075 201 485 298 781
face 0.07436686 1577 1800 1685 1944
face 0.07435466 893 1583 1045 1810
face 0.074308455 779 1711 921 1924
face 0.0742299 1105 1465 1240 1697
face 0.07417485 1259 1642 1397 1886
face 0.07407313 1527 2094 1633 2230
face 0.07392012 308 1059 424 1379
face 0.07381061 344 1616 558 1983
face 0.07378232 939 1649 1088 1881
face 0.07375417 1186 1442 1346 1600
face 0.07346711 1022 1800 1157 2050
face 0.07281556 728 1929 889 2131
face 0.07278953 1583 1231 1680 1363
face 0.07269275 33 1908 185 2146
face 0.07258809 1317 1246 1584 1548
face 0.072466336 1038 1355 1253 1720
face 0.07229066 -19 1752 54 1991
face 0.072247475 1072 1853 1204 2105
face 0.072173186 1313 -19 1401 132
face 0.07187019 1328 1669 1475 1872
face 0.071682625 1207 1476 1333 1675
face 0.071678326 1080 1524 1271 1885
face 0.07142575 1430 1980 1553 2189
face 0.07132641 420 20 924 577
face 0.071311586 1396 1535 1582 1738
face 0.071238436 1133 1558 1234 1838
face 0.07123721 345 992 463 1329
face 0.07117774 1524 1954 1619 2136
face 0.07113669 1290 1616 1435 1819
face 0.070772566 1173 1457 1288 1708
face 0.07077207 802 1669 977 1851
face 0.07076062 774 1847 923 2009
face 0.07074584 -1 -35 148 114
