face 0.99999046 224 7 911 1054
face 0.12238899 984 1445 1214 1717
face 0.113158464 1025 1484 1182 1633
face 0.11261478 1024 1458 1089 1547
face 0.10405425 907 1355 966 1469
face 0.0896665 1077 1462 1137 1543
face 0.08939935 1112 1467 1170 1546
face 0.08783132 1065 1430 1133 1508
face 0.08701964 1018 1424 1094 1511
face 0.086549856 -13 783 79 1024
face 0.085319094 1064 1488 1160 1593
face 0.08387197 933 1380 997 1482
face 0.08357965 828 1147 1038 1527
face 0.08281668 878 375 1059 778
face 0.082248725 228 163 471 500
face 0.08186183 -22 618 80 869
face 0.08058556 1107 1428 1170 1505
face 0.0796124 327 855 551 1033
face 0.079179406 984 1383 1047 1477
face 0.07912189 983 1459 1048 1548
face 0.07876037 1195 1475 1252 1597
face 0.07828348 370 371 516 608
face 0.078081295 1153 1464 1205 1545
face 0.077707976 1144 1484 1202 1588
face 0.07769151 1111 1377 1175 1473
face 0.07712137 931 1428 993 1520
face 0.076828755 1446 1826 1537 2018
face 0.07669992 1149 1370 1216 1476
face 0.07666739 1012 1456 1136 1564
face 0.076470576 813 801 888 1000
face 0.07540495 1024 1378 1091 1475
face 0.07537058 -14 881 75 1131
face 0.07501721 1580 -27 1660 151
face 0.07499286 901 1412 958 1518
face 0.07490379 -13 -13 58 133
face 0.074893825 563 1053 843 1403
face 0.074624285 1056 1395 1139 1477
face 0.07436364 845 1294 923 1457
face 0.07430917 1005 1478 1102 1620
face 0.07423911 473 1993 616 2116
face 0.07352277 1399 1820 1506 2021
face 0.073500864 943 1459 1023 1575
face 0.07343903 878 1407 938 1533
face 0.073216446 913 59 1027 373
face 0.073012955 1292 -14 1356 70
face 0.07283815 273 112 475 302
face 0.07252864 209 1164 342 1375
face 0.07240665 979 1428 1052 1511
face 0.07240071 427 360 557 640
face 0.07237453 912 393 1013 631
face 0.072338656 231 939 347 1082
face 0.072038345 120 954 257 1172
face 0.07198716 306 901 462 1095
face 0.07196756 43 -6 148 103
face 0.07161811 231 1010 344 1267
face 0.07153361 1143 1422 1205 1506
face 0.07141226 412 295 586 467
face 0.071076185 888 1384 949 1476
face 0.07104654 978 1336 1062 1443
face 0.07097815 932 1332 1009 1443
face 0.0708139 -24 759 92 900
face 0.07072667 768 2084 935 2244
face 0.07068896 379 335 618 699
face 0.07068895 573 1378 741 1545
face 0.0706814 1275 65 1362 358
face 0.07059025 3 905 121 1216
face 0.07049386 878 -17 997 101
face 0.07044392 922 1414 972 1497
face 0.07029257 879 1186 976 1415
face 0.07022028 483 2100 611 2231
face 0.069860585 -8 535 123 844
face 0.069828145 1290 15 1342 124
face 0.069817655 898 1162 1155 1537
face 0.069784895 901 1811 1059 1950
face 0.069749154 1357 1779 1466 2000
face 0.0697243 1442 1687 1528 1938
face 0.06953714 298 890 421 1016
face 0.069383636 621 2101 759 2242
face 0.0693322 1010 1588 1199 1768
face 0.069241606 1309 1806 1403 1965
face 0.06921669 1485 1788 1588 2087
face 0.06919641 1254 -11 1323 77
face 0.06919482 1396 1542 1500 1845
face 0.06918384 1245 1371 1566 1738
face 0.06916519 -16 85 60 267
face 0.06916108 1283 31 1351 206
face 0.0691573 1183 1485 1273 1719
face 0.069143176 1099 1802 1252 1952
face 0.0690679 1351 1315 1458 1594
face 0.069047555 1013 1330 1101 1441
face 0.06899436 1278 1852 1363 1998
face 0.06899189 -23 335 262 718
face 0.068917334 1100 1327 1182 1435
face 0.06874192 1332 -16 1407 77
face 0.06871077 976 1805 1144 1949
face 0.06868346 14 70 111 280
face 0.06865888 821 24 1021 406
face 0.0685928 1383 -133 1625 343
face 0.06825302 886 14 1024 170
face 0.06822899 1369 16 1536 188
face 0.068173274 818 1821 952 1943
face 0.06813809 945 1304 1173 1612
face 0.06811811 1316 33 1402 184
face 0.06801194 915 207 1022 531
face 0.067858316 1400 1427 1497 1713
face 0.06781065 879 286 992 583
face 0.06781009 1487 1711 1578 1956
face 0.067760654 267 1007 394 1243
face 0.067760386 485 2048 613 2152
face 0.06774305 830 1186 931 1418
face 0.06773127 1266 1827 1349 1933
face 0.06772019 831 -14 938 126
face 0.06769599 1141 1314 1230 1435
face 0.06756908 912 987 1035 1263
face 0.067457095 861 1364 925 1513
face 0.06744846 583 1277 760 1445
