face 0.99964976 458 990 1113 1834
face 0.1338259 47 318 1909 2245
face 0.12567143 725 1312 1064 1727
face 0.12384461 774 1100 1115 1519
face 0.12103728 1534 1819 1855 2225
face 0.12041987 1506 652 1931 1116
face 0.10683024 268 1114 512 1551
face 0.10429348 1283 1814 1566 2301
face 0.09508363 669 1033 891 1295
face 0.09112915 297 -105 1804 698
face 0.08972525 536 958 847 1331
face 0.08958663 277 1431 439 1691
face 0.08205457 1369 1463 1710 1887
face 0.08150468 509 955 658 1085
face 0.08122953 470 982 660 1146
face 0.08050958 717 1491 1033 1875
face 0.07992058 962 1795 1229 2231
face 0.07719945 1660 1244 1807 1587
face 0.07582784 327 1139 482 1420
face 0.07536526 1389 1185 1823 1660
face 0.07493361 1036 1362 1185 1789
face 0.07491329 262 1792 413 2112
face 0.074835114 -8 2519 128 2686
face 0.07433635 1087 1404 1367 1875
face 0.07422866 405 923 722 1259
face 0.0734907 167 1366 430 1793
face 0.07316222 256 1263 439 1559
face 0.07302026 238 2082 366 2324
face 0.0729986 1425 1003 1785 1463
face 0.072475724 272 2004 409 2247
face 0.072260305 119 2027 378 2522
face 0.071902215 60 2507 242 2703
face 0.071842104 764 -80 1918 453
face 0.07184049 112 1819 599 2198
face 0.07183542 1587 527 1939 929
face 0.0714963 1113 1502 1333 1757
face 0.071437635 312 1973 473 2258
face 0.07139178 1613 1677 1912 2143
face 0.071205914 1316 1671 1852 2054
face 0.07115881 1414 1406 1918 1779
face 0.07105387 950 1900 1167 2160
face 0.07101696 157 1571 427 2079
face 0.07095957 431 1176 683 1715
face 0.07089814 469 1154 624 1568
face 0.07073223 -7 2450 117 2597
face 0.07061655 251 1950 362 2184
face 0.070388205 310 1524 460 1941
face 0.070374034 268 1178 419 1401
face 0.07015633 920 1310 1173 1811
face 0.07015431 -26 2299 82 2576
face 0.07015415 1472 824 1907 1282
face 0.07009946 1481 1114 1962 1502
face 0.070036665 369 1417 500 1811
face 0.06995875 615 1100 959 1539
face 0.069709346 1894 1945 2022 2130
face 0.069474265 165 2164 318 2460
face 0.06923466 966 1103 1774 1904
face 0.06916396 1886 440 2016 603
face 0.068993546 190 2093 298 2360
face 0.06891314 201 1206 370 1376
face 0.06888867 1074 1393 1256 1747
face 0.068882406 873 1695 1093 2157
face 0.068345584 365 1087 520 1359
face 0.06830633 571 943 715 1158
face 0.068218485 1699 1328 1851 1652
face 0.06815002 781 1108 1057 1338
face 0.06803455 1871 -44 2017 124
face 0.06795263 820 891 1115 1321
face 0.067881964 143 1254 344 1442
face 0.0678409 56 1171 203 1437
face 0.06781942 211 1253 364 1536
face 0.06781197 115 1969 240 2286
face 0.06780736 325 2127 567 2375
face 0.06779516 1415 1102 1673 1355
face 0.06778636 310 1330 455 1631
