face 0.99984515 75 106 410 600
face 0.14689 215 313 577 834
face 0.12053752 119 75 658 921
face 0.11694018 509 899 559 956
face 0.109834984 520 924 570 988
face 0.09907974 -6 -13 40 51
face 0.089924864 543 930 587 987
face 0.087763436 485 930 526 987
face 0.087749325 370 248 463 431
face 0.08738366 0 131 79 297
face 0.08560944 11 -11 89 51
face 0.08438455 440 41 529 223
face 0.08419796 535 914 568 958
face 0.081771664 399 292 464 406
face 0.08077369 136 588 193 709
face 0.08044797 278 44 445 214
face 0.07813958 2 5 100 77
face 0.07809809 405 76 454 159
face 0.0778415 436 59 499 183
face 0.0775075 296 -16 374 52
face 0.07740782 -74 880 121 1015
face 0.07717187 530 895 571 939
face 0.07623468 405 308 489 467
face 0.076190755 571 933 616 990
face 0.07568731 56 155 160 322
face 0.075606704 446 218 489 369
face 0.075301394 106 309 179 427
face 0.075094365 698 705 746 842
face 0.07499919 421 72 475 169
face 0.07446435 380 59 437 141
face 0.07384397 503 911 538 956
face 0.07373958 151 606 211 734
face 0.073636 422 256 475 394
face 0.07340006 142 535 230 609
face 0.07275711 261 -14 339 48
face 0.07248083 534 -7 566 34
face 0.07244237 696 -14 746 44
face 0.07175704 677 691 722 852
face 0.071687356 550 -7 589 37
face 0.071316466 455 -6 544 168
face 0.07117632 -10 838 27 966
face 0.07103746 121 587 174 665
face 0.07073178 -63 -25 130 89
face 0.07060401 321 -19 512 392
face 0.07040688 353 6 632 297
face 0.07038031 542 877 576 927
face 0.0699697 704 761 747 890
face 0.069836065 43 90 141 274
face 0.06953505 -7 905 39 966
face 0.06948284 39 155 105 269
face 0.069076106 397 33 459 100
face 0.06860683 214 -17 303 51
face 0.06855755 513 0 540 58
face 0.068446144 357 28 456 174
face 0.06834307 565 914 604 957
face 0.06823304 100 566 150 638
face 0.06810128 309 4 391 78
face 0.06808191 321 20 422 164
face 0.06801113 69 215 137 332
face 0.067827016 118 570 179 631
face 0.06772447 279 -45 382 88
face 0.06765558 -1 931 46 995
face 0.06762812 197 635 284 717
face 0.06756263 549 567 582 651
face 0.06735447 409 538 458 617
face 0.06723806 447 170 491 302
face 0.06719532 421 518 481 585
face 0.06716332 12 565 89 640
face 0.06715079 512 885 546 928
face 0.067150734 461 246 511 398
face 0.06707009 438 258 490 332
face 0.06706255 688 744 763 915
face 0.06702999 628 641 694 713
face 0.06702225 360 65 421 160
face 0.06699251 507 914 550 992
face 0.06686005 382 84 438 185
face 0.0668125 162 609 245 690
face 0.066802904 439 118 502 205
face 0.06660632 17 147 89 238
face 0.06654999 77 565 134 641
face 0.06646974 531 869 561 917
face 0.06643843 352 27 429 109
face 0.06643321 215 337 332 504
face 0.066333205 463 207 508 335
face 0.06621395 79 443 137 549
