face 0.95569247 189 72 258 168
face 0.8652631 317 69 384 156
face 0.12696588 367 268 442 362
face 0.124651484 337 141 415 217
face 0.11417702 383 281 433 341
face 0.1112711 425 1 503 54
face 0.11117817 320 220 365 276
face 0.09747298 176 254 223 326
face 0.09589386 199 187 238 255
face 0.09461915 199 178 230 223
face 0.09349674 180 290 224 343
face 0.09252542 251 5 323 68
face 0.09244851 255 19 297 56
face 0.092013255 180 200 225 276
face 0.09152632 288 190 338 235
face 0.091436155 356 143 403 196
face 0.09086443 209 185 242 219
face 0.090430126 167 179 206 239
face 0.08929309 273 14 313 61
face 0.08885774 372 268 415 323
face 0.08875737 374 203 415 267
face 0.08873011 371 176 413 240
face 0.08870825 303 57 377 124
face 0.08797572 169 144 242 220
face 0.08712781 208 286 255 356
face 0.08678087 185 166 226 220
face 0.08645547 132 267 204 342
face 0.08612444 440 16 486 51
face 0.085804455 290 197 362 267
face 0.08575365 206 47 282 115
face 0.085522644 360 274 400 318
face 0.08548808 181 301 254 372
face 0.08511097 454 2 521 34
face 0.08449933 151 180 216 259
face 0.084315665 347 126 399 158
face 0.084183566 358 183 401 251
face 0.084072284 330 111 386 159
face 0.08401495 165 245 210 305
face 0.08393097 202 143 248 182
face 0.08385669 145 293 193 338
face 0.08384178 202 4 229 28
face 0.08346973 163 295 210 337
face 0.08337156 157 209 268 275
face 0.083344504 348 275 420 340
face 0.0826028 239 12 274 29
face 0.082585916 195 241 233 303
face 0.08240814 188 0 216 27
face 0.08181381 239 25 289 72
face 0.08174505 241 20 279 40
face 0.081614986 231 23 273 52
face 0.08121769 145 178 188 246
face 0.08104069 392 207 428 270
face 0.0808973 592 183 621 221
face 0.08045633 221 8 245 28
face 0.0802764 162 163 210 218
face 0.07998075 99 224 170 297
face 0.079543695 196 151 238 198
face 0.07931814 234 185 271 218
face 0.07918133 363 225 398 276
face 0.07914553 148 229 190 290
face 0.07911478 404 267 448 324
face 0.078986526 310 51 357 101
face 0.078571536 226 75 301 146
face 0.07856302 272 34 316 79
face 0.078475185 601 166 628 187
face 0.078313045 218 2 246 21
face 0.07805532 194 273 233 340
face 0.07804125 163 148 207 187
face 0.07801422 593 163 619 196
face 0.0778429 216 14 251 35
face 0.07781511 428 -3 475 20
face 0.07780296 376 239 413 287
face 0.0777897 239 53 289 99
face 0.07776602 306 179 349 229
face 0.07775966 428 3 485 33
face 0.0776866 589 -4 618 28
face 0.077665284 604 177 630 199
face 0.07759854 289 13 332 63
face 0.0775102 183 124 230 176
