face 0.9999126 147 132 565 760
face 0.9998254 476 -12 544 47
face 0.32494214 312 364 399 558
face 0.2657092 140 664 192 788
face 0.12540007 153 650 210 755
face 0.11395393 160 638 234 722
face 0.10905207 419 436 525 616
face 0.10264393 214 424 333 574
face 0.10176026 154 695 214 800
face 0.09743592 424 181 534 333
face 0.09335852 186 648 254 766
face 0.08997135 198 584 299 673
face 0.087005906 325 320 386 441
face 0.08258839 19 -13 221 417
face 0.08199809 435 649 533 826
face 0.08170911 26 -10 76 43
face 0.079417884 482 4 564 72
face 0.07939734 696 -14 746 44
face 0.07805068 454 -47 559 80
face 0.07783963 271 151 364 226
face 0.07776572 606 542 712 714
face 0.0777036 418 507 489 627
face 0.07483576 561 268 608 427
face 0.07358084 147 620 220 693
face 0.07248554 203 336 330 488
face 0.07226271 334 433 407 562
face 0.07221332 612 726 802 862
face 0.07191626 432 -15 510 48
face 0.071804084 135 594 231 740
face 0.07121184 -72 878 122 1013
face 0.07081379 186 336 283 421
face 0.069749184 477 -10 675 406
face 0.06957063 498 396 764 710
face 0.06931714 -4 -11 26 58
face 0.068622254 269 -31 461 95
face 0.06858977 -1 930 46 995
face 0.06854252 10 0 122 151
face 0.06849519 505 24 576 99
face 0.06846258 702 720 745 842
face 0.06833378 618 621 808 758
face 0.068240225 218 761 297 845
face 0.068203785 13 9 82 79
face 0.06811072 120 651 173 751
face 0.06779423 105 -13 181 50
face 0.06769504 152 594 220 667
face 0.0676089 522 83 607 254
face 0.067570925 -7 905 39 966
face 0.06753819 579 234 630 401
face 0.06748241 310 357 363 505
face 0.067427315 184 735 258 817
face 0.06727728 498 106 553 241
face 0.06709766 542 148 630 335
face 0.06684674 377 463 440 576
face 0.06670622 9 638 90 719
face 0.06667918 293 505 383 592
face 0.06666175 456 660 560 917
face 0.06638807 520 103 572 236
face 0.06636007 11 -9 54 40
face 0.06626977 141 381 244 567
face 0.066264175 137 387 192 542
face 0.0662493 580 601 696 749
face 0.06615097 526 374 609 574
face 0.06599382 -3 564 108 726
face 0.06596041 157 143 253 312
face 0.06595362 618 675 805 812
face 0.065886445 44 579 160 723
face 0.06584391 580 101 623 199
face 0.06564238 548 -108 745 272
face 0.06564056 255 153 373 286
face 0.065453045 700 856 742 963
face 0.065406315 578 714 728 883
face 0.06533235 -49 -40 108 103
face 0.06530376 513 -10 579 46
face 0.065213725 354 452 431 543
face 0.06515635 534 460 643 641
face 0.06510673 -10 841 29 965
face 0.06508453 526 577 642 725
face 0.06506127 260 782 331 888
face 0.06498525 172 710 231 835
face 0.064976886 122 410 174 521
face 0.06477687 441 235 556 429
face 0.06474578 704 769 746 895
face 0.06470479 481 669 535 835
face 0.0646611 259 270 368 407
face 0.06466065 678 336 763 511
face 0.06465694 402 489 463 609
face 0.064654656 395 -92 602 266
face 0.06460695 365 -17 457 55
face 0.06460615 300 128 385 205
face 0.064588636 600 0 713 154
