face 0.99924374 831 437 1481 1362
face 0.123269714 41 271 1598 1895
face 0.120376624 819 192 879 312
face 0.112206586 793 181 854 322
face 0.1049333 859 191 912 324
face 0.10449423 167 170 216 295
face 0.1041394 276 147 321 246
face 0.10392845 297 131 352 243
face 0.102078475 296 89 351 189
face 0.101862945 121 100 195 287
face 0.101192564 833 240 880 347
face 0.100814976 193 202 233 303
face 0.10062911 219 194 261 298
face 0.10026879 766 170 835 334
face 0.09999604 975 155 1040 267
face 0.09990218 331 87 391 191
face 0.09961181 842 209 892 310
face 0.099289045 262 162 312 284
face 0.09881792 265 201 319 327
face 0.09877946 318 48 377 138
face 0.09857123 228 171 267 260
face 0.09854857 930 155 996 299
face 0.09838382 563 68 687 326
face 0.09808595 814 252 866 356
face 0.09803826 705 73 878 417
face 0.0971766 286 190 356 348
face 0.096898854 881 191 937 310
face 0.096754745 297 54 355 150
face 0.09623439 338 144 395 259
face 0.09600938 810 2014 953 2175
face 0.095986255 553 1564 825 1848
face 0.095795095 366 158 420 254
face 0.095143184 887 151 963 299
face 0.0948605 785 717 897 1014
face 0.094387546 91 27 274 382
face 0.09421059 273 44 315 126
face 0.09398533 254 104 298 188
face 0.093917415 228 110 273 204
face 0.09368783 307 18 358 100
face 0.09260568 282 60 330 144
face 0.09249729 278 21 323 95
face 0.09245258 1011 160 1077 279
face 0.09235724 194 161 237 249
face 0.09232613 244 221 283 301
face 0.09170431 218 38 259 122
face 0.09157758 713 156 801 342
face 0.09149187 212 139 257 242
face 0.09140732 250 164 288 243
face 0.09125187 498 167 921 846
face 0.091249004 815 291 875 424
face 0.09123803 159 111 217 221
face 0.09099524 274 85 446 465
face 0.09090617 557 152 643 314
face 0.09052037 173 39 218 126
face 0.09047774 268 247 368 486
face 0.09043043 238 264 292 364
face 0.090372324 227 14 271 89
face 0.09026308 213 253 270 381
face 0.090240024 146 183 198 312
face 0.09020948 126 28 178 127
face 0.090189196 338 191 403 339
face 0.09005793 756 331 860 539
face 0.09003436 864 252 919 353
face 0.08997361 264 -2 458 309
face 0.08996099 957 182 1034 311
face 0.08985339 268 242 332 392
face 0.089578934 771 233 836 386
face 0.08953239 784 296 850 434
face 0.08950262 831 1310 1065 1675
face 0.08947947 182 261 237 380
face 0.08943134 230 331 343 560
face 0.08937543 187 288 275 463
face 0.0892656 203 36 373 371
face 0.088958114 977 110 1051 210
face 0.088901825 695 255 888 624
face 0.08880841 346 35 397 128
face 0.08879048 270 80 318 179
face 0.08841788 382 123 445 239
face 0.0880968 179 100 237 201
face 0.08809073 324 2 387 85
face 0.08796432 1083 14 1254 176
face 0.08794194 890 214 966 374
face 0.08786874 310 201 373 313
face 0.0877919 231 65 276 148
face 0.087763734 872 90 1061 440
face 0.087717995 354 30 441 152
face 0.08769985 789 146 872 283
face 0.08766509 798 133 971 485
face 0.08766227 398 166 456 279
face 0.08765082 240 40 890 676
face 0.08756754 943 119 1012 235
face 0.08749242 178 15 225 92
face 0.0872875 246 4 300 80
face 0.08721259 150 85 318 454
face 0.086939625 255 463 357 616
face 0.086780824 108 58 189 222
face 0.08662221 823 150 896 267
face 0.08653908 215 94 259 190
face 0.086494416 837 278 912 431
face 0.08641283 319 233 399 414
face 0.08582022 38 9 98 132
face 0.08566326 181 460 328 624
face 0.08562279 1 -5 68 111
face 0.0855805 147 -1 214 84
face 0.0854558 751 785 934 1104
face 0.085358545 274 245 457 575
face 0.084984 1300 10 1495 150
face 0.084943846 27 -9 211 416
face 0.08468051 414 141 709 689
face 0.08432389 387 169 455 373
face 0.084061466 429 1418 628 1774
face 0.08383698 689 295 807 571
face 0.08362622 368 199 429 310
face 0.08356847 190 0 249 80
face 0.083436035 464 10 803 336
face 0.08338802 920 213 1020 399
face 0.08331658 1150 1647 1383 2010
face 0.08317499 66 -3 138 89
face 0.08311417 376 89 456 196
face 0.083083026 456 1250 584 1464
face 0.08301819 708 -7 805 131
face 0.08301208 139 282 243 472
face 0.08279952 81 75 165 323
face 0.08273972 402 21 500 158
face 0.08268107 1075 -30 1236 118
face 0.0826499 651 1071 862 1442
face 0.08246805 1408 1184 1630 1591
face 0.08236041 89 19 147 129
face 0.08226543 161 50 430 582
face 0.08218169 670 703 877 1061
face 0.08204709 483 86 778 529
face 0.08175058 128 42 209 152
face 0.081663296 188 52 243 137
