face 0.9978908 387 1232 824 1789
face 0.12037412 555 1291 823 1691
face 0.117242254 111 1685 228 1952
face 0.1129626 140 1625 256 1879
face 0.111103065 307 806 529 1508
face 0.09992464 105 1554 284 1952
face 0.097400755 -2 -17 69 128
face 0.09012373 42 1664 227 2040
face 0.08777525 70 1614 200 1883
face 0.08750232 386 1796 647 2208
face 0.08681668 153 1409 346 1800
face 0.08659781 117 1366 226 1705
face 0.086145535 1438 249 1497 372
face 0.08583856 206 1717 307 1909
face 0.08500325 1421 269 1474 433
face 0.083575666 1376 273 1431 446
face 0.08332011 104 1543 232 1808
face 0.083073154 511 786 743 1160
face 0.08212913 226 1462 359 1750
face 0.081540346 1411 -8 1474 161
face 0.08101035 158 1289 265 1623
face 0.07937506 1370 133 1431 303
face 0.0790765 558 1537 783 1968
face 0.078879915 1055 623 1233 825
face 0.07839629 383 846 492 1124
face 0.07818696 160 1643 351 2005
face 0.07818062 212 205 474 755
face 0.07763221 1112 399 1201 523
face 0.07742895 34 403 338 956
face 0.07725694 1244 754 1418 975
face 0.07714944 77 1447 190 1758
face 0.076901466 1158 278 1221 374
face 0.076569945 1365 14 1429 167
face 0.076423444 1428 387 1490 510
face 0.076098755 596 -42 670 172
face 0.07595664 419 717 518 995
face 0.0756597 1335 -13 1416 102
face 0.07564726 1369 -14 1447 104
face 0.07561985 178 1493 323 1719
face 0.07546397 314 1340 418 1710
face 0.07524888 396 1605 638 1955
face 0.07522254 1102 517 1207 654
face 0.075025536 268 1371 386 1703
face 0.07502495 1103 466 1199 591
face 0.07502419 146 1787 272 2066
face 0.074660435 928 392 998 517
face 0.07450745 1128 277 1192 375
face 0.074380144 1097 117 1190 242
face 0.074218795 195 1216 304 1564
face 0.0741729 340 1595 487 1852
face 0.07406129 1111 222 1170 326
face 0.07403184 19 -6 95 174
face 0.07397374 309 1246 430 1556
face 0.07386573 1334 14 1397 156
face 0.07386357 1373 193 1428 361
face 0.07377257 1415 399 1471 566
face 0.073730975 603 935 744 1170
face 0.07372261 1144 224 1203 323
face 0.07370057 271 1082 378 1421
face 0.073529586 1075 1547 1199 1792
face 0.0733452 1150 1517 1260 1796
face 0.07305951 1433 187 1492 306
face 0.07303998 233 1149 340 1497
face 0.072999895 955 -12 1030 98
face 0.072950825 553 -48 635 181
face 0.07288914 1416 129 1475 301
face 0.07285867 672 922 937 1407
face 0.07268272 1297 139 1353 286
face 0.07267034 1202 274 1260 370
face 0.07264983 464 716 572 1006
face 0.07230439 1420 201 1473 365
face 0.07226774 1417 1326 1500 1479
face 0.072205156 1401 254 1449 365
face 0.07215258 1345 115 1415 246
face 0.072140515 603 1592 735 1922
face 0.0720959 474 1290 708 1521
face 0.07204118 1297 272 1350 442
face 0.07186265 -10 1659 93 1821
face 0.07176673 363 741 616 1308
face 0.07172515 1151 -29 1280 118
face 0.0716779 1147 304 1205 402
face 0.07166007 488 1411 739 1830
face 0.0715528 4 1537 124 1830
face 0.071540385 1259 275 1307 430
face 0.07153089 1423 112 1492 244
face 0.0714777 1263 153 1314 286
face 0.07143033 1108 257 1161 368
face 0.07138719 1371 394 1432 578
face 0.07138676 198 1560 302 1804
face 0.07135072 1165 124 1250 242
face 0.071349315 116 1794 233 2170
face 0.071274854 1433 324 1494 445
face 0.0712545 1346 183 1407 330
face 0.07115902 207 1671 314 1826
face 0.07115187 873 76 1001 262
face 0.071144 1053 -17 1157 110
face 0.07113842 1027 -14 1108 96
face 0.07092664 281 1710 444 1914
face 0.07090932 227 1789 446 2233
face 0.07087494 1186 219 1239 318
face 0.07083547 307 1597 423 1877
