face 0.9952643 312 162 421 325
face 0.14982967 626 251 667 337
face 0.12497321 15 117 708 841
face 0.12329509 322 566 405 642
face 0.116926335 615 231 653 335
face 0.114716224 573 58 718 363
face 0.09390512 704 559 743 661
face 0.09166598 605 264 653 377
face 0.09161126 617 214 654 287
face 0.091540396 626 301 662 380
face 0.0908044 645 305 678 372
face 0.090467036 681 216 716 343
face 0.0901638 657 274 693 366
face 0.089494236 706 498 745 610
face 0.08946036 627 155 694 226
face 0.08945425 595 231 624 327
face 0.08882887 441 571 497 678
face 0.088584706 632 206 682 310
face 0.08773712 423 526 477 629
face 0.08504259 616 239 690 379
face 0.08440922 304 326 403 472
face 0.08355748 683 525 760 686
face 0.082417406 702 235 736 328
face 0.08229098 685 187 763 365
face 0.08208972 665 -91 750 152
face 0.080948055 405 534 460 614
face 0.08027247 659 212 700 343
face 0.080148086 454 550 521 652
face 0.07998478 663 401 687 460
face 0.078821614 704 347 735 427
face 0.07845784 612 161 698 328
face 0.07828851 346 143 403 237
face 0.0782836 619 245 647 298
face 0.078272395 652 395 677 470
face 0.07826245 645 417 681 546
face 0.07823372 673 402 696 446
face 0.07790399 687 402 711 475
face 0.077813715 434 519 510 584
face 0.07769116 702 606 741 713
face 0.07763006 706 396 735 473
face 0.07761183 713 398 744 449
face 0.07742965 635 280 679 349
face 0.07736586 407 513 499 649
face 0.077287525 689 371 713 450
face 0.07708292 701 179 738 276
face 0.07686744 620 184 668 273
face 0.07680838 425 191 477 294
face 0.07678534 587 173 682 450
face 0.076636165 672 542 712 666
face 0.0763682 306 303 393 388
face 0.076367594 715 348 746 398
face 0.076295696 609 78 712 230
face 0.076038346 603 304 644 400
face 0.075744845 360 602 417 687
face 0.075630195 609 58 795 197
face 0.07541393 630 400 658 473
face 0.07534746 714 373 745 425
face 0.07528695 709 448 744 505
face 0.07518365 631 376 719 674
face 0.075075954 706 451 742 559
face 0.074807234 666 350 691 420
face 0.074434884 666 308 696 393
face 0.07443293 621 267 651 321
face 0.07440304 579 194 652 354
face 0.074285924 574 43 629 97
face 0.074284315 687 289 765 460
face 0.07421465 681 274 713 386
face 0.074037686 713 425 745 476
face 0.07391976 545 316 588 435
face 0.07386024 604 239 632 311
face 0.07381491 628 346 659 421
face 0.07371642 624 412 664 539
face 0.07366944 644 603 697 702
face 0.07366065 647 357 675 420
face 0.07355636 575 19 631 73
face 0.0733884 601 379 641 481
face 0.07334138 712 217 746 274
face 0.07329922 641 102 677 154
face 0.07308168 704 288 737 376
face 0.073056914 710 189 748 247
face 0.07287022 714 243 746 299
face 0.07286223 665 379 689 434
face 0.07284551 653 349 680 394
face 0.0728367 291 594 444 761
face 0.07267379 302 545 431 688
face 0.07267258 324 128 424 260
face 0.07261635 406 477 459 581
face 0.07242862 612 221 639 271
face 0.07231389 -1 798 104 958
face 0.07227193 709 622 746 683
face 0.07219956 700 110 736 201
face 0.07213528 645 130 687 187
face 0.07211231 376 128 440 220
face 0.07207989 676 380 699 421
face 0.07203963 388 610 435 706
face 0.071840264 684 423 711 513
face 0.071774684 671 349 698 395
face 0.071549594 154 287 250 458
face 0.071542785 707 163 745 221
face 0.07147113 652 443 687 505
face 0.071351446 629 143 773 310
