face 0.9998622 511 1147 1065 1964
face 0.12229336 296 1022 504 1472
face 0.12164932 1420 864 1474 1042
face 0.11479893 1439 867 1495 987
face 0.112500176 1434 933 1495 1057
face 0.11156698 496 1856 619 2165
face 0.10440409 996 1921 1123 2208
face 0.101602845 1415 923 1474 1120
face 0.086896844 1207 1869 1431 2299
face 0.08342124 1055 1415 1136 1739
face 0.081318505 976 1070 1141 1274
face 0.08124546 1056 1919 1191 2210
face 0.080916174 176 836 381 1296
face 0.08035224 1409 -33 1492 111
face 0.07970541 1038 1775 1157 2139
face 0.07843675 400 1049 548 1320
face 0.0781457 1430 1208 1494 1338
face 0.077674985 1421 1270 1490 1407
face 0.07658008 1353 1342 1438 1637
face 0.076083034 1361 1259 1434 1505
face 0.075837396 1405 1274 1471 1472
face 0.075248785 1426 1130 1496 1269
face 0.07405405 460 1000 593 1236
face 0.0739607 1437 793 1496 921
face 0.07374301 1421 802 1472 976
face 0.0737317 395 1330 495 1729
face 0.073639475 840 1270 1074 1734
face 0.073602155 398 1143 500 1515
face 0.07327915 1414 698 1477 924
face 0.0732103 1424 994 1493 1129
face 0.0730785 491 1560 630 1879
face 0.07285485 26 967 225 1395
face 0.07254713 308 999 438 1265
face 0.0724158 461 1821 570 2087
face 0.07239602 39 1490 149 1851
face 0.07239234 1419 1057 1493 1202
face 0.071885176 1410 1139 1474 1329
face 0.07183374 80 1494 191 1856
face 0.07179365 1398 25 1486 192
face 0.07167464 271 890 387 1243
face 0.071616635 1247 1527 1429 1948
face 0.071524665 38 1080 151 1441
face 0.071487 226 810 343 1168
face 0.071486115 1380 807 1429 972
face 0.07101253 19 2075 396 2465
face 0.071008526 1367 683 1432 928
face 0.07099192 1065 1831 1212 2057
face 0.07095281 1388 2186 1500 2386
face 0.07090869 -17 -37 48 161
face 0.07084162 1406 1591 1499 1761
face 0.070626356 158 1909 384 2285
face 0.070568636 340 1039 488 1237
face 0.07046597 324 1670 540 2111
face 0.07036113 434 1370 535 1781
face 0.070260145 108 2308 294 2541
face 0.070207246 1069 1083 1171 1278
face 0.07011944 223 1293 423 1766
face 0.07011083 79 1361 186 1703
face 0.06982631 1020 1999 1168 2308
face 0.069805734 268 1038 384 1379
face 0.069787495 1277 1606 1394 1884
face 0.06936276 975 995 1137 1170
face 0.069059044 1171 1893 1353 2135
face 0.069046386 1214 576 1420 964
face 0.06877102 1378 874 1432 1049
face 0.06865625 1079 1160 1169 1357
