face 0.99964404 466 1044 996 1832
face 0.11582695 1391 2329 1476 2566
face 0.112327754 1107 1912 1422 2369
face 0.11074674 329 147 710 533
face 0.11053123 962 867 1128 1071
face 0.088304766 312 1424 443 1693
face 0.08767595 286 38 505 455
face 0.08677613 1251 1577 1402 1782
face 0.08574102 376 1790 507 2094
face 0.08427661 275 1332 470 1756
face 0.082801856 364 1012 463 1360
face 0.08273491 59 1647 319 2105
face 0.081394345 4 846 90 1119
face 0.08048374 248 672 325 964
face 0.08022352 245 805 325 1118
face 0.07991971 307 1566 420 1784
face 0.07888178 343 817 402 1072
face 0.07876571 -5 2383 85 2573
face 0.07821599 278 1032 376 1405
face 0.077675104 852 1808 1199 2188
face 0.077424936 1 921 65 1067
face 0.07725239 1184 2031 1444 2513
face 0.07642923 22 806 84 1008
face 0.07589995 -21 2259 76 2546
face 0.07565555 1008 1643 1203 2080
face 0.07416543 373 -23 718 1125
face 0.07411225 65 660 298 1182
face 0.07395561 306 721 365 944
face 0.07347855 3 870 60 994
face 0.073300876 360 852 430 1007
face 0.07314551 270 1817 380 2106
face 0.07311093 123 1914 291 2390
face 0.073054925 -4 977 67 1132
face 0.07290853 312 1665 415 1977
face 0.07283351 427 804 532 1061
face 0.07269614 337 716 398 933
face 0.07247717 405 1617 492 1865
face 0.07181685 6 2295 181 2539
face 0.07160776 481 1367 741 1790
face 0.07153743 1125 1743 1336 2138
face 0.071435235 395 939 494 1257
face 0.07143492 6 804 65 924
face 0.071406394 314 1808 428 2094
face 0.07106386 353 1644 459 1991
face 0.07103128 449 282 709 865
face 0.070956364 292 982 453 1412
face 0.07091115 478 -247 893 717
face 0.070872806 281 772 351 940
face 0.070764914 416 11 739 414
face 0.07037341 1413 1874 1493 2024
face 0.07036393 214 1138 366 1610
face 0.07034908 195 614 367 1134
face 0.07016193 935 2026 1029 2359
face 0.06997214 643 1035 914 1393
face 0.06995594 -119 1941 248 2302
face 0.0698692 377 1270 488 1666
face 0.06978405 512 -134 788 301
face 0.069748774 481 749 628 958
face 0.06971002 655 2105 915 2535
face 0.069575384 241 962 331 1332
face 0.06957106 401 872 502 1110
face 0.06948732 311 842 370 1030
face 0.06948058 0 728 69 859
face 0.06936701 1213 1650 1382 1833
face 0.06936442 427 1598 537 1901
face 0.06927103 795 1808 1144 2497
face 0.06917351 303 720 449 1149
face 0.069110975 1238 2026 1407 2264
face 0.06906106 239 1661 611 2007
face 0.06891272 2 30 197 456
face 0.068909615 279 1442 391 1667
face 0.06876903 1403 1707 1480 1938
face 0.06870761 21 727 94 946
face 0.06870199 1389 2197 1492 2375
face 0.06867878 829 901 1110 1392
face 0.06848405 985 911 1190 1348
face 0.06847514 293 1535 406 1701
face 0.06841412 431 1426 521 1812
face 0.06839915 1417 1805 1496 1953
face 0.06836685 333 855 391 997
face 0.06827951 1385 -45 1497 125
face 0.06819833 647 -62 1062 976
face 0.06816111 1350 2279 1444 2558
