face 0.99916625 228 204 1240 1619
face 0.42209864 636 768 1677 2234
face 0.12031905 1352 2006 1484 2463
face 0.11518818 16 2206 304 2549
face 0.111877196 1179 1832 1492 2513
face 0.10625538 1311 2186 1466 2509
face 0.096788496 1403 1909 1522 2296
face 0.09030685 101 311 1939 2371
face 0.08943061 33 2304 163 2523
face 0.087696746 111 2204 348 2435
face 0.08731303 16 2456 93 2594
face 0.08698199 1682 1874 1901 2332
face 0.08695597 1301 1923 1451 2372
face 0.086903535 4 2260 82 2456
face 0.08688513 119 1815 424 2193
face 0.08625867 1220 -44 1432 139
face 0.08609994 17 2372 99 2521
face 0.08583011 1266 2124 1400 2488
face 0.085069284 1452 1852 1589 2255
face 0.08503619 177 2217 462 2569
face 0.08434276 1673 1792 1796 2180
face 0.084223084 1130 1120 1423 1534
face 0.08384978 1061 -5 1514 433
face 0.08373864 31 2259 123 2397
face 0.08372071 1391 1661 1553 1990
face 0.08369457 10 2521 109 2667
face 0.08285813 1623 1824 1757 2219
face 0.08272603 1455 1678 1601 1992
face 0.08227794 316 2199 461 2489
face 0.082266435 1662 1650 1902 2078
face 0.08161984 530 2064 664 2467
face 0.081426024 1394 1136 1552 1496
face 0.08141033 605 2047 824 2532
face 0.081053995 941 1950 1078 2305
face 0.08082086 1348 1796 1487 2247
face 0.08027019 1098 1820 1226 2131
face 0.08012857 51 2331 135 2460
face 0.08011624 1510 1671 1651 2025
face 0.080048785 1818 1742 1940 2105
face 0.07993201 886 1890 1035 2236
face 0.07943313 274 2427 432 2593
face 0.07938174 42 2410 143 2583
face 0.07928952 1260 1816 1390 2195
face 0.07925207 -23 -44 71 177
face 0.07918884 1294 1351 1450 1659
face 0.079097666 1565 1720 1695 2099
face 0.0789039 1716 1800 1859 2183
face 0.07884122 96 1620 365 2036
face 0.07877773 1038 1841 1179 2098
face 0.07856027 116 2314 311 2554
face 0.07849412 1248 1649 1402 1889
face 0.078135446 1149 122 1661 527
face 0.07777871 382 2170 466 2324
face 0.077694565 188 1899 377 2133
face 0.0775963 335 2140 444 2309
face 0.07735245 -29 1948 399 2384
face 0.07724915 988 1959 1141 2264
face 0.077219866 982 15 1297 427
face 0.077196375 1606 2022 1758 2308
face 0.076960236 594 2086 716 2434
face 0.07685374 201 2514 323 2673
face 0.07655501 49 -5 327 383
face 0.07640177 1401 1308 1541 1634
face 0.07638357 956 2001 1178 2492
face 0.076303214 16 2087 149 2358
face 0.07621178 1404 1034 1642 1453
face 0.076007985 1279 2277 1434 2479
face 0.075973496 1367 1570 1604 2322
face 0.07597261 1025 177 1638 1239
face 0.0759354 50 2518 155 2668
face 0.07589279 87 2513 207 2671
face 0.075884506 1505 1847 1643 2232
face 0.07575409 73 2145 189 2343
face 0.075482205 230 2188 416 2441
face 0.07535875 332 2093 434 2247
