face 0.9777068 628 477 1445 1223
face 0.12230304 34 268 1599 1888
face 0.11795836 549 630 1101 1260
face 0.1174322 280 442 1028 1303
face 0.111118644 11 631 603 1439
face 0.10291447 663 777 1183 1158
face 0.09942757 281 799 959 1545
face 0.095184155 92 1075 291 1279
face 0.094387725 -24 942 75 1180
face 0.09423553 321 247 914 1012
face 0.091874 7 1074 235 1436
face 0.089572206 -20 -40 69 105
face 0.089159 465 810 902 1139
face 0.08890516 306 692 516 1092
face 0.08857894 2 883 140 1129
face 0.088092804 920 463 1170 861
face 0.08755059 720 601 993 985
face 0.08663635 1366 16 1591 416
face 0.086215876 17 -27 131 93
face 0.08402352 447 465 693 773
face 0.083661 37 950 185 1176
face 0.081028506 223 656 335 986
face 0.080067754 -32 -3 73 178
face 0.07943602 658 736 876 1147
face 0.07866928 1222 1210 1410 1651
face 0.07810222 32 829 183 1073
face 0.07753831 522 913 1008 1252
face 0.07654551 662 577 773 856
face 0.07637203 211 555 728 1180
face 0.076362036 39 0 178 187
face 0.07635885 120 265 263 491
face 0.075841315 270 591 710 918
face 0.075820155 47 289 176 577
face 0.07574117 78 204 228 443
face 0.075412 -22 815 69 1071
face 0.075394474 -2 1251 568 2027
face 0.07528224 387 499 630 851
face 0.074834764 1380 1377 1585 1758
face 0.07405688 822 56 1409 847
face 0.073999204 567 820 778 1188
face 0.07380946 1310 1263 1496 1660
face 0.07328219 765 749 925 1015
face 0.07316848 1574 764 1681 912
face 0.073055096 895 1221 1670 1802
face 0.07299785 1580 -30 1681 97
face 0.07295782 58 -31 152 134
face 0.07284671 1585 637 1670 827
face 0.07282599 594 643 738 900
face 0.072551124 31 118 385 485
face 0.07221867 499 649 664 871
face 0.072064385 312 467 418 767
face 0.07196571 77 904 230 1121
face 0.071963936 113 114 261 310
face 0.0719558 271 547 373 887
face 0.071953885 1481 1026 1594 1341
