face 0.9999875 363 0 551 225
face 0.964711 52 48 220 260
face 0.12228412 546 1 623 96
face 0.1133716 49 89 137 182
face 0.101058245 94 38 554 445
face 0.09335809 432 83 538 178
face 0.09197199 388 92 461 188
face 0.09189908 77 55 172 149
face 0.09049447 113 137 207 239
face 0.08787259 424 6 511 82
face 0.08726511 293 286 340 367
face 0.08702202 298 302 367 399
face 0.08684496 619 425 661 480
face 0.086636186 328 349 369 426
face 0.085259415 65 128 157 215
face 0.08487892 570 153 645 244
face 0.0834909 308 275 355 357
face 0.08052834 361 396 402 467
face 0.0798475 534 -8 572 36
face 0.07769377 469 10 528 71
face 0.07755788 554 -6 592 39
face 0.07685776 346 338 384 419
face 0.07678002 525 1 597 82
face 0.07675413 518 -10 556 34
face 0.076729655 312 337 354 412
face 0.076101296 260 305 331 399
face 0.07579041 97 28 186 105
face 0.07574514 -6 445 34 484
face 0.07552826 333 360 399 453
face 0.07547073 288 362 335 416
face 0.07466189 568 -5 607 43
face 0.07465605 599 414 676 488
face 0.07463031 544 216 635 297
face 0.074173346 487 0 542 63
face 0.07337995 563 399 617 451
face 0.07314781 272 332 347 416
face 0.073078796 330 380 369 451
face 0.07263932 512 3 563 62
face 0.07255136 347 374 389 434
face 0.07251551 328 262 370 345
face 0.07239195 598 397 639 462
face 0.07237026 395 397 450 458
face 0.07227992 482 -7 523 40
face 0.07224208 501 -9 537 35
face 0.0722376 289 319 338 383
face 0.07204045 535 389 617 469
face 0.07203352 211 0 244 32
face 0.07189682 303 219 361 273
face 0.07183416 273 291 318 367
face 0.071619034 -49 -21 88 52
face 0.07159868 378 400 423 457
face 0.0715242 515 230 599 315
face 0.07144849 95 145 156 204
face 0.07141028 -9 408 29 471
face 0.07131258 530 -25 613 58
face 0.070970416 222 13 269 84
face 0.070838876 575 -1 630 76
face 0.070765674 187 -4 238 22
face 0.070741005 376 279 467 373
face 0.070631005 621 403 660 459
face 0.07062682 624 -8 657 34
face 0.070542514 3 440 54 483
face 0.070495114 457 -27 541 55
face 0.07001418 570 66 641 168
face 0.07001244 345 400 390 460
face 0.06977954 487 -34 570 81
face 0.06972143 423 399 508 472
face 0.069686785 473 167 562 263
face 0.06966758 560 193 645 273
face 0.06962157 -10 -11 22 32
face 0.06960574 330 421 372 478
face 0.069480956 575 445 631 482
face 0.06940894 268 347 321 406
face 0.069407955 363 352 401 431
face 0.0693641 361 72 437 177
face 0.069307245 154 307 243 405
