face 0.99584204 345 278 1010 1137
face 0.17170987 672 1541 790 1759
face 0.13080385 846 728 1161 1187
face 0.11270988 75 1000 145 1135
face 0.10657559 169 948 251 1115
face 0.09403204 663 1533 742 1649
face 0.09289137 118 1001 179 1123
face 0.08973696 138 973 198 1076
face 0.08849149 634 1529 685 1647
face 0.088434525 677 1497 746 1600
face 0.088421695 881 1246 1072 1443
face 0.08636028 843 1090 1091 1388
face 0.08535455 222 881 345 1077
face 0.08493385 163 961 227 1055
face 0.08485531 87 1062 148 1195
face 0.08453557 554 397 822 713
face 0.08353623 711 1466 788 1593
face 0.08272281 623 1320 713 1492
face 0.08193483 71 905 169 1020
face 0.080801845 649 1623 791 1824
face 0.080471255 612 1526 671 1681
face 0.07969202 651 1486 707 1585
face 0.079537444 643 1572 715 1690
face 0.079514235 109 1048 174 1195
face 0.07942826 20 953 429 1255
face 0.07917321 183 906 299 1190
face 0.079107836 261 825 374 1115
face 0.07841104 661 1329 764 1506
face 0.07827726 107 967 178 1064
face 0.07794249 97 81 216 334
face 0.07779239 1049 881 1241 1052
face 0.07777026 840 905 955 1106
face 0.077768356 60 109 169 305
face 0.07740064 980 896 1106 1027
face 0.077329 141 1014 206 1121
face 0.07724518 -15 224 71 443
face 0.07715362 -12 179 49 315
face 0.077108055 -17 104 52 255
face 0.07709536 686 1516 863 1856
face 0.07703306 89 1042 504 1347
face 0.07676568 295 462 366 633
face 0.07647938 756 1417 840 1581
face 0.076268055 795 848 997 1174
face 0.076226614 21 172 96 324
face 0.075706966 1111 817 1292 997
face 0.075637564 710 1544 785 1680
face 0.0751876 527 179 800 484
face 0.07478391 725 -19 873 110
face 0.07476942 612 1226 727 1440
face 0.07435107 671 1453 752 1563
face 0.07431895 605 1459 664 1580
face 0.07409677 657 1157 853 1482
face 0.07396449 11 861 196 1206
face 0.07396283 539 1522 740 1852
face 0.07389471 20 106 103 264
face 0.073876716 147 924 223 1016
face 0.073829524 747 1529 823 1720
face 0.07372867 930 892 1031 1036
face 0.07354244 833 1015 963 1242
face 0.07351792 183 1030 299 1306
face 0.073278695 700 1416 800 1559
face 0.07326548 687 19 882 174
face 0.073263824 303 432 425 729
face 0.073255114 1048 301 1157 556
face 0.07320544 949 865 1042 965
face 0.07318423 865 1084 1017 1301
face 0.07305528 69 907 240 1254
face 0.072764345 796 1019 1010 1363
face 0.07276155 23 939 117 1158
face 0.072757505 1588 364 1664 542
face 0.07262745 178 936 252 1036
face 0.07257032 21 1069 91 1189
face 0.07253553 913 988 1051 1139
face 0.07251635 1138 735 1263 948
face 0.071971245 87 1129 194 1321
face 0.07194894 225 836 344 974
face 0.07183817 982 712 1353 1089
face 0.07173081 701 1298 810 1509
face 0.07168678 1134 1095 1241 1351
face 0.0716818 823 1123 970 1347
face 0.07152949 514 1836 749 2016
face 0.07152802 1018 853 1257 1172
face 0.07146876 -6 1038 64 1251
face 0.07136398 694 1223 826 1434
face 0.07135244 922 805 1004 945
face 0.07131787 4 -15 208 339
face 0.07131018 479 272 708 474
face 0.07130812 1160 762 1499 1201
face 0.07127908 374 1912 442 2034
face 0.07115574 -21 17 61 200
face 0.07112138 152 1013 243 1230
face 0.070987105 590 48 834 241
face 0.0709643 1070 891 1419 1260
face 0.07090409 425 966 645 1157
face 0.07076049 -10 169 223 580
face 0.07055081 493 283 786 629
face 0.070522204 630 1576 742 1800
face 0.07046613 31 1044 107 1247
face 0.070390895 870 964 996 1169
face 0.070357256 595 602 889 957
face 0.07035016 411 1332 574 1504
face 0.07034681 602 670 799 873
face 0.07034406 163 889 242 984
face 0.07030906 53 179 159 373
face 0.07022047 1577 -30 1681 98
face 0.07018028 1375 1789 1612 2162
face 0.07016477 977 1224 1113 1462
face 0.070096344 176 1750 369 1902
face 0.07004207 140 1842 321 2005
face 0.06998202 789 1031 900 1333
