face 0.99983656 937 434 1556 1234
face 0.14736716 276 440 432 708
face 0.13888624 245 505 391 733
face 0.12665509 268 439 533 800
face 0.12619054 334 351 568 708
face 0.11503644 1836 427 1894 563
face 0.11139674 1886 420 1932 514
face 0.1032912 1860 416 1922 582
face 0.09919705 1817 397 1874 561
face 0.096936464 1972 391 2017 500
face 0.09665203 1889 459 1938 550
face 0.09637386 1736 343 1823 585
face 0.09517718 1981 2098 2120 2306
face 0.09425854 1786 907 2008 1297
face 0.09348924 1982 370 2023 454
face 0.092486426 1957 367 1998 442
face 0.09225951 394 24 611 452
face 0.09189683 1956 466 2027 613
face 0.09152527 1917 424 1964 506
face 0.090361506 2008 363 2049 438
face 0.08996732 2060 347 2125 447
face 0.0899256 1924 467 1980 561
face 0.089815475 1674 238 1876 675
face 0.08979956 2030 366 2088 493
face 0.08938332 918 57 980 149
face 0.08924376 1963 432 2012 523
face 0.089040205 410 97 521 375
face 0.08887739 1739 1567 2021 2007
face 0.08876594 2052 285 2119 388
face 0.08876286 946 190 1003 281
face 0.08857907 870 45 927 143
face 0.08841216 1904 445 1964 558
face 0.08715293 1891 374 1933 447
face 0.08711038 319 431 508 632
face 0.08692944 334 13 395 100
face 0.08649271 1910 383 1953 469
face 0.086417705 1803 474 1884 635
face 0.08638838 920 125 976 208
face 0.08636014 994 169 1061 268
face 0.086285904 1879 394 1923 480
face 0.08626083 1797 263 1863 462
face 0.08614058 1867 324 1918 459
face 0.08598858 369 13 438 133
face 0.08595631 806 143 876 368
face 0.085913114 1740 315 1933 715
face 0.08590758 979 63 1045 155
face 0.08582658 2044 227 2116 335
face 0.0857396 314 16 401 164
face 0.085683174 922 203 983 317
face 0.08558533 820 24 876 134
face 0.08552197 158 1747 455 2165
face 0.08546572 2030 296 2092 434
face 0.08535188 1974 315 2022 434
face 0.085288815 1839 378 1886 486
face 0.085109614 2034 468 2114 576
face 0.0850268 765 17 824 138
face 0.084913775 327 257 478 579
face 0.08468117 917 14 988 106
face 0.084581524 1864 803 2006 958
face 0.08423625 2008 297 2052 378
face 0.08406632 78 1536 320 1950
face 0.08401489 2022 228 2093 388
face 0.08391455 1974 2183 2135 2362
face 0.083777554 287 533 501 730
face 0.08375081 860 180 916 317
face 0.08363412 394 384 563 560
face 0.08344494 115 387 426 890
face 0.0833963 977 141 1027 210
face 0.08339619 -5 289 279 716
face 0.083341315 1545 772 1891 1145
face 0.08316257 867 115 917 205
face 0.08311471 868 12 930 105
face 0.083096005 939 151 992 234
face 0.082963765 927 166 981 264
face 0.08287649 416 -1 499 139
face 0.08286175 991 137 1053 220
face 0.082822844 303 58 731 512
face 0.08278639 1845 447 1932 656
face 0.08276905 -7 -6 77 116
face 0.082734466 2016 516 2100 643
face 0.082575694 2045 407 2118 510
face 0.0824762 859 146 909 258
face 0.082459934 99 168 404 684
face 0.08244218 2039 172 2109 298
face 0.08243934 979 17 1057 112
face 0.08239859 1021 148 1094 255
face 0.08229026 1986 297 2031 392
face 0.082207486 1909 795 2051 1151
face 0.082141705 997 98 1061 178
face 0.08204177 1902 510 1971 615
face 0.08200042 342 371 603 1001
face 0.08199285 2017 423 2085 556
face 0.08197631 1031 59 1100 162
face 0.08187975 623 20 736 164
face 0.08171787 938 -2 1021 88
face 0.08166837 813 117 868 277
face 0.081608124 782 -7 856 89
face 0.08160391 1700 859 1953 1226
face 0.08147138 1733 227 1821 485
face 0.08131216 548 -34 786 387
face 0.08125305 842 -4 909 87
face 0.081249066 404 33 512 247
face 0.08120191 914 223 1001 404
face 0.08114273 885 -3 957 87
face 0.08114258 1818 1028 1962 1383
face 0.081109606 715 -8 802 95
face 0.08095316 990 -1 1084 92
face 0.080890976 1823 850 1970 1193
face 0.080890924 281 -7 753 1111
face 0.08086685 366 -11 452 84
face 0.08084761 392 295 528 510
face 0.0807613 1900 325 1948 445
face 0.080554046 1833 509 1904 621
face 0.08044501 1029 111 1094 214
face 0.080424756 466 18 588 190
face 0.080417916 67 1337 298 1752
face 0.080395706 328 137 627 784
face 0.08017718 2004 1101 2133 1261
face 0.080118105 1721 444 1831 714
face 0.07997439 1783 -7 1870 154
face 0.07985753 265 11 341 109
face 0.07976031 1923 2093 2058 2292
face 0.07975671 1960 190 2025 340
face 0.07965973 352 7 453 237
face 0.079619944 2018 570 2123 699
face 0.07961669 858 75 909 155
face 0.079575785 947 69 1007 142
face 0.07956499 1766 989 1917 1228
face 0.07954652 1089 144 1160 257
face 0.07952416 698 -2 775 136
face 0.0794649 1520 446 1702 778
face 0.07941343 1374 27 1675 389
face 0.079295054 450 103 564 369
face 0.07926738 1625 454 1755 688
face 0.07914497 -4 65 73 202
face 0.07900291 353 69 478 373
face 0.07883733 237 1247 496 1646
face 0.07883387 1026 13 1108 118
face 0.0786896 391 205 526 432
face 0.07865928 647 -11 757 103
