face 0.9999312 447 779 987 1552
face 0.16471522 827 1684 1283 2461
face 0.12099967 1067 1799 1266 2275
face 0.120743506 968 1833 1343 2367
face 0.117272764 772 1734 967 2263
face 0.1130237 760 806 990 1232
face 0.10623477 895 1672 1293 2050
face 0.101670645 227 1641 422 2093
face 0.099765085 1100 1694 1292 2123
face 0.08766724 1122 1877 1447 2390
face 0.08665694 1046 995 1327 1565
face 0.085143134 906 1533 1288 1903
face 0.084692724 761 1928 1439 2566
face 0.084021695 744 1853 1094 2355
face 0.084002174 1212 1235 1431 1660
face 0.083691575 729 1680 1094 2029
face 0.08325527 652 1100 938 1512
face 0.08318631 947 1728 1151 2196
face 0.0814959 190 1780 311 2101
face 0.08026373 1058 1311 1314 1844
face 0.08003918 1093 1497 1410 1942
face 0.079476096 562 1840 773 2333
face 0.079327025 228 1859 357 2159
face 0.079092525 1181 1785 1378 2254
face 0.07897399 1320 2239 1449 2554
face 0.07805362 -38 1542 329 1899
face 0.07733911 12 2365 127 2573
face 0.07670802 966 995 1064 1384
face 0.07616298 769 1767 902 2121
face 0.07592845 821 1487 932 1741
face 0.07535938 1420 1672 1495 1821
face 0.07489119 1085 1869 1209 2174
face 0.074457996 1417 1739 1490 1890
face 0.07422846 188 1864 389 2322
face 0.074090555 386 1334 624 1686
face 0.073516235 159 1753 260 2121
face 0.07319354 1173 1749 1305 2031
face 0.07316541 117 1646 300 2116
face 0.07290202 765 1415 958 1842
