face 0.99998355 312 96 640 577
face 0.11394282 700 926 744 990
face 0.11122674 603 87 687 279
face 0.108795 700 905 733 964
face 0.102748916 509 294 617 476
face 0.09554711 551 -15 626 47
face 0.08989105 456 261 524 373
face 0.08546098 686 929 723 986
face 0.08515905 302 523 365 625
face 0.084877975 173 1 260 189
face 0.08364733 289 4 388 142
face 0.08358205 702 -13 746 43
face 0.08331479 711 888 747 941
face 0.0822756 558 1 646 73
face 0.08203108 290 426 334 570
face 0.08149769 618 675 803 809
face 0.08094554 519 231 632 408
face 0.07948081 281 472 320 586
face 0.077508695 618 623 804 756
face 0.07680304 295 6 378 80
face 0.0767809 616 43 668 166
face 0.07521039 191 104 359 591
face 0.074763626 683 835 764 987
face 0.07395779 705 633 743 737
face 0.07393592 706 572 744 677
face 0.07338394 533 -45 636 76
face 0.07297543 252 559 306 639
face 0.072634876 -71 877 128 1013
face 0.07254869 649 -68 774 121
face 0.07244656 589 -10 655 48
face 0.07240024 276 -11 329 45
face 0.072243534 273 564 333 631
face 0.07185813 507 -14 585 47
face 0.0717236 500 147 620 323
face 0.07161957 289 516 350 591
face 0.07149545 577 36 665 205
face 0.071137376 -20 707 89 905
face 0.07095482 703 515 743 633
face 0.07091906 285 541 349 647
face 0.07085373 603 278 683 478
face 0.07069976 211 25 261 168
face 0.07059704 2 747 126 955
face 0.070215434 317 531 395 616
face 0.06979254 294 57 345 184
face 0.06974438 9 -8 209 421
face 0.06952948 286 21 360 107
face 0.06949926 712 625 751 682
face 0.06923711 701 854 737 939
face 0.069216974 436 351 533 451
face 0.06913959 571 576 748 707
face 0.0689542 525 368 742 739
face 0.06870445 689 888 723 966
face 0.06869978 433 254 509 338
face 0.06865999 551 633 642 925
face 0.068657815 582 20 661 107
face 0.06864219 545 617 618 729
face 0.06853635 527 5 604 75
face 0.068249166 709 543 750 607
face 0.06820629 314 584 395 669
face 0.068073384 501 -5 622 96
face 0.06798577 319 300 446 479
face 0.06797088 576 37 632 153
face 0.06786017 262 433 342 613
face 0.06784732 318 -11 391 50
face 0.06770396 399 295 511 441
face 0.06765221 308 31 365 154
face 0.06754114 467 298 548 389
face 0.067437775 569 725 745 861
face 0.06717702 575 86 629 213
face 0.066997096 550 4 652 139
face 0.06691484 -94 -68 202 188
face 0.066692136 620 520 814 658
face 0.06667379 193 58 248 213
face 0.06641387 698 1 738 98
face 0.06634409 326 136 395 252
face 0.06628571 227 561 288 642
face 0.06619262 555 67 613 186
face 0.06615356 621 221 702 423
face 0.066017576 -1 931 47 995
face 0.066003546 315 18 401 103
face 0.065983765 315 436 358 565
face 0.06597792 -5 904 43 965
face 0.06592703 176 -107 371 276
face 0.06584936 703 326 739 429
face 0.06559538 634 145 683 275
face 0.06550441 683 601 762 764
face 0.065406844 -11 619 28 731
face 0.06537662 716 858 753 912
face 0.06532775 568 536 641 615
face 0.06526333 558 491 616 605
