face 0.9999913 398 478 1147 1497
face 0.18652326 1066 1560 1128 1662
face 0.12266946 1035 1557 1139 1735
face 0.109457836 1059 1540 1118 1626
face 0.10612502 -24 1205 50 1419
face 0.096553154 1054 1489 1124 1602
face 0.085721776 1106 1549 1159 1656
face 0.08494804 1152 1508 1221 1712
face 0.08320612 1037 1520 1110 1656
face 0.083196074 1012 1431 1111 1597
face 0.08290025 1190 1465 1264 1720
face 0.082468934 913 1293 1112 1635
face 0.082373895 359 487 583 824
face 0.08098744 951 1487 1143 1804
face 0.08072102 1087 575 1212 959
face 0.080645196 741 1021 928 1226
face 0.08009948 983 1454 1072 1639
face 0.079590276 276 767 396 1014
face 0.079320036 1081 1547 1172 1771
face 0.07886409 1227 278 1330 615
face 0.07819291 -27 1280 57 1541
face 0.077683546 326 1157 415 1424
face 0.07748671 1048 1444 1129 1565
face 0.07735661 1085 1562 1149 1686
face 0.077303424 -19 1185 47 1292
face 0.07719263 463 13 630 161
face 0.07695742 332 520 489 778
face 0.07621882 319 1287 427 1557
face 0.07619543 912 1337 1035 1567
face 0.076060124 721 945 887 1187
face 0.075790055 364 1091 456 1276
face 0.07524131 464 444 734 794
face 0.07521322 1108 1470 1175 1596
face 0.07493665 319 1066 413 1308
face 0.07474878 1149 1379 1231 1597
face 0.07456407 1021 1425 1215 1830
face 0.074562594 1156 1160 1237 1370
face 0.07420536 1146 1270 1247 1524
face 0.07420051 284 863 394 1092
face 0.07419076 1134 1560 1232 1841
face 0.074131 355 1249 476 1558
face 0.073831856 742 1949 953 2127
face 0.073412284 385 1302 522 1612
face 0.0733071 360 1160 474 1319
face 0.07322437 1177 1765 1285 2002
face 0.07304279 985 1550 1083 1756
face 0.07286957 335 1273 445 1425
face 0.072379336 779 823 915 1126
face 0.07218345 722 1079 884 1300
face 0.07210723 1122 504 1241 841
face 0.07197397 1121 1236 1216 1363
face 0.07188535 349 1370 560 1728
face 0.07179218 993 1303 1203 1656
face 0.07163397 213 734 397 1105
face 0.071577355 1189 1316 1279 1614
face 0.07139873 282 1190 382 1385
face 0.07126213 601 741 810 942
face 0.07101787 637 675 859 872
face 0.07091177 43 992 279 1363
face 0.07073926 167 1369 376 1699
face 0.07068573 1182 1604 1275 1889
face 0.070648536 1170 1247 1270 1444
face 0.07046231 847 1842 1033 2027
face 0.070266895 1112 1171 1196 1335
face 0.07016301 230 1447 360 1614
face 0.069945656 1135 1391 1298 1792
face 0.06991011 977 167 1146 337
face 0.06970826 1228 1526 1313 1800
face 0.06969975 290 1128 464 1474
face 0.06966818 221 1185 413 1534
face 0.06952037 1003 432 1212 864
face 0.0695076 1117 1758 1238 1990
face 0.06949392 1570 -32 1682 99
face 0.069391616 949 1239 1080 1524
face 0.06924672 204 -255 665 574
face 0.06920281 316 976 430 1135
face 0.06917459 1097 1264 1278 1665
face 0.06910096 459 -20 565 90
face 0.06884872 911 1891 1124 2062
face 0.068832085 13 1205 106 1398
face 0.068816215 270 1301 382 1544
face 0.0687798 993 1322 1115 1568
face 0.06875138 970 1653 1099 1839
face 0.068560384 231 842 347 1148
face 0.06851023 1066 222 1236 400
face 0.06848448 308 625 448 786
face 0.06842334 1126 1917 1268 2156
face 0.06838877 398 1131 530 1361
face 0.06834254 -2 2097 107 2240
face 0.068117686 -19 1128 50 1243
face 0.06805401 893 1412 989 1598
face 0.06805295 386 -276 850 538
