face 0.18559612 723 738 821 858
face 0.13897914 657 491 721 672
face 0.1319259 1279 898 1308 956
face 0.13126513 1268 929 1298 996
face 0.12911043 314 436 369 534
face 0.12868412 1227 906 1258 968
face 0.12805368 1270 879 1300 942
face 0.12803535 1280 830 1309 887
face 0.12759605 1161 897 1194 961
face 0.12735154 1216 934 1247 1001
face 0.12698643 1216 885 1245 948
face 0.12694551 1306 894 1335 949
face 0.12692437 1310 934 1342 992
face 0.12651289 1270 813 1300 873
face 0.12635376 1277 800 1305 854
face 0.12627982 1297 924 1327 987
face 0.12591611 1161 921 1198 995
face 0.1255922 1297 879 1326 938
face 0.12543628 1231 795 1259 850
face 0.12524064 1233 831 1262 890
face 0.12520276 1136 796 1166 846
face 0.124863856 1132 888 1167 954
face 0.124037914 1091 798 1121 851
face 0.12400401 1218 822 1247 884
face 0.12385861 1332 932 1363 991
face 0.12381868 1144 899 1182 970
face 0.12372292 1179 792 1209 844
face 0.12365208 1297 812 1326 870
face 0.12360075 1345 901 1375 953
face 0.12327131 1130 830 1160 886
face 0.123190336 1054 793 1089 856
face 0.12281976 1168 826 1197 884
face 0.12266511 1350 943 1383 997
face 0.12246436 1253 921 1289 987
face 0.12246335 1309 803 1338 856
face 0.12223852 1262 775 1291 830
face 0.122040845 1200 884 1234 949
face 0.12103306 1086 821 1117 883
face 0.12092076 1295 833 1324 891
face 0.12081187 1118 773 1150 828
face 0.12077558 1197 917 1234 984
face 0.12067304 1300 942 1334 1012
face 0.12004715 1331 878 1359 935
face 0.11975682 1383 949 1415 1004
face 0.119754076 1351 799 1382 853
face 0.11948667 1374 934 1407 992
face 0.1193343 1328 810 1358 868
face 0.119082965 1041 803 1078 878
face 0.1190595 1295 777 1323 831
face 0.119007505 1086 773 1120 833
face 0.11875958 1496 828 1547 914
face 0.11844369 1038 769 1077 838
face 0.11837774 1138 837 1171 894
face 0.11798739 916 518 977 670
face 0.11784415 1397 786 1430 844
face 0.11773103 1384 907 1416 960
face 0.11748762 1153 773 1184 825
face 0.11720491 429 533 503 674
face 0.11701219 1345 832 1376 890
face 0.11680587 778 477 886 651
face 0.11673982 1202 774 1231 827
face 0.116617054 331 472 378 557
face 0.116616175 1091 848 1126 922
face 0.11661485 34 264 1588 1898
face 0.11631653 1340 776 1369 830
face 0.116229944 1340 876 1373 935
face 0.116054066 1341 952 1377 1018
face 0.115834735 391 558 445 665
face 0.11582265 1110 879 1146 953
face 0.115609355 790 429 965 746
face 0.11557135 1347 740 1385 809
face 0.115502745 140 679 180 751
face 0.11463685 1380 708 1423 788
face 0.114549235 1367 881 1397 937
face 0.11451623 1011 489 1073 615
face 0.11419674 1377 772 1409 828
face 0.113993205 356 553 409 661
face 0.11363913 1381 815 1414 878
face 0.11351331 1116 440 1255 605
face 0.11343536 330 447 521 769
face 0.113020636 867 527 944 677
face 0.11301562 1360 811 1392 869
face 0.11281864 1435 765 1469 825
face 0.11277336 340 494 387 580
face 0.112762906 1158 814 1192 873
face 0.11240685 1094 886 1131 971
face 0.11220807 607 490 661 675
face 0.111931525 1307 712 1338 770
face 0.11186431 1121 809 1154 869
face 0.11185094 1167 757 1202 818
face 0.11103564 1060 766 1099 836
face 0.11099018 416 553 471 658
face 0.110825896 652 541 696 654
face 0.110557996 1472 854 1518 930
face 0.11029603 1432 879 1472 947
face 0.11021253 348 471 392 535
face 0.110094115 982 497 1038 606
face 0.11005467 1416 923 1455 991
face 0.10980814 1356 695 1396 764
face 0.10978595 287 319 386 483
face 0.10962869 147 653 186 721
face 0.10960743 367 505 415 585
face 0.109384924 1273 714 1304 771
face 0.10935111 630 501 678 644
face 0.10916299 1208 749 1242 816
face 0.10899705 886 503 969 628
face 0.108997025 1378 878 1411 938
face 0.10894891 171 677 209 756
face 0.108865775 89 675 131 746
face 0.10873747 306 481 357 577
face 0.108695984 1048 729 1087 795
face 0.10860667 455 519 534 682
face 0.10860602 1003 528 1066 658
face 0.10858075 1060 857 1097 931
face 0.10852406 460 581 533 733
face 0.108127736 945 541 1005 657
face 0.10810589 1090 737 1127 795
face 0.10781718 1394 934 1432 993
face 0.10775784 142 708 177 769
face 0.10774747 450 509 520 612
face 0.107718974 1390 680 1438 764
face 0.10740595 260 554 320 662
face 0.1073817 233 701 270 761
face 0.10720181 226 731 264 802
face 0.10711836 1130 911 1173 996
face 0.107092045 413 599 482 725
face 0.10704046 1406 876 1441 936
face 0.10698658 248 705 292 786
face 0.10657091 1213 710 1250 775
face 0.106557645 1016 782 1058 876
face 0.10637869 1338 535 1414 698
face 0.10634049 625 443 671 563
face 0.10614144 1012 737 1054 820
face 0.10604254 418 507 473 590
face 0.10592006 1419 807 1455 869
face 0.105786964 285 510 331 597
face 0.10573605 297 540 360 662
face 0.105657935 1040 411 1255 722
face 0.10556444 1444 778 1482 840
face 0.10553553 87 588 138 661
face 0.10549685 389 507 438 591
face 0.10549076 99 717 138 781
face 0.105483145 163 699 200 761
face 0.10518136 250 679 294 752
face 0.10513909 655 574 700 719
face 0.10508805 1138 733 1173 788
face 0.1050871 126 601 174 670
face 0.10496833 142 747 191 824
face 0.104940474 128 760 175 831
face 0.10493944 1105 903 1149 976
face 0.10478529 646 454 693 549
face 0.10454529 179 706 212 765
face 0.10453341 955 606 1011 707
face 0.10428635 310 409 378 498
face 0.10417923 96 743 152 828
face 0.10415514 1174 713 1211 774
face 0.10409672 157 638 199 708
face 0.10408244 1019 713 1059 784
face 0.103994496 236 252 430 596
face 0.10382158 1310 953 1353 1020
face 0.10375271 1286 696 1319 755
face 0.103725836 1470 813 1514 883
face 0.10365236 1462 887 1525 980
face 0.10363137 243 182 402 446
face 0.10354661 555 492 611 660
face 0.103466436 266 407 325 524
face 0.10321021 10 627 58 744
face 0.10314509 131 631 178 704
face 0.103144564 172 735 205 803
face 0.103122026 914 594 974 702
face 0.10308402 1441 813 1484 888
face 0.10306445 225 665 269 748
face 0.1030518 1246 695 1284 760
face 0.10296841 1025 636 1082 745
face 0.10282243 43 654 83 734
face 0.102735855 229 766 273 834
face 0.10272517 528 259 649 374
face 0.1026924 999 631 1053 747
face 0.102565825 392 484 448 550
face 0.10252344 97 646 140 716
face 0.10238925 1263 951 1308 1022
face 0.10226326 1041 870 1082 960
face 0.10220599 134 737 172 806
face 0.10218189 389 618 443 718
face 0.10210908 201 752 246 826
face 0.102009706 244 591 308 706
face 0.10200743 613 603 654 710
face 0.10192251 1342 695 1375 754
face 0.10186822 174 765 217 832
face 0.10181318 887 397 1051 744
face 0.10164447 82 620 130 694
face 0.101564206 665 681 711 788
face 0.10151124 1281 550 1342 705
