face 0.34054124 669 202 743 284
face 0.33166024 660 261 748 411
face 0.13158803 102 222 135 260
face 0.12619185 227 29 1115 966
face 0.12535307 635 313 758 501
face 0.122910224 291 160 335 210
face 0.12048862 87 226 117 262
face 0.119288035 186 111 331 262
face 0.118455335 275 165 320 207
face 0.11828634 255 161 298 207
face 0.117033616 752 139 802 192
face 0.116853595 203 154 241 197
face 0.116668455 355 44 428 155
face 0.11659893 177 160 210 195
face 0.116374135 754 83 789 122
face 0.11572209 194 155 225 188
face 0.11481905 756 69 791 105
face 0.11442163 530 74 555 103
face 0.11335298 768 114 800 146
face 0.112866715 764 127 796 162
face 0.11285173 242 166 288 222
face 0.11239005 489 71 521 108
face 0.11199575 156 150 186 190
face 0.11184347 49 229 81 267
face 0.1117328 528 54 557 83
face 0.111412406 800 18 848 64
face 0.11136469 282 187 329 231
face 0.111230314 784 92 821 131
face 0.11116494 165 140 193 172
face 0.11100166 730 26 760 61
face 0.110975645 790 78 823 111
face 0.11082172 505 75 530 105
face 0.110453255 182 141 210 169
face 0.11029411 108 216 165 265
face 0.110230744 151 119 182 156
face 0.10971355 214 138 247 170
face 0.10955931 95 207 135 250
face 0.10939129 726 134 767 175
face 0.10912983 639 35 691 99
face 0.10886367 500 62 528 91
face 0.10873056 769 348 835 500
face 0.108540095 715 72 755 120
face 0.108526975 138 198 169 235
face 0.10846907 238 171 275 207
face 0.10839501 193 172 227 204
face 0.10820023 75 228 108 271
face 0.10813338 153 166 184 206
face 0.108078815 158 106 186 138
face 0.107973985 226 157 260 193
face 0.10797235 639 71 678 121
face 0.10788559 176 132 204 161
face 0.10787551 386 61 450 138
face 0.10783195 743 36 783 78
face 0.107814975 282 147 321 196
face 0.10740397 727 12 759 44
face 0.10684392 38 237 70 279
face 0.10666973 172 175 208 217
face 0.10630945 532 93 565 128
face 0.10630306 716 142 759 190
face 0.106171146 240 146 274 186
face 0.10613529 310 6 452 168
face 0.10591951 626 46 676 111
face 0.10582953 176 100 204 130
face 0.10578052 518 31 553 61
face 0.10575692 485 61 516 93
face 0.10553594 731 106 763 139
face 0.105530135 641 27 677 66
face 0.10526839 773 71 808 106
face 0.10507191 206 131 236 159
face 0.10506643 248 198 293 239
face 0.10488785 524 39 560 71
face 0.10474213 463 71 497 112
face 0.104723886 664 23 707 64
face 0.10465468 298 182 346 229
face 0.104638845 688 61 726 103
face 0.104451865 123 208 164 243
face 0.104405805 183 106 210 136
face 0.10426834 744 22 778 60
face 0.10426716 808 74 841 106
face 0.10405656 541 106 578 147
face 0.10394281 751 8 790 45
face 0.10360581 778 19 828 71
face 0.10356423 681 73 719 118
face 0.10352928 497 42 529 71
face 0.10342492 644 104 673 136
face 0.1033555 147 81 182 119
face 0.1033472 738 350 808 492
face 0.1033401 278 130 318 174
face 0.10324966 140 90 176 132
face 0.10315308 250 135 286 171
face 0.10305803 696 12 730 46
face 0.102422714 266 184 315 240
face 0.10238342 530 27 570 60
face 0.10236235 557 101 592 133
face 0.10224372 689 131 723 166
face 0.10221601 47 197 87 244
face 0.10213334 645 13 683 49
face 0.10204103 689 23 719 59
face 0.10173781 768 135 823 189
face 0.10173471 757 22 796 60
face 0.101663634 463 57 501 96
face 0.10163635 630 377 715 519
face 0.10146048 165 221 221 268
face 0.10143817 633 106 664 147
face 0.10131351 665 66 703 105
face 0.10127228 756 102 790 134
face 0.10126931 777 40 828 93
face 0.101162374 709 128 741 160
face 0.10114091 719 118 750 155
face 0.10109819 623 101 655 134
face 0.1010872 797 34 840 76
face 0.10106241 712 38 755 86
face 0.10095147 213 99 242 128
face 0.10092417 697 81 844 232
face 0.100879006 666 123 699 160
face 0.10085324 523 102 557 144
face 0.10083434 730 1 771 35
face 0.10075903 618 20 657 62
face 0.10061551 414 62 473 121
face 0.10053107 728 68 767 105
face 0.10048745 532 64 570 104
face 0.10047383 708 4 748 38
face 0.10046102 787 115 819 146
face 0.100372896 116 115 272 262
face 0.100370236 690 105 719 135
face 0.10018738 321 191 370 235
face 0.10016065 663 353 743 479
face 0.10010849 211 200 252 236
face 0.100042395 665 4 710 39
face 0.09997703 78 204 117 242
face 0.09985793 688 -5 839 133
face 0.09984063 189 200 231 233
face 0.09978427 4 1 52 50
face 0.09976945 503 96 532 130
face 0.09976223 215 121 245 155
face 0.09945073 818 92 855 133
face 0.09925517 799 1 854 43
face 0.09908264 592 104 622 137
face 0.099045746 704 24 742 62
face 0.09899516 642 124 672 160
face 0.09898249 519 14 557 46
face 0.09894099 168 77 204 111
face 0.0988836 826 74 864 112
face 0.09884154 782 127 818 164
face 0.09880901 626 70 661 107
face 0.09878371 482 27 516 61
face 0.09877833 55 342 176 429
face 0.098693475 758 0 807 38
face 0.09864515 453 39 493 74
face 0.09860734 29 13 78 61
face 0.098535016 231 129 265 160
face 0.09844403 444 81 482 131
face 0.09843468 710 102 739 131
face 0.098316625 693 38 739 87
face 0.09812903 52 244 85 278
face 0.098085135 807 106 840 137
face 0.09800708 447 52 485 89
face 0.0979095 93 69 145 126
face 0.09784941 532 41 577 86
face 0.097820416 651 126 690 175
face 0.09770774 568 125 607 161
face 0.09770299 486 13 525 46
face 0.097530276 34 259 69 300
face 0.0974816 188 81 222 118
face 0.097476035 13 231 45 268
face 0.09745543 549 126 588 163
face 0.09723416 679 42 715 88
face 0.097217605 685 115 716 151
face 0.09719586 736 317 791 426
face 0.09708216 454 99 488 140
face 0.097015545 167 203 211 248
face 0.096995085 538 137 603 202
face 0.09693214 581 84 613 122
face 0.096881874 621 125 655 159
face 0.09676093 20 266 63 313
face 0.096754536 595 75 627 111
face 0.09654596 695 334 773 483
face 0.096456274 561 73 595 105
face 0.096454784 291 143 352 198
face 0.096202485 103 131 145 188
face 0.09619243 330 28 410 121
face 0.0961366 344 190 388 232
face 0.09610134 495 5 543 39
face 0.09585496 479 96 511 134
face 0.095853455 104 234 151 280
face 0.095814034 578 26 628 85
face 0.0957377 218 74 254 108
face 0.0957162 819 111 858 148
face 0.09567753 702 148 747 184
face 0.09565963 117 229 178 287
face 0.09563371 580 116 612 153
