face 0.9999857 431 949 899 1574
face 0.12649009 852 1877 1045 2426
face 0.12637748 709 1807 916 2254
face 0.120692536 -8 2380 78 2567
face 0.12040282 208 1828 384 2280
face 0.11423191 400 1603 546 1870
face 0.11125006 313 1649 415 1973
face 0.108936176 950 1723 1139 2230
face 0.08933901 733 1952 883 2202
face 0.08891361 637 965 902 1338
face 0.0871494 416 1400 484 1594
face 0.0861821 1100 2105 1330 2536
face 0.08600049 880 1360 1004 1675
face 0.085250966 614 1756 821 2133
face 0.08486602 1036 998 1215 1376
face 0.082612954 879 1087 1071 1496
face 0.0805 1217 12 1419 491
face 0.078381196 387 1090 493 1482
face 0.07805615 -4 2260 88 2472
face 0.077777475 670 2027 775 2265
face 0.07758568 1142 1667 1502 2027
face 0.07705527 981 1803 1371 2186
face 0.076837026 614 2029 722 2278
face 0.07595522 1009 1853 1111 2298
face 0.07544328 722 1591 855 1877
face 0.075392485 574 1946 752 2364
face 0.07537947 270 1674 446 2159
face 0.07532589 986 1672 1370 2022
face 0.07445629 1151 929 1260 1200
face 0.07394864 1402 -36 1494 116
face 0.07371675 307 1174 495 1663
face 0.07328644 377 1593 485 1761
face 0.07302847 777 2094 1083 2570
face 0.07269612 641 2129 849 2535
face 0.07226845 375 1979 587 2472
face 0.07215735 680 1683 816 1933
face 0.07198575 1045 1980 1139 2398
face 0.07195329 362 1337 440 1573
face 0.07145238 857 1439 958 1782
face 0.07144623 1229 1161 1405 1639
face 0.07144542 791 768 924 947
face 0.07142541 -7 2299 141 2523
face 0.071370296 1108 989 1225 1275
face 0.07134789 -10 737 52 1014
face 0.07133396 697 1989 825 2272
face 0.07079109 1140 1118 1265 1406
face 0.070784904 355 1670 475 1927
face 0.07065785 430 1528 491 1663
face 0.070633024 313 1778 412 2172
face 0.07050695 1343 1610 1433 1913
face 0.07035959 655 910 836 1106
face 0.07033207 947 1297 1165 1753
face 0.0697117 993 1532 1365 1885
face 0.06967228 998 994 1121 1251
face 0.069653414 1191 1336 1304 1707
face 0.06949395 963 954 1073 1171
face 0.069453426 1420 1531 1498 1690
face 0.06932694 881 1021 1001 1371
face 0.0692618 147 1927 258 2207
face 0.06918207 192 1917 301 2210
face 0.06908775 1185 972 1297 1268
face 0.06877947 766 1483 873 1748
face 0.0687648 278 820 466 1287
face 0.06876127 316 1294 415 1612
face 0.068730496 324 1439 405 1664
face 0.06863298 1262 1678 1390 1958
face 0.06861872 984 18 1195 478
face 0.06858236 1226 1037 1343 1347
face 0.06846581 912 1431 1034 1745
face 0.06834787 838 919 1038 1331
face 0.068175495 -13 1959 71 2225
face 0.068105005 263 1656 378 1934
face 0.06800251 882 1537 1001 1819
