face 0.9994777 176 609 971 1528
face 0.19531913 46 263 1597 1889
face 0.12108515 51 640 246 1012
face 0.120380275 249 2099 356 2227
face 0.112449765 1112 1730 1324 2058
face 0.10756022 1128 1797 1279 1963
face 0.098338805 955 787 1143 1197
face 0.09389 14 637 134 1010
face 0.08934817 191 2092 305 2227
face 0.08780932 232 2065 341 2165
face 0.086966045 843 195 940 454
face 0.086873665 139 2042 258 2158
face 0.085389525 1170 1781 1281 1905
face 0.085331745 1001 747 1115 1102
face 0.084711716 1576 1981 1661 2164
face 0.082951315 -19 877 57 1013
face 0.08235088 1379 2001 1498 2177
face 0.079610944 1532 1301 1632 1606
face 0.07894645 -28 1164 58 1430
face 0.07857856 309 1357 430 1591
face 0.07825505 280 2059 393 2166
face 0.07801099 745 1662 936 1858
face 0.07762736 712 1521 965 1868
face 0.0775238 232 875 512 1265
face 0.07705654 -22 1315 59 1530
face 0.07650523 119 2084 231 2227
face 0.07630949 1053 1500 1151 1771
face 0.07582206 1007 628 1107 938
face 0.07560459 1281 1774 1332 1879
face 0.07531412 61 2023 190 2163
face 0.07524664 954 875 1081 1123
face 0.07512484 1241 1797 1298 1897
face 0.07478485 1045 643 1147 958
face 0.07477618 856 -17 925 70
face 0.07423887 -3 1896 127 2152
face 0.073973306 1368 1240 1599 1588
face 0.07394618 119 714 319 1043
face 0.07384578 990 929 1119 1183
face 0.07346562 1201 1746 1382 2087
face 0.073306605 174 1358 398 1752
face 0.07326299 842 116 922 337
face 0.07281972 372 1250 570 1441
face 0.072607875 1525 1933 1625 2174
face 0.07243713 -30 1912 98 2067
face 0.07236198 1164 1738 1224 1832
face 0.072343074 -19 952 49 1183
face 0.072265096 -24 816 68 971
face 0.07222227 876 168 976 406
face 0.072207086 876 -202 1382 556
face 0.07215469 262 1334 470 1646
face 0.07207749 128 2002 250 2117
face 0.072020724 383 1378 541 1544
face 0.07155597 152 1300 249 1479
face 0.07116493 1033 746 1234 1165
face 0.0711055 1019 794 1571 1562
face 0.0709879 1416 1382 1571 1558
face 0.07088152 1600 1755 1685 1880
face 0.07080331 13 1296 431 1590
face 0.07080169 -16 943 50 1064
face 0.07074452 551 -256 1024 548
face 0.07070358 -25 1993 81 2181
face 0.07061264 1248 1762 1303 1844
face 0.070476614 225 789 451 995
face 0.07041226 898 -18 986 80
face 0.07037825 857 2 914 116
face 0.07036387 900 558 1377 1412
face 0.07030784 441 1091 638 1280
face 0.070262656 1587 1870 1666 2052
face 0.070001945 790 244 898 384
face 0.06998906 222 2009 333 2134
face 0.06991999 689 1000 965 1382
face 0.06990292 1602 1811 1686 1934
face 0.069850735 -19 1285 71 1424
face 0.06970894 16 1298 108 1542
face 0.069695815 1201 1755 1260 1841
face 0.06960928 1059 1624 1138 1796
face 0.06954329 1267 1737 1328 1820
face 0.06947966 594 368 1023 679
face 0.06943204 73 2084 189 2232
face 0.06934535 1567 -33 1682 101
face 0.06928757 1589 1509 1690 1655
face 0.069147415 1035 787 1151 1047
face 0.06911805 353 1367 472 1583
face 0.06908719 800 26 975 389
face 0.06905014 1327 1734 1386 1884
face 0.068988234 1158 1695 1234 1795
face 0.0689692 -19 1755 69 1994
face 0.06895359 351 -215 847 545
face 0.068888076 350 1462 475 1686
face 0.06884785 477 -2 1072 777
face 0.06884203 898 248 1031 401
face 0.06878777 1002 1253 1110 1561
face 0.06872897 951 608 1135 999
face 0.068641126 1003 523 1184 922
face 0.068636194 -12 1873 95 2002
face 0.06862013 284 1294 410 1423
face 0.06858505 173 785 345 973
face 0.06858445 1160 1797 1224 1906
face 0.068401575 -20 1415 66 1639
