face 0.99999774 424 806 1124 1782
face 0.12267149 31 257 1580 1880
face 0.12124466 1060 1890 1181 2098
face 0.10979439 1001 1834 1197 2133
face 0.10227204 1110 1897 1170 2014
face 0.09545472 949 1575 1161 1973
face 0.09157836 1102 1843 1167 1952
face 0.08953918 1065 1809 1150 1939
face 0.08532639 1189 1818 1272 2086
face 0.084447406 1057 1902 1138 2029
face 0.08442913 711 1212 882 1485
face 0.08384194 1187 1707 1278 1959
face 0.08377368 368 1559 472 1832
face 0.083468124 1137 1853 1211 2071
face 0.08328773 1096 1791 1174 1910
face 0.08244644 1088 904 1188 1237
face 0.082298376 1003 1734 1110 1935
face 0.08084481 598 968 879 1270
face 0.079984054 1150 1790 1226 1950
face 0.07898938 960 1686 1067 1937
face 0.07896684 927 1629 1035 1881
face 0.07819757 319 1598 417 1811
face 0.078017645 1030 1905 1132 2098
face 0.07792958 391 1606 511 1883
face 0.07725217 1227 1698 1314 1950
face 0.076825865 1227 -23 1345 93
face 0.07673001 364 1434 458 1728
face 0.07656471 1032 1656 1243 2002
face 0.07619427 410 788 658 1128
face 0.07619222 364 1371 460 1580
face 0.07485963 1104 1914 1219 2142
face 0.074619964 1137 1631 1315 2008
face 0.07369393 392 1494 531 1674
face 0.07367031 1200 -12 1272 133
face 0.07344946 1036 1859 1106 1995
face 0.073435016 373 1674 468 1881
face 0.073256984 650 945 850 1162
face 0.07273959 322 1450 424 1712
face 0.072461 824 856 1097 1209
face 0.07237719 561 1194 836 1519
face 0.07192957 709 1969 868 2125
face 0.071572565 1228 1791 1311 2077
face 0.07136154 916 -61 1344 927
face 0.07094563 350 1102 460 1420
face 0.07093902 115 1224 360 1603
face 0.070912205 1146 524 1238 834
face 0.0708283 555 1029 770 1233
face 0.070806146 354 876 488 1120
face 0.0708031 279 1467 457 1802
face 0.07075713 -2 2096 109 2240
face 0.07066731 1089 -172 1537 662
face 0.07028088 1571 -32 1682 99
face 0.06981812 1032 2001 1188 2160
face 0.06968386 717 1075 891 1318
face 0.069665216 435 1400 586 1651
face 0.06960412 -13 2038 94 2173
face 0.069602124 335 1827 424 1974
face 0.069589384 1066 1461 1150 1618
face 0.06932734 568 903 797 1109
face 0.069294825 321 1293 495 1660
face 0.06913917 1229 1867 1307 1998
face 0.06889191 230 1080 435 1447
face 0.068850696 826 -154 1413 504
face 0.06874361 992 561 1129 763
face 0.06871992 571 1500 790 1686
face 0.06858727 478 897 712 1105
face 0.06854729 586 1592 803 1778
face 0.068493515 1055 1763 1156 1884
face 0.06817915 322 1076 432 1348
face 0.06802439 1161 -18 1244 79
face 0.06776957 1214 7 1350 194
face 0.067764156 358 1605 564 2004
face 0.06768536 856 1123 1090 1537
face 0.06762277 1094 1043 1383 1581
face 0.06741544 1137 1747 1247 1892
face 0.06731655 707 -45 1188 835
face 0.06718365 1037 577 1163 835
face 0.067041285 216 -67 663 867
face 0.06688338 1130 655 1253 918
face 0.06677525 961 1538 1072 1822
face 0.06666958 1182 1742 1343 2136
face 0.06664706 929 1758 1016 1975
face 0.06657156 1133 1847 1299 2167
