face 0.9999902 428 587 1060 1486
face 0.11862957 36 256 1577 1888
face 0.110855244 1053 1890 1178 2016
face 0.10870605 1002 1824 1234 2110
face 0.10350909 427 883 690 1308
face 0.09052112 503 8 754 321
face 0.086090036 1005 697 1180 1109
face 0.08535485 1110 1868 1171 1949
face 0.0848779 600 1387 780 1534
face 0.0843304 1152 1858 1214 1947
face 0.08400118 1080 1873 1132 1945
face 0.08345309 1097 1925 1259 2124
face 0.083118334 589 1000 752 1249
face 0.083039515 1076 1896 1151 1986
face 0.082590364 1102 1820 1175 1905
face 0.082044825 585 1328 785 1485
face 0.0811197 1099 1884 1183 1979
face 0.08042523 1008 1873 1093 1991
face 0.0801556 1026 1873 1081 1953
face 0.07971182 1144 1887 1221 2002
face 0.07967978 1075 1831 1138 1903
face 0.079208165 1141 1814 1217 1911
face 0.07868206 1046 608 1154 942
face 0.07832923 991 1869 1058 1982
face 0.07790502 1033 1943 1201 2115
face 0.07777642 705 1606 881 1792
face 0.07772496 1227 1849 1315 2054
face 0.077632 640 1520 858 1857
face 0.07761446 -25 1287 66 1547
face 0.07732757 587 1405 700 1530
face 0.07730833 -19 1403 76 1672
face 0.07726605 1029 1830 1089 1906
face 0.07725172 1105 1878 1235 2030
face 0.07700042 1162 1908 1289 2148
face 0.076211356 1198 1852 1256 1949
face 0.07617527 205 -40 685 916
face 0.07613488 -10 21 244 335
face 0.07598307 1333 0 1483 235
face 0.07576875 1300 -17 1573 423
face 0.07558158 672 1547 839 1734
face 0.075376496 786 1616 974 1787
face 0.07526791 1322 -12 1402 165
face 0.07520693 988 1824 1047 1905
face 0.075195275 229 16 479 320
face 0.07510984 745 1553 938 1735
face 0.07482897 1189 1804 1265 1912
face 0.074603245 1288 -23 1358 141
face 0.07449014 1042 1243 1152 1440
face 0.07446038 8 9 215 168
face 0.074156605 1076 709 1202 996
face 0.074035466 454 727 664 927
face 0.07377825 556 1248 790 1442
face 0.07296207 588 958 860 1290
face 0.07287008 1066 1798 1144 1876
face 0.072700426 1037 1177 1111 1331
face 0.07248066 1135 1781 1235 1883
face 0.072379336 1020 1215 1116 1407
face 0.07236061 1051 2077 1195 2239
face 0.072299786 1093 1788 1186 1878
face 0.07216353 343 1921 474 2138
face 0.07207641 -33 926 75 1094
face 0.07201626 834 285 1019 462
face 0.07176434 755 226 998 530
face 0.07174221 1039 1802 1107 1877
face 0.07160429 1044 1865 1118 1949
face 0.07145272 972 1842 1034 1935
face 0.07129133 1084 545 1193 878
face 0.07097408 -20 1149 70 1430
face 0.07096625 763 1648 921 1850
face 0.07092622 1561 -36 1683 106
face 0.070826694 1268 -129 1465 244
face 0.07072592 1332 -17 1428 99
face 0.070698634 1030 1078 1104 1274
face 0.07062818 1243 -24 1316 149
face 0.070454754 543 839 770 1198
face 0.07044208 1239 1865 1302 1995
face 0.07042567 1093 -209 1531 639
face 0.07027154 455 2091 580 2235
face 0.07010483 536 1438 649 1597
face 0.06992816 492 -9 583 159
face 0.06980976 1355 -23 1478 109
face 0.06967343 1065 1186 1142 1326
face 0.06962627 30 68 203 230
face 0.069520734 993 1796 1058 1872
face 0.06941927 611 1495 737 1795
face 0.069402225 7 1182 119 1501
face 0.06928246 1157 1861 1267 2025
face 0.06922596 1040 573 1237 1016
face 0.069180876 463 -16 545 139
face 0.06910725 604 1399 821 1743
face 0.06907457 543 1325 766 1600
face 0.06905063 486 24 1109 774
face 0.06903552 773 631 1037 1005
face 0.06894748 919 281 1111 467
face 0.06890442 619 1424 802 1601
face 0.06881503 163 -23 333 106
face 0.06874846 1011 1882 1142 2080
face 0.068681225 1194 1879 1287 1996
face 0.06858937 1086 990 1206 1230
face 0.06852347 4 1599 124 1890
