face 0.99947375 132 345 370 629
face 0.48470324 984 246 1140 410
face 0.14214402 492 131 566 251
face 0.13879839 1020 315 1115 390
face 0.13648356 909 230 980 352
face 0.13337 1120 18 1177 76
face 0.1311312 590 20 672 92
face 0.12960935 1118 62 1161 114
face 0.12830423 822 204 856 238
face 0.11954657 807 207 842 247
face 0.11535425 853 161 933 216
face 0.109566085 646 167 687 215
face 0.106870964 1003 291 1077 366
face 0.10658021 2 -1 49 62
face 0.10599671 861 190 911 236
face 0.103515364 795 219 832 266
face 0.10091625 1037 311 1094 370
face 0.10001788 320 155 462 319
face 0.09939139 1146 15 1188 61
face 0.098887295 584 19 738 199
face 0.09874577 643 153 686 197
face 0.09818102 677 180 712 221
face 0.097668655 645 109 695 158
face 0.09747654 966 9 1027 101
face 0.09689944 1121 8 1167 49
face 0.096792094 1053 305 1142 398
face 0.09671641 658 232 699 285
face 0.09653676 684 161 721 198
face 0.096436165 476 1 632 138
face 0.09638611 1105 16 1146 64
face 0.09634245 944 7 1006 82
face 0.09633608 1053 15 1098 67
face 0.09625367 1042 100 1111 178
face 0.09621183 1156 72 1198 123
face 0.095796145 848 89 956 149
face 0.095724076 856 203 902 251
face 0.09550228 1139 28 1195 102
face 0.09474367 957 6 999 57
face 0.09440494 605 81 672 166
face 0.0942451 352 203 437 290
face 0.0940057 788 240 834 302
face 0.093833745 18 50 68 136
face 0.093624376 686 13 853 187
face 0.093603164 846 54 961 134
face 0.0931589 980 6 1024 61
face 0.093096405 317 11 406 91
face 0.09300039 -2 38 47 135
face 0.092966326 513 6 609 81
face 0.0926725 483 7 575 91
face 0.09263265 20 10 61 63
face 0.09256041 1110 172 1162 227
face 0.092426 815 213 853 260
face 0.09242533 521 119 594 202
face 0.09212681 529 215 589 319
face 0.09202962 483 39 568 132
face 0.0920135 1018 10 1063 62
face 0.09187857 706 153 744 188
face 0.091851465 643 34 722 105
face 0.09170951 200 121 234 159
face 0.09168444 571 1 626 44
face 0.09167803 981 334 1120 407
face 0.09160017 471 129 530 217
face 0.09150515 856 267 908 318
face 0.09140261 558 112 637 173
face 0.09132716 1066 6 1113 51
face 0.09132692 1039 72 1100 154
face 0.09122583 568 150 711 334
face 0.09105378 1104 33 1169 90
face 0.09097614 548 8 638 72
face 0.09095777 1121 104 1160 143
face 0.09082263 1143 67 1186 106
face 0.09071621 328 196 405 286
face 0.09049643 501 5 554 62
face 0.09029643 1123 121 1164 168
face 0.090294585 1145 125 1182 161
face 0.09019042 797 93 967 231
face 0.09013571 680 110 721 154
face 0.090120025 912 4 957 57
face 0.090089284 523 63 600 143
face 0.08994082 851 8 950 87
face 0.08993781 609 146 658 207
face 0.08985205 959 -3 1009 36
face 0.08984591 173 125 207 168
face 0.089740686 1046 37 1106 106
face 0.089727744 1145 146 1186 185
face 0.08967244 649 243 684 284
face 0.089652754 111 116 163 171
face 0.08964001 794 257 852 318
face 0.08958663 542 2 597 45
face 0.089584574 421 288 496 350
face 0.089502856 1060 26 1116 86
face 0.08948922 1004 4 1144 193
face 0.089418724 1154 -3 1209 36
face 0.08939574 564 127 629 212
face 0.08937941 229 139 280 216
face 0.0892982 940 30 1012 135
face 0.08925885 316 24 460 202
face 0.08915286 611 231 655 295
face 0.08909334 163 132 202 183
face 0.08889635 264 184 328 256
face 0.08877791 270 2 324 64
face 0.08852781 507 216 564 322
face 0.08851328 796 13 969 136
face 0.0884495 1086 2 1140 42
face 0.08838568 338 183 411 248
face 0.08834822 1151 102 1187 134
face 0.088215284 1122 149 1164 193
face 0.0881608 1179 16 1241 76
face 0.08814616 1104 315 1182 382
face 0.08813047 653 208 693 270
face 0.08812811 922 323 974 375
face 0.08811285 1094 102 1140 149
face 0.087899655 1013 18 1075 100
face 0.08784301 1193 0 1243 43
face 0.08777144 344 10 440 74
face 0.0877376 672 242 710 287
face 0.08768889 1167 71 1215 110
face 0.08764478 985 -4 1040 37
face 0.0874382 282 166 339 219
face 0.08741238 486 134 549 193
face 0.08736225 0 155 42 234
face 0.08725561 854 226 897 269
face 0.087177545 656 148 700 187
face 0.0871695 509 86 578 158
face 0.08715302 121 66 184 140
face 0.08711296 484 1 534 45
face 0.08711003 285 -3 353 43
face 0.087080345 598 2 658 51
face 0.08701195 894 258 948 330
face 0.086997814 888 221 1017 379
face 0.08696677 14 14 66 103
face 0.0869105 935 165 1003 269
face 0.08690281 124 102 174 156
face 0.08682195 22 145 65 221
face 0.08669235 225 188 287 258
face 0.08660578 880 3 936 48
face 0.086514056 1027 -2 1084 39
face 0.08648926 903 168 981 251
face 0.08648711 1184 101 1225 134
face 0.086308725 1082 37 1138 91
