face 0.9999722 747 1081 1274 1772
face 0.12796234 43 325 1920 2252
face 0.12693314 780 1170 1069 1412
face 0.121739164 66 1361 334 1786
face 0.11751093 864 24 1489 347
face 0.114028566 901 2361 1153 2562
face 0.10641578 486 2362 681 2549
face 0.10428105 870 2488 1056 2694
face 0.089537844 1375 2000 1582 2212
face 0.0887201 504 2243 678 2402
face 0.087947614 24 1173 959 1846
face 0.08786238 255 2254 713 2604
face 0.08625164 459 2273 599 2419
face 0.086217985 385 2305 582 2487
face 0.08612393 157 -39 390 147
face 0.08558289 412 1461 683 1876
face 0.084761314 1880 2413 2003 2620
face 0.08088649 869 2424 1079 2609
face 0.07886504 1625 1724 1930 2167
face 0.07877205 570 2389 725 2540
face 0.07763289 490 2314 672 2472
face 0.07698334 777 2293 1047 2607
face 0.07670507 339 13 979 371
face 0.076395504 768 2385 926 2533
face 0.075885355 745 2509 892 2683
face 0.075851634 555 1543 719 1836
face 0.07540503 161 1372 320 1686
face 0.075358294 1911 169 2019 318
face 0.07435294 1762 -25 1945 143
face 0.07427802 1272 -30 1457 136
face 0.07389259 1303 1246 1444 1595
face 0.07381729 928 1127 1188 1348
face 0.073112 832 2373 991 2549
face 0.072926804 1242 1254 1394 1616
face 0.07283488 1331 1751 1618 2161
face 0.072487816 1285 1419 1432 1668
face 0.07218309 1015 -25 1225 140
face 0.0717775 1291 1939 1450 2253
face 0.071740784 727 2436 879 2588
face 0.07169351 1610 55 1924 452
face 0.071577765 -4 115 273 346
face 0.071513176 311 1263 805 1711
face 0.0714297 1661 3 1927 221
face 0.071392715 429 53 734 286
face 0.07129821 476 -39 713 145
face 0.07127426 3 -35 190 135
face 0.0711652 566 2333 692 2482
face 0.071056135 1037 2365 1245 2546
face 0.0709327 678 2503 834 2679
face 0.070863605 1649 2344 1899 2566
face 0.07083804 837 2325 992 2460
face 0.07076475 1186 1142 1432 1586
face 0.07061982 1110 2350 1321 2543
face 0.07042353 304 1466 470 1771
face 0.070218 1905 233 1998 438
face 0.07018756 701 2291 799 2446
face 0.07014021 1845 17 1997 196
face 0.070105694 -24 2434 112 2605
face 0.07005473 803 2509 955 2687
face 0.07003101 -10 1973 91 2271
face 0.06983046 487 2224 598 2363
face 0.06979806 1687 2252 1881 2510
face 0.069729894 707 114 1000 347
face 0.06963563 217 190 531 425
face 0.06960524 -14 2510 119 2686
face 0.06941424 345 1105 785 1538
face 0.06930937 1868 2492 2018 2684
face 0.069230616 797 2346 916 2482
face 0.06908462 1641 2195 1826 2442
face 0.06875838 -1 2260 172 2597
face 0.068686135 453 2164 729 2500
face 0.06855407 -20 1365 786 2170
face 0.06854788 501 1502 666 1780
face 0.06850724 757 1178 1111 1630
face 0.06837508 665 2444 825 2588
face 0.06824374 1869 -38 2015 129
face 0.06819342 1203 1896 1353 2138
face 0.068130024 192 287 511 906
face 0.06803975 355 147 979 507
face 0.067994155 81 143 669 502
face 0.06793093 1031 -26 1700 898
