face 0.9998035 62 101 441 740
face 0.9937203 452 280 488 421
face 0.9198131 146 369 227 523
face 0.69302803 476 137 502 210
face 0.5908576 449 348 488 478
face 0.30160764 468 134 499 248
face 0.26739088 372 -10 423 48
face 0.1609639 534 197 558 245
face 0.15479045 531 218 557 268
face 0.11458842 478 153 508 275
face 0.11017378 76 -12 134 49
face 0.1064976 184 361 230 487
face 0.10584102 457 239 530 422
face 0.102677904 533 502 559 553
face 0.1022595 530 176 552 243
face 0.08930637 59 161 107 271
face 0.08801724 462 141 493 199
face 0.08801102 389 368 462 539
face 0.08672187 430 347 474 488
face 0.084752284 457 13 535 160
face 0.084747836 451 119 485 225
face 0.084580325 532 527 557 578
face 0.083799995 330 667 377 779
face 0.08327966 461 255 501 394
face 0.08305772 15 82 67 155
face 0.082247 537 170 561 219
face 0.080784135 14 446 76 614
face 0.079607174 379 542 417 674
face 0.07877648 460 67 524 232
face 0.07758203 2 221 43 376
face 0.07740415 530 140 553 216
face 0.076914385 512 199 534 258
face 0.07639225 407 515 494 662
face 0.07620702 528 544 554 623
face 0.074204765 143 401 208 490
face 0.07405063 136 418 220 575
face 0.073778905 528 234 555 314
face 0.0737704 7 147 36 258
face 0.0737408 393 108 450 175
face 0.07371215 71 63 117 161
face 0.07322104 395 180 448 313
face 0.07310255 531 576 561 631
face 0.07309747 462 119 492 172
face 0.072980806 481 185 514 250
face 0.07283659 363 3 427 74
face 0.072756074 535 474 562 528
face 0.072668776 433 98 471 179
face 0.07252912 -52 881 93 1013
face 0.07251798 -8 246 95 412
face 0.0722215 526 -13 559 43
face 0.072061844 103 145 197 296
face 0.07194234 497 154 524 250
face 0.07181722 43 457 80 600
face 0.07176514 513 173 534 232
face 0.071404524 11 52 70 133
face 0.07138711 452 721 600 865
face 0.07137522 434 261 472 422
face 0.0711637 416 79 458 154
face 0.07111821 215 344 291 511
face 0.071000665 16 187 59 299
face 0.07090251 348 -9 396 45
face 0.070835374 332 13 514 369
face 0.070771664 48 216 79 364
face 0.070759326 461 340 497 436
face 0.07074649 529 77 556 171
face 0.0706524 49 143 124 302
face 0.070485726 463 175 502 298
face 0.070461586 527 599 559 657
face 0.07036494 42 163 85 272
face 0.0702414 509 497 574 657
face 0.07019207 404 58 443 136
face 0.07016597 510 165 575 317
face 0.07003004 348 629 385 775
face 0.070006855 3 177 43 313
face 0.06991009 447 237 493 358
face 0.069850974 509 132 535 224
face 0.06980387 506 426 538 532
face 0.069756426 233 -93 399 240
face 0.06960555 -1 93 29 144
face 0.06934323 -3 -9 25 48
face 0.06921905 -4 154 19 247
face 0.06914146 446 83 483 157
face 0.06902533 61 101 100 225
face 0.068961956 526 615 556 701
face 0.06889931 480 117 510 173
face 0.06888607 19 -10 67 48
face 0.068886 317 700 362 805
face 0.068874955 387 212 459 428
face 0.06878218 87 167 165 267
face 0.06876505 511 83 574 248
face 0.0687491 483 -68 578 125
face 0.06869351 480 203 521 279
face 0.06853181 129 648 205 788
face 0.06848707 529 57 561 121
face 0.068316475 434 142 470 251
face 0.06830814 463 93 492 154
face 0.06825553 426 457 477 532
face 0.06814617 33 189 69 329
face 0.067857526 369 159 507 299
face 0.067833684 435 93 494 247
