face 0.9999893 1787 1390 2422 2261
face 0.13005503 67 421 2445 2876
face 0.12268261 1342 2506 1404 2629
face 0.11888722 461 2347 543 2506
face 0.117326334 1302 2527 1361 2645
face 0.111224465 391 2342 481 2499
face 0.1102822 462 2080 518 2203
face 0.108339116 1336 2459 1402 2567
face 0.10759153 427 2374 517 2525
face 0.106941395 457 2148 510 2271
face 0.1067928 416 1135 484 1248
face 0.10650674 1256 2581 1317 2710
face 0.105420135 409 2134 471 2287
face 0.105225794 1222 2633 1282 2755
face 0.10495319 377 2141 453 2345
face 0.10485061 417 2083 480 2230
face 0.104603454 480 2163 537 2277
face 0.10322159 1198 2617 1253 2737
face 0.10295436 496 2351 564 2491
face 0.102683164 1306 2484 1367 2595
face 0.102468476 1045 2245 1112 2366
face 0.10227533 1188 2356 1240 2462
face 0.10180941 699 2328 777 2484
face 0.10165489 1282 2535 1338 2638
face 0.10158026 1097 2287 1157 2399
face 0.10152632 1102 2242 1166 2351
face 0.101380974 505 2297 569 2415
face 0.10134229 1169 2426 1224 2539
face 0.10100615 482 2267 547 2386
face 0.10070588 502 2223 567 2367
face 0.10055151 1167 2260 1226 2363
face 0.10003823 1221 2567 1275 2671
face 0.09995232 1224 2228 1289 2339
face 0.09989972 1007 2252 1075 2382
face 0.0998988 514 1937 597 2122
face 0.099853694 1118 2341 1175 2449
face 0.09978797 1170 2200 1240 2309
face 0.099514134 527 1189 674 1349
face 0.09938486 1312 2542 1385 2695
face 0.099158324 1207 2274 1263 2387
face 0.09914743 1262 2451 1318 2549
face 0.09905621 1291 2586 1354 2709
face 0.0989824 714 2296 791 2431
face 0.098641716 1133 2372 1188 2473
face 0.098349735 1081 2265 1141 2365
face 0.09813769 429 2059 490 2176
face 0.09787965 455 1146 534 1255
face 0.097834565 533 1883 622 2059
face 0.09775206 370 2251 450 2462
face 0.09754518 1179 2512 1236 2629
face 0.09741351 532 2354 600 2475
face 0.09734048 977 2307 1049 2447
face 0.09733583 1276 2404 1335 2508
face 0.09731777 1320 2409 1423 2610
face 0.09731736 975 2448 1049 2606
face 0.097260796 1192 2467 1248 2570
face 0.097230434 357 1157 419 1260
face 0.09706227 511 2185 576 2314
face 0.096940674 420 1185 482 1293
face 0.09690803 460 2038 517 2137
face 0.09686174 1228 2368 1280 2457
face 0.096566945 405 2241 475 2400
face 0.09650633 502 2115 570 2278
face 0.096482925 323 1092 396 1215
face 0.09642738 1531 1272 1691 1622
face 0.096251786 1162 2637 1221 2770
face 0.09624724 473 2194 534 2352
face 0.09610478 563 2275 624 2384
face 0.09604301 1062 2204 1127 2301
face 0.09596958 675 2270 738 2399
face 0.0957065 1163 2353 1218 2453
face 0.09565979 1210 2195 1283 2307
face 0.09563306 1306 2378 1370 2478
face 0.09561536 61 1198 142 1359
face 0.09558472 923 515 989 722
face 0.09554286 1863 32 2136 617
face 0.095521525 1608 46 1896 679
face 0.095289536 437 1198 506 1301
face 0.09528554 1134 2598 1192 2729
face 0.095133 1009 2317 1078 2446
face 0.095099345 979 2394 1054 2542
face 0.09503437 558 2178 621 2290
face 0.094865344 1130 2403 1188 2524
face 0.094722375 668 2345 738 2488
face 0.09469734 693 2371 787 2549
face 0.09462225 784 2266 863 2388
face 0.094390415 599 2361 655 2477
face 0.094348766 456 2254 521 2382
face 0.09430141 1184 2655 1255 2803
face 0.09426895 1066 2330 1126 2448
face 0.09408215 348 2358 437 2518
face 0.09388244 659 2405 741 2569
face 0.09372973 1028 2224 1090 2331
face 0.093710124 950 2288 1023 2425
face 0.09366712 684 2211 753 2332
face 0.09364485 824 2291 898 2412
face 0.09363186 1154 2555 1211 2668
face 0.09359609 1145 2435 1206 2550
face 0.093571335 534 2403 621 2537
face 0.09351934 838 2231 909 2374
face 0.09347555 1436 2356 1570 2613
face 0.09335967 370 2077 455 2252
face 0.093328156 923 2269 1000 2389
face 0.093306616 598 2253 657 2379
face 0.093304455 1137 2656 1199 2814
face 0.09306843 608 2302 666 2409
face 0.09302253 1127 2482 1190 2613
face 0.09297514 651 2268 714 2376
face 0.09283728 364 2047 440 2181
face 0.0928062 1011 2709 1080 2888
face 0.092790246 283 1151 356 1269
face 0.092732094 943 2219 1008 2330
face 0.09270843 384 1196 453 1308
face 0.092666365 496 2028 572 2209
face 0.09254891 930 2322 1008 2456
face 0.092515126 727 2213 796 2332
face 0.09247796 331 1188 394 1300
face 0.09241837 837 2160 909 2291
face 0.09239772 798 2186 866 2294
face 0.092304006 704 2150 778 2294
face 0.09228879 954 2390 1019 2530
face 0.09221843 268 1212 341 1334
face 0.09220605 956 421 1007 517
face 0.09219322 36 1061 110 1238
face 0.0921851 53 1128 124 1278
face 0.09191654 990 2193 1059 2300
face 0.09175586 601 2411 667 2550
face 0.091743074 1197 2542 1253 2641
face 0.091730125 976 461 1040 633
face 0.09171673 945 453 997 568
face 0.09169383 1013 2411 1086 2538
face 0.091651335 488 1149 611 1280
face 0.09161922 1353 2409 1464 2576
face 0.091531835 338 1071 420 1190
face 0.091480434 829 2213 892 2318
face 0.09144706 1404 1136 1711 1699
face 0.091428794 803 2298 877 2445
face 0.09140947 1503 79 1705 504
face 0.09135198 489 2363 588 2559
face 0.09134719 1568 1177 1656 1428
face 0.09132586 299 2228 578 2663
face 0.09112784 863 2271 943 2414
face 0.09091476 991 2583 1057 2729
face 0.09091382 1261 1322 1426 1585
face 0.09084381 474 1198 561 1310
face 0.09076838 620 2420 704 2547
face 0.090730965 1240 2308 1302 2443
face 0.0907004 1008 2628 1077 2770
face 0.09064446 759 2327 859 2477
face 0.09063291 947 480 1001 637
face 0.09062972 607 2207 671 2326
face 0.09047902 407 2001 477 2131
face 0.09044914 667 2139 743 2294
face 0.090405054 1214 32 1473 590
face 0.090314 1617 1136 1692 1354
face 0.09030403 400 1074 499 1186
face 0.09011802 1348 2473 1442 2633
face 0.09011035 652 2188 721 2300
face 0.09005766 862 2198 934 2317
face 0.08998134 233 1135 323 1272
face 0.08990736 935 2439 999 2590
face 0.08976365 838 2115 916 2239
face 0.08974226 385 2029 460 2144
face 0.08973209 1028 2656 1098 2826
face 0.08968952 408 1239 478 1358
face 0.089527845 1059 2620 1125 2762
face 0.089294516 1293 2237 1366 2359
face 0.08928832 1577 1271 1669 1472
face 0.089278236 1027 2776 1089 2923
face 0.089203954 260 1059 354 1224
face 0.08898018 1289 2178 1371 2305
face 0.08888333 696 2269 767 2383
face 0.08886326 600 2082 898 2611
face 0.088806175 1246 18 1321 186
face 0.088744015 315 1286 402 1415
face 0.08873551 1048 2340 1116 2494
face 0.08860855 1112 2142 1189 2262
face 0.08844215 379 2442 491 2593
face 0.088411435 788 2436 868 2582
face 0.08839447 1529 1082 1784 1650
face 0.08833506 978 383 1032 474
face 0.088331126 1330 2322 1457 2551
face 0.0881618 1053 2680 1126 2851
face 0.08807074 1557 1105 1648 1324
face 0.08805578 420 1949 485 2057
face 0.08798658 1003 416 1058 516
