face 0.9830657 633 1031 1179 1676
face 0.12354392 903 1071 1155 1479
face 0.12128631 1213 1856 1427 2297
face 0.1171829 22 35 239 449
face 0.11519399 147 2021 357 2469
face 0.114157036 26 1993 237 2439
face 0.10574299 964 2081 1159 2462
face 0.104989424 1259 2079 1389 2362
face 0.093590386 496 1639 825 2052
face 0.092173435 1008 1944 1343 2354
face 0.090978295 1403 -35 1493 116
face 0.08835081 104 2026 242 2305
face 0.08703775 530 1828 938 2170
face 0.086736344 412 765 624 1205
face 0.085462056 1404 1992 1495 2172
face 0.08529528 865 1270 1083 1500
face 0.083723105 324 2129 562 2538
face 0.08290837 1311 -27 1418 122
face 0.080102414 81 6 262 228
face 0.076008454 1409 1864 1495 2035
face 0.074935764 1018 2159 1233 2533
face 0.074026465 491 2052 939 2491
face 0.07325059 -20 -72 60 171
face 0.071961656 686 1078 890 1311
face 0.07182182 354 901 772 2043
face 0.07178954 4 2176 193 2560
face 0.071402974 1402 1924 1493 2103
face 0.07119557 948 1915 1160 2337
face 0.071061745 182 -257 615 690
face 0.07079908 1043 1250 1299 1801
face 0.07040261 1400 2343 1496 2511
face 0.07024248 1419 1801 1497 1963
face 0.07012661 220 2078 364 2391
face 0.0700749 578 1762 750 1991
face 0.06975107 1162 1266 1345 1780
face 0.0695986 871 1068 1093 1321
face 0.069543146 257 2036 476 2470
face 0.06921148 -21 2407 81 2576
face 0.06919955 922 818 1254 1248
face 0.06855746 17 106 178 362
face 0.068550795 646 2082 1086 2460
face 0.06850264 322 377 766 1528
face 0.06845881 1139 21 1346 472
face 0.068402916 1097 2228 1319 2558
face 0.06832877 967 2065 1089 2353
face 0.06795749 1357 -33 1433 190
face 0.06765871 328 23 539 473
face 0.06742921 1395 22 1488 193
face 0.06730191 967 801 1137 1038
face 0.06728747 1061 1820 1434 2154
face 0.067260735 939 632 1160 1037
