face 0.999895 425 240 1247 1417
face 0.4572191 948 819 1209 1202
face 0.111003496 729 11 874 185
face 0.11060613 1180 1308 1374 1738
face 0.098011024 758 -3 853 123
face 0.09267912 653 13 777 182
face 0.08781187 719 2 798 145
face 0.083904624 1260 1367 1471 1783
face 0.08366632 1399 1427 1593 1830
face 0.08297357 687 -104 908 222
face 0.0817535 679 3 751 135
face 0.08153808 784 -16 905 103
face 0.08087508 25 1130 116 1382
face 0.07961096 633 -12 734 93
face 0.07946814 876 -21 989 94
face 0.079185255 29 1041 114 1289
face 0.07913588 920 -23 1046 105
face 0.07901763 828 1790 1163 2191
face 0.07887506 796 1 941 171
face 0.07813613 -11 1112 53 1305
face 0.07794627 63 1025 158 1279
face 0.07750623 1516 56 1615 355
face 0.07712977 13 736 114 1091
face 0.07697399 1586 -27 1677 93
face 0.076583214 325 47 592 364
face 0.07636843 1577 1598 1666 1821
face 0.07621245 1346 1271 1538 1714
face 0.07563269 1337 983 1471 1242
face 0.0748417 1081 17 1329 340
face 0.07479975 1279 963 1446 1157
face 0.07452378 53 766 157 1061
face 0.07449185 835 -16 921 134
face 0.074386306 1421 1009 1554 1220
face 0.07396433 1227 1877 1471 2161
face 0.07392287 700 15 815 205
face 0.07377379 941 53 1196 370
face 0.07375841 992 -20 1119 102
face 0.07365286 815 -80 1210 235
face 0.07356316 16 1185 86 1303
face 0.07323738 118 981 202 1268
face 0.07291891 60 902 154 1160
face 0.07288806 1302 1506 1506 1886
face 0.07283553 1079 25 1257 192
face 0.07253916 1424 1370 1545 1733
face 0.072438486 13 1134 87 1250
face 0.07208521 1382 1688 1589 2038
face 0.071573645 1027 166 1174 363
face 0.0715265 1596 1691 1682 1824
face 0.071499534 -22 957 50 1201
face 0.07146456 520 -11 609 89
face 0.07137978 53 643 158 953
face 0.07137791 606 1880 884 2160
face 0.071294956 1571 23 1671 165
face 0.07121556 605 -115 819 208
face 0.071188346 1257 966 1376 1264
face 0.07114425 1600 1237 1686 1365
face 0.07110324 1293 1661 1416 1945
face 0.07097031 923 283 1162 621
face 0.07087666 1221 966 1329 1285
face 0.07087453 536 5 783 269
face 0.070841946 512 1303 743 1751
face 0.07080867 1585 1733 1665 1944
face 0.070746295 1366 979 1524 1149
face 0.07073667 273 805 460 1249
face 0.07071918 -3 1230 58 1419
face 0.07055056 924 10 1101 179
face 0.07041735 1032 96 1248 294
face 0.070405126 1580 1031 1667 1259
face 0.07033199 91 1057 180 1199
face 0.07032405 1376 1043 1511 1329
face 0.07031616 851 14 1007 159
face 0.07030091 989 850 1185 1065
face 0.07022637 560 8 700 179
face 0.070224576 1427 1244 1554 1594
face 0.07021187 1421 1591 1553 1908
face 0.07015362 13 856 206 1293
face 0.070110366 1178 680 1283 976
face 0.07005098 1069 204 1208 435
face 0.069966204 597 -10 693 90
face 0.06986995 1256 1457 1382 1830
face 0.06986195 1217 658 1328 989
face 0.06984882 1421 -11 1631 375
face 0.069795854 482 21 621 170
face 0.06979085 1072 319 1207 556
face 0.06972029 48 504 160 853
face 0.069710255 1301 1224 1420 1617
