face 0.99983203 277 217 530 619
face 0.11765083 94 66 618 881
face 0.11502198 505 461 593 619
face 0.11219064 584 519 717 688
face 0.09919386 535 449 632 606
face 0.08600269 569 473 640 583
face 0.08541508 606 682 693 869
face 0.08509764 339 211 457 373
face 0.08454894 534 418 717 556
face 0.08357635 605 475 802 608
face 0.083380006 597 568 788 702
face 0.08310486 571 666 653 838
face 0.08244097 292 615 420 777
face 0.08146903 -1 793 89 957
face 0.079998344 527 477 603 575
face 0.07935979 506 -10 734 326
face 0.07884586 -13 856 42 952
face 0.078424625 612 419 803 554
face 0.07737876 608 50 801 196
face 0.07692546 38 717 126 891
face 0.07673864 699 644 748 712
face 0.07598765 532 475 721 619
face 0.075557485 703 702 747 812
face 0.07463327 138 728 232 928
face 0.074301764 5 887 81 967
face 0.07422032 701 660 743 761
face 0.07313169 95 718 150 883
face 0.07285612 375 760 488 940
face 0.07269355 79 685 182 930
face 0.07257745 611 619 797 755
face 0.072451465 700 745 747 868
face 0.07235483 -8 800 35 918
face 0.07166878 118 683 208 886
face 0.07150526 76 747 132 901
face 0.07111165 -13 926 46 996
face 0.07103673 678 727 762 896
face 0.07102054 651 469 748 708
face 0.07054115 697 -15 749 46
face 0.0704463 370 8 642 332
face 0.07039834 298 432 396 605
face 0.0699562 501 250 551 384
face 0.06932801 37 777 94 931
face 0.06921031 -28 780 54 941
face 0.06902174 518 672 573 784
face 0.06900251 632 437 684 523
face 0.068983726 -12 -33 152 105
face 0.06889204 463 693 521 820
face 0.06843109 674 646 721 767
face 0.06786186 455 61 693 433
face 0.067607105 28 848 95 955
face 0.06750734 607 555 707 647
face 0.06745021 697 584 741 685
face 0.06725723 422 47 643 200
face 0.06723406 672 585 722 717
face 0.0668925 689 818 750 894
face 0.06687392 635 704 719 885
face 0.06686733 175 -1 380 413
face 0.06686644 -47 296 90 464
face 0.06680242 583 460 658 541
face 0.06674339 -72 877 115 1014
face 0.06659087 117 687 171 824
face 0.066517144 440 646 498 764
face 0.0664841 532 573 602 677
face 0.06632386 619 159 808 298
face 0.06632262 -50 450 89 625
face 0.06616853 496 677 555 831
face 0.065954 642 888 721 965
face 0.06574109 190 263 246 422
face 0.0657295 405 219 518 384
face 0.06572097 615 677 800 813
