face 0.9999877 80 40 269 273
face 0.99648213 371 157 518 329
face 0.12129057 -8 143 25 203
face 0.11425831 400 202 504 292
face 0.11325637 485 123 527 172
face 0.112677835 90 32 557 452
face 0.096673846 -1 106 30 159
face 0.09655536 2 77 43 151
face 0.0903825 -28 132 34 210
face 0.08919899 494 119 521 152
face 0.08888755 367 182 476 275
face 0.08675512 499 111 533 155
face 0.08601728 490 110 521 139
face 0.08586123 -15 167 27 223
face 0.085753016 -23 88 43 170
face 0.0856441 517 95 556 157
face 0.08499749 489 139 546 191
face 0.0844322 563 239 617 315
face 0.0840092 2 133 29 161
face 0.08379727 332 3 403 94
face 0.083762296 -4 -3 27 25
face 0.08375502 134 144 188 200
face 0.083275035 473 122 509 174
face 0.0830102 -4 3 32 39
face 0.082895406 474 152 535 204
face 0.08254451 7 129 33 188
face 0.08246768 403 395 471 480
face 0.081644095 38 3 116 86
face 0.081623524 115 160 176 215
face 0.08152978 0 170 47 227
face 0.081310056 312 16 359 82
face 0.08121807 470 17 587 116
face 0.08067348 -1 141 24 177
face 0.08050449 278 87 312 158
face 0.08035486 499 348 543 422
face 0.08016141 291 0 373 94
face 0.07992743 19 182 64 257
face 0.07965345 358 352 403 428
face 0.079277664 485 359 527 423
face 0.079130076 550 255 627 350
face 0.07864159 11 3 67 39
face 0.07861437 461 75 547 154
face 0.07781828 363 345 435 439
face 0.07776767 511 311 562 383
face 0.077757835 342 337 391 418
face 0.07742897 8 -4 44 26
face 0.07732322 163 6 250 80
face 0.07717664 37 169 81 235
face 0.07712007 344 295 391 385
face 0.07683689 498 92 542 136
face 0.07680049 24 162 66 209
face 0.076607175 394 277 481 368
face 0.076436 2 223 78 316
face 0.07617538 457 109 527 183
face 0.07611049 487 323 558 406
face 0.07584275 243 14 284 80
face 0.0757869 345 215 387 289
face 0.07575787 466 133 514 194
face 0.07571487 396 248 495 328
face 0.07559043 427 131 511 207
face 0.07547964 297 39 341 85
face 0.07521093 43 209 110 293
face 0.07502217 622 259 663 319
face 0.07495299 481 120 504 152
face 0.07462645 3 214 52 290
face 0.07450986 26 133 58 189
face 0.07449803 519 258 594 348
face 0.07448296 622 238 661 289
face 0.0742483 0 187 101 297
face 0.074159354 -31 -31 45 44
face 0.074127845 599 320 640 412
face 0.074113496 49 129 85 162
face 0.07384025 466 386 510 467
face 0.07383268 445 6 497 35
face 0.07381043 618 0 663 39
face 0.073733754 356 14 406 78
face 0.07370062 511 146 558 209
face 0.07360689 260 22 297 83
face 0.07357371 294 215 338 289
face 0.07339754 359 398 404 478
face 0.073298514 28 4 86 63
face 0.073256515 297 105 334 168
face 0.073092 220 3 272 61
face 0.07292687 86 296 179 372
face 0.072838455 368 -12 523 217
face 0.07264795 483 359 552 451
face 0.07263958 512 125 552 181
face 0.07260595 85 10 134 81
