face 0.9990609 576 566 1356 1609
face 0.13440008 1546 2110 1767 2557
face 0.11984118 1635 1905 1757 2360
face 0.1182456 401 2063 584 2285
face 0.11297612 49 2190 345 2559
face 0.111175746 47 2041 319 2428
face 0.09776083 356 2083 612 2456
face 0.0974961 132 2034 434 2369
face 0.09579874 368 2129 529 2335
face 0.0936794 1365 1977 1700 2574
face 0.09276611 92 464 205 704
face 0.09275796 611 2133 755 2400
face 0.08964767 119 2139 257 2331
face 0.08894186 312 1979 609 2321
face 0.08891454 404 2057 530 2176
face 0.08871496 1635 1847 1740 2159
face 0.08857648 412 2017 514 2109
face 0.088346265 108 2219 294 2417
face 0.0877879 79 2086 187 2295
face 0.08778365 1590 1941 1687 2227
face 0.08733181 1654 1813 1751 2019
face 0.08715979 184 2157 388 2376
face 0.08707229 1414 1859 1510 2009
face 0.08643433 297 1833 603 2179
face 0.08602324 118 2086 272 2243
face 0.08531163 305 2151 472 2340
face 0.085271105 -13 2443 83 2603
face 0.08502266 1574 2223 1728 2440
face 0.0849764 106 2513 222 2670
face 0.0848979 732 2057 808 2194
face 0.08477364 821 2043 885 2164
face 0.08475296 742 2020 811 2124
face 0.08463318 353 2013 451 2105
face 0.08450516 1735 1773 1860 2084
face 0.08440911 813 2011 880 2121
face 0.084275104 284 2021 403 2138
face 0.08398825 395 1973 494 2074
face 0.08383296 103 518 244 914
face 0.08382343 1460 1853 1554 2007
face 0.083823174 919 1980 994 2099
face 0.08366102 1530 1875 1747 2405
face 0.08361376 -7 2370 112 2530
face 0.08352497 1800 17 1939 206
face 0.083231345 884 1993 958 2128
face 0.08289104 1037 1919 1109 2015
face 0.08250784 221 2076 524 2423
face 0.08244175 692 2208 782 2397
face 0.082174644 467 2063 718 2428
face 0.08209412 1887 -11 1981 180
face 0.08209146 344 2052 462 2160
face 0.0817697 38 2071 107 2180
face 0.081684425 1016 1955 1122 2137
face 0.08143337 953 1969 1048 2098
face 0.081415415 221 2020 412 2184
face 0.08130252 1809 -15 1928 126
face 0.08109255 -5 2058 58 2231
face 0.08108686 1438 -9 1515 118
face 0.080870256 923 1943 1000 2047
face 0.080740705 1633 1769 1744 1945
face 0.0807077 1672 1674 1903 2150
face 0.0807076 693 2029 806 2241
face 0.08069173 1088 2278 1144 2399
face 0.0806549 506 2026 666 2177
face 0.08064687 1174 1950 1249 2117
face 0.08056912 865 2019 942 2174
face 0.080507234 1888 321 1982 518
face 0.08038914 1114 1957 1185 2110
face 0.08030262 438 2035 557 2152
face 0.08026533 761 1997 824 2102
face 0.08026202 885 1956 960 2073
face 0.08023597 466 7 539 185
face 0.080226675 1115 -35 1323 139
face 0.08019561 1895 408 1997 626
face 0.08017276 1604 1868 1706 2094
face 0.08016883 246 -160 479 467
face 0.07970773 621 2010 772 2251
face 0.07970591 1013 2197 1108 2442
face 0.07967939 1343 2155 1557 2587
face 0.07956218 48 2117 121 2241
face 0.07949238 818 1955 896 2070
face 0.079462744 513 2176 777 2532
face 0.07946043 1058 1898 1135 2012
face 0.07935987 757 1960 829 2059
face 0.07929625 -5 1981 58 2160
face 0.079265974 1556 2217 1658 2423
face 0.07922269 322 2109 483 2258
face 0.07922236 969 1943 1045 2037
face 0.07907285 569 2072 744 2319
face 0.07897002 1073 2208 1144 2377
face 0.07894603 441 1978 548 2088
face 0.07890402 1657 1938 1782 2158
face 0.07888319 1583 1766 1712 1922
face 0.07883164 -34 2309 79 2580
face 0.07868707 1720 1856 1838 2239
face 0.078677215 1477 1900 1562 2080
face 0.078653276 15 2068 81 2200
face 0.078650884 1089 2520 1196 2671
face 0.07860823 1478 1971 1567 2179
face 0.07860294 1417 -4 1527 225
face 0.078578696 192 2092 384 2289
face 0.07857699 -5 2126 57 2299
face 0.07851475 738 2094 832 2299
face 0.07848188 338 1962 440 2068
face 0.07848126 814 2090 887 2248
face 0.07846243 1525 1888 1621 2100
