face 0.9983948 223 120 652 747
face 0.9800996 336 399 455 561
face 0.2234487 241 658 348 818
face 0.20382994 122 165 279 710
face 0.118028864 608 1 709 145
face 0.112205796 509 -15 588 52
face 0.1081206 156 3 254 151
face 0.10232065 449 -15 533 52
face 0.102300815 250 417 348 604
face 0.10023705 670 26 721 176
face 0.091803245 550 -14 625 51
face 0.08932627 584 -1 661 93
face 0.085407734 701 734 746 875
face 0.08079394 592 -10 659 49
face 0.07916151 490 4 598 137
face 0.07895776 348 342 401 482
face 0.07844058 410 497 489 600
face 0.07827865 613 56 709 222
face 0.0766964 504 273 616 398
face 0.0764177 23 926 85 996
face 0.07638347 230 479 279 616
face 0.07551463 433 1 543 81
face 0.07541539 517 -1 614 81
face 0.07508554 3 -2 92 165
face 0.07494904 158 38 212 179
face 0.07486113 213 132 314 328
face 0.0747655 -67 881 124 1013
face 0.07423511 243 165 358 335
face 0.07417729 491 -44 599 86
face 0.07355559 586 -64 687 157
face 0.073187515 528 384 638 583
face 0.072014414 99 -9 297 411
face 0.0719901 303 -25 511 98
face 0.07183623 687 922 751 998
face 0.07130915 698 -14 746 44
face 0.07120733 674 87 722 245
face 0.07113162 259 120 379 280
face 0.07103079 328 453 401 543
face 0.070780486 406 -16 496 52
face 0.07041138 695 852 746 965
face 0.07036593 12 897 89 964
face 0.07029485 703 273 741 384
face 0.069807835 97 19 192 208
face 0.0695911 -7 -13 25 56
face 0.06954427 689 237 763 411
face 0.069290884 606 794 707 959
face 0.06911778 698 105 748 177
face 0.06908364 675 14 760 184
face 0.0690217 248 520 303 632
face 0.06900479 312 473 372 578
face 0.06882645 679 83 763 255
face 0.06880488 14 -14 221 412
face 0.06878694 233 460 323 634
face 0.06873767 171 438 264 626
face 0.06872895 654 556 706 706
face 0.06872726 701 220 741 331
face 0.0687042 179 609 264 689
face 0.068686865 373 482 445 573
face 0.06867114 524 301 635 460
face 0.06851208 244 -2 353 80
face 0.0684333 54 566 156 728
face 0.06827816 548 -44 654 92
face 0.06816987 146 517 250 675
face 0.06786824 478 0 577 78
face 0.06782831 453 354 552 437
face 0.06777034 698 117 742 232
face 0.06774437 173 261 228 431
face 0.067632966 37 241 145 541
face 0.06749292 142 2 228 82
face 0.067480944 13 -8 57 39
face 0.067343704 27 -8 76 41
face 0.067321286 340 473 412 583
face 0.067318134 704 318 743 438
face 0.06727907 549 15 652 168
face 0.06726756 119 162 205 343
face 0.06716343 5 141 225 582
face 0.06710752 208 572 278 678
face 0.06704795 283 489 355 616
face 0.067043684 606 875 805 1013
face 0.06696726 241 24 355 175
face 0.06694756 613 128 708 288
face 0.0669401 61 6 153 191
face 0.066925205 691 8 742 74
face 0.066893056 -9 20 33 159
face 0.06682801 686 749 762 920
face 0.066746056 148 -12 218 48
face 0.06669988 99 346 252 522
face 0.066549905 634 1 717 86
face 0.06654202 18 2 78 95
