face 0.99998856 219 205 565 723
face 0.13068514 294 1156 310 1195
face 0.12908766 275 1153 294 1197
face 0.12560572 289 1161 306 1208
face 0.12400732 299 1164 317 1205
face 0.12377122 312 1148 327 1185
face 0.12343796 312 1169 330 1209
face 0.12259948 288 1147 305 1186
face 0.12194808 320 1154 336 1192
face 0.121906586 256 1147 276 1196
face 0.121900916 268 1161 289 1209
face 0.12130544 249 1156 271 1207
face 0.11817275 321 1167 340 1208
face 0.11683854 314 1128 330 1163
face 0.11558912 290 1176 309 1225
face 0.11501685 295 1124 311 1158
face 0.11498781 275 1124 292 1160
face 0.114452995 236 1159 260 1212
face 0.11245791 297 1200 319 1244
face 0.11238616 256 1121 275 1162
face 0.11056678 274 1099 291 1132
face 0.11032112 245 1143 264 1191
face 0.11030233 223 1141 244 1195
face 0.110231705 291 1099 308 1131
face 0.1101438 211 1155 237 1214
face 0.109586835 269 1119 287 1157
face 0.10951243 308 1116 323 1149
face 0.10933684 314 1203 336 1248
face 0.10911586 289 1120 306 1155
face 0.10892186 329 1166 350 1214
face 0.10863672 471 -2 763 190
face 0.10845129 330 1145 351 1191
face 0.106557734 253 1096 272 1133
face 0.10628295 284 1084 302 1118
face 0.10469334 270 1199 293 1247
face 0.104591325 323 1123 345 1167
face 0.10439124 307 1097 327 1134
face 0.104299 297 1085 315 1118
face 0.10394658 243 1112 263 1154
face 0.10389364 288 1200 312 1253
face 0.10361555 224 1114 246 1164
face 0.10197038 214 1128 238 1189
face 0.10195097 253 1199 280 1250
face 0.10157328 324 1201 348 1247
face 0.101519965 196 1136 219 1195
face 0.10132075 163 1082 276 1300
face 0.10059564 267 1084 286 1119
face 0.10006616 220 1086 245 1136
face 0.09993825 240 1196 268 1249
face 0.09983339 185 1134 211 1207
face 0.09942546 217 1058 325 1275
face 0.09916395 210 1100 237 1158
face 0.098427266 308 1230 335 1275
face 0.09842566 332 1200 362 1250
face 0.097118236 295 1223 321 1268
face 0.094946116 306 1080 329 1119
face 0.094552375 264 1061 291 1107
face 0.094294816 182 1098 214 1183
face 0.09375031 192 1092 225 1167
face 0.09364695 283 1230 309 1275
face 0.093423635 284 1061 312 1109
face 0.09311999 267 1226 293 1271
face 0.0923353 238 1117 355 1311
face 0.09208236 222 1193 256 1253
face 0.09186635 328 1109 354 1152
face 0.09183647 382 -42 634 134
face 0.09177705 175 1058 217 1155
face 0.09164677 248 1229 278 1278
face 0.091535434 181 1157 212 1239
face 0.09121587 203 1184 239 1251
face 0.09106154 259 1026 372 1247
face 0.0908493 239 1079 263 1125
face 0.09081294 740 140 820 238
face 0.090661846 169 1125 202 1201
face 0.08958489 319 1220 346 1267
face 0.08891686 238 1224 268 1273
face 0.08879306 242 1059 270 1108
face 0.088093184 203 1056 239 1126
face 0.08808495 271 1042 303 1092
face 0.08782361 204 1215 242 1280
face 0.087584466 188 992 313 1221
face 0.087101616 247 1041 281 1092
face 0.08629559 146 1059 202 1178
face 0.08622545 564 396 634 546
face 0.08605849 338 1231 373 1280
face 0.08602669 326 1082 358 1138
face 0.08591121 167 1150 199 1226
face 0.08575232 157 1113 193 1209
face 0.08565031 218 1225 256 1282
face 0.08540891 287 1042 321 1092
face 0.08536772 368 459 560 669
face 0.08504131 184 1214 225 1282
face 0.08496617 141 1009 255 1237
face 0.08487293 428 6 545 108
face 0.08472961 155 1150 192 1250
face 0.08466466 420 63 705 264
face 0.08464511 119 1069 227 1306
face 0.084307924 250 1001 296 1091
face 0.08409493 298 1264 340 1329
face 0.08321929 303 1052 336 1109
face 0.08266734 314 -105 600 173
face 0.08265131 290 1094 400 1287
face 0.08220744 214 1033 257 1096
face 0.08211947 353 1139 387 1206
face 0.08166964 165 1013 223 1122
face 0.08132477 319 1264 362 1329
face 0.08132235 904 1202 978 1316
face 0.08088137 167 1188 203 1255
face 0.08081225 339 1265 386 1330
face 0.080733195 272 1265 313 1329
face 0.08069191 154 1211 194 1286
face 0.08067751 329 1067 368 1122
face 0.08033668 295 -51 482 145
face 0.08022183 883 1249 975 1351
face 0.080112696 243 1263 286 1329
face 0.079470314 935 1160 1000 1303
face 0.07880785 132 990 207 1134
face 0.07851358 273 995 321 1090
face 0.0784294 111 1032 176 1202
face 0.07784858 809 27 880 226
face 0.07754874 212 1260 259 1330
face 0.077094056 439 124 653 359
face 0.07697012 596 390 665 562
face 0.07675765 413 3 749 426
face 0.07658742 235 943 360 1172
face 0.076586165 165 1259 213 1330
face 0.076524675 163 957 279 1166
face 0.07647296 571 446 641 614
face 0.07595076 354 1099 398 1179
face 0.07574542 76 1055 146 1193
face 0.07569629 304 1034 346 1092
face 0.07568815 596 455 666 625
face 0.07561959 348 1186 390 1256
face 0.07558833 189 986 246 1108
face 0.07522954 0 797 118 1050
face 0.075122364 185 1258 235 1330
face 0.0747882 768 105 849 234
face 0.07466311 418 220 560 458
face 0.07464341 225 1001 271 1094
face 0.07441293 828 11 910 181
face 0.07428393 347 -17 551 213
face 0.07414113 58 1018 165 1222
face 0.07411117 907 1116 1027 1320
face 0.07410137 538 380 627 496
