face 0.99950886 431 762 1258 1863
face 0.1577088 49 311 1901 2258
face 0.12256017 1896 1517 1983 1701
face 0.12145167 -13 17 253 449
face 0.10978166 989 30 1815 663
face 0.10511987 1791 1605 1894 1794
face 0.10126513 1845 1572 1929 1733
face 0.101178735 1484 2203 1753 2570
face 0.08919403 1896 1589 1994 1770
face 0.08915567 898 1914 1037 2159
face 0.087407164 404 499 678 873
face 0.08733432 1770 1600 1844 1736
face 0.08396513 549 387 1026 815
face 0.08384874 -15 -32 91 129
face 0.08344563 533 823 840 1232
face 0.082432196 1743 1546 1831 1717
face 0.08149996 1304 1128 1444 1435
face 0.081237584 336 1106 450 1452
face 0.08077199 -3 2525 122 2678
face 0.079197735 1582 1600 1702 1834
face 0.07915564 1801 1587 1881 1704
face 0.07857544 784 1318 1106 1748
face 0.07857376 1913 1501 2012 1638
face 0.07854752 168 1777 405 2278
face 0.077195294 1831 1639 1933 1902
face 0.07708481 1533 947 1883 1558
face 0.07707484 1252 1230 1393 1630
face 0.07696683 1019 1933 1313 2360
face 0.07675893 1138 2091 1696 2558
face 0.07674663 747 54 1522 753
face 0.0767284 1901 1684 1992 1899
face 0.07670819 1753 1628 1849 1816
face 0.07669779 1169 1280 1391 1749
face 0.0765303 387 382 704 740
face 0.076192304 1899 646 2015 807
face 0.07618792 1923 1689 2021 1838
face 0.076067224 1168 51 1528 427
face 0.075924404 1683 1450 1912 1882
face 0.07563633 42 1956 118 2186
face 0.07560469 225 1983 445 2235
face 0.07556028 1630 1631 1725 1787
face 0.0753215 948 267 1140 520
face 0.07526115 1898 1333 1995 1551
face 0.07499573 372 1084 497 1500
face 0.074955076 1922 1764 2016 1909
face 0.0747463 657 288 1109 687
face 0.07466572 1781 423 1925 620
face 0.07463718 901 1765 1034 2032
face 0.07439745 1590 -37 1791 129
face 0.07431946 978 1908 1152 2169
face 0.074317016 58 2503 229 2690
face 0.07402326 1254 1104 1400 1464
face 0.07379298 897 246 1775 1052
face 0.073555 823 157 1422 536
face 0.073195316 1909 1127 2021 1285
face 0.07257129 1714 602 1893 853
face 0.07245316 1305 972 1431 1321
face 0.07243695 1924 1421 2024 1561
face 0.07231315 1576 2237 1708 2443
face 0.0720968 21 -30 169 114
face 0.07207985 1898 2370 2015 2540
face 0.071918726 1905 582 2019 738
face 0.07191184 1867 -41 2016 123
face 0.07188798 93 -36 278 133
face 0.07186806 1333 2128 1498 2394
face 0.07178641 1647 20 1933 428
face 0.071739376 1911 1201 2017 1360
face 0.07171464 1745 387 1908 533
face 0.07166968 864 1858 1087 2238
face 0.071546495 1200 1436 1455 1893
face 0.071523026 1226 1119 1527 1828
face 0.07147453 1289 501 1452 798
face 0.07136657 1194 2103 1448 2558
face 0.07129453 1915 2243 2015 2396
face 0.0712449 1908 1268 2015 1428
face 0.07119444 489 99 1219 723
face 0.07112614 128 2044 213 2184
face 0.071056046 1720 1634 1801 1779
face 0.07085195 861 1907 973 2180
face 0.07081959 881 1879 980 2069
face 0.07072429 -3 2464 113 2596
face 0.07060655 66 318 462 925
face 0.07048705 1359 1132 1510 1434
face 0.07047939 1518 2223 1672 2466
face 0.070445724 1536 581 2011 945
face 0.07041248 949 723 1243 1130
face 0.070392914 1779 478 1907 712
face 0.070297085 1752 1506 1870 1650
face 0.07018712 1540 1507 1744 1883
face 0.07016975 -28 -9 89 254
face 0.070150174 1913 1825 2014 1980
face 0.070099235 607 841 854 1075
