face 0.99876606 376 438 1545 1987
face 0.998442 4 1439 148 1677
face 0.17948891 10 69 178 312
face 0.13881782 88 1502 271 1714
face 0.12216146 719 2515 829 2666
face 0.11029691 751 2463 855 2589
face 0.107495286 -11 71 248 422
face 0.1048875 -9 379 225 800
face 0.10443115 238 2285 421 2576
face 0.09068621 1882 -12 1975 184
face 0.088255644 35 465 177 749
face 0.08660346 1472 1906 1923 2374
face 0.085852124 387 1896 668 2302
face 0.08493992 1892 -36 2013 118
face 0.08431163 804 2431 896 2564
face 0.08401823 757 2400 867 2521
face 0.083601706 168 2187 316 2336
face 0.08329032 47 2004 310 2422
face 0.083164334 264 2244 406 2466
face 0.08271681 7 2441 105 2611
face 0.08191858 151 2151 429 2570
face 0.08160178 112 2170 263 2370
face 0.08145474 -3 2164 66 2312
face 0.081252925 1894 302 1977 516
face 0.080762714 648 423 923 821
face 0.08071441 475 2205 611 2461
face 0.079882935 1894 169 1977 383
face 0.07988005 116 1580 278 1801
face 0.07983093 714 2320 798 2416
face 0.07962176 215 2231 375 2400
face 0.079181254 762 2326 852 2429
face 0.07904261 5 1559 274 1919
face 0.07887598 63 1415 312 1765
face 0.07795644 664 2463 785 2593
face 0.07788047 1913 96 2005 248
face 0.07710506 149 2258 323 2497
face 0.07703223 717 2353 787 2450
face 0.07683618 1271 252 1709 706
face 0.07676014 31 2446 169 2599
face 0.07664151 553 1829 859 2198
face 0.07651024 110 1418 221 1618
face 0.07646758 -13 2334 88 2573
face 0.07642216 1920 447 2011 601
face 0.076379605 68 1653 222 1852
face 0.07633363 59 1566 206 1769
face 0.076268144 776 2366 846 2465
face 0.07624938 493 1968 685 2229
face 0.07617227 754 2279 869 2393
face 0.07602386 664 2519 783 2674
face 0.07584057 1930 172 2013 317
face 0.07577316 714 2405 817 2528
face 0.075753964 8 2218 100 2391
face 0.07574338 837 2434 929 2554
face 0.075694054 604 573 880 1026
face 0.07569268 -16 -32 126 125
face 0.07545495 325 1008 434 1151
face 0.07543239 642 2387 764 2525
face 0.07534141 805 2513 918 2666
face 0.0751551 -4 2257 270 2574
face 0.07514853 802 2387 889 2497
face 0.075057745 1926 381 2010 523
face 0.07504353 255 959 328 1070
face 0.07486963 1605 2096 1853 2555
face 0.07478429 263 -24 764 1159
face 0.07478117 423 2208 558 2473
face 0.0747399 1856 36 1941 218
face 0.07466873 409 2308 590 2568
face 0.07444169 309 2126 548 2559
face 0.07443215 944 2397 1088 2563
face 0.07434048 243 1540 412 1830
face 0.07405013 2 22 213 221
face 0.0740339 90 2093 272 2289
face 0.074004374 1864 398 1946 687
face 0.07399285 375 2394 524 2618
face 0.07397706 385 2236 491 2469
face 0.07381425 1838 -16 1944 112
face 0.07348462 903 2422 1010 2556
face 0.073433265 11 415 208 623
face 0.07340508 1 2140 90 2253
face 0.07339519 58 2082 198 2373
face 0.07310483 63 1374 151 1512
face 0.0730087 340 658 410 767
face 0.07300435 544 2052 733 2276
face 0.07294624 1929 312 2011 449
face 0.07293205 719 2487 807 2603
face 0.07288843 49 1414 166 1614
face 0.07244264 318 2218 422 2420
face 0.07244156 119 17 564 605
face 0.07241312 -11 500 123 692
face 0.072406344 283 1021 381 1134
face 0.072392404 547 2358 709 2538
face 0.07232173 1883 2432 2014 2601
face 0.07229111 143 1640 324 1870
face 0.07211042 857 2518 974 2672
face 0.07202578 479 35 980 1247
face 0.072021075 968 38 1696 902
face 0.07194408 498 1984 788 2338
face 0.07182659 391 655 469 803
face 0.071767725 1002 293 1562 667
face 0.07170254 8 2310 152 2564
face 0.07144674 -4 2279 96 2470
face 0.07142328 1871 76 1942 313
face 0.071394004 1930 242 2011 380
face 0.07135571 -12 564 85 871
face 0.071257085 1645 -12 1896 496
