face 0.9998977 353 93 551 334
face 0.1244803 382 216 509 320
face 0.11848282 448 107 549 198
face 0.116117775 419 189 535 296
face 0.10822726 341 433 447 532
face 0.09122923 319 366 433 530
face 0.08837112 364 185 478 294
face 0.08646764 369 401 462 496
face 0.08628461 362 369 425 462
face 0.08572598 347 429 412 497
face 0.08500477 366 275 471 366
face 0.08482162 360 246 481 334
face 0.084761344 462 -5 543 27
face 0.08431871 430 26 549 102
face 0.08290129 282 303 338 387
face 0.08255299 562 75 607 142
face 0.08120988 541 38 582 82
face 0.07968795 303 254 355 338
face 0.078892455 449 3 550 42
face 0.07821587 477 35 552 90
face 0.078018576 539 49 588 112
face 0.077472016 774 -7 829 24
face 0.07706873 -54 -24 122 55
face 0.07689927 284 270 338 351
face 0.07662514 208 73 399 331
face 0.07609882 508 28 565 76
face 0.07598377 496 4 575 39
face 0.075480714 302 290 358 377
face 0.07412475 515 44 571 111
face 0.071758024 -78 375 127 451
face 0.07175604 382 211 458 283
face 0.07173402 327 426 383 506
face 0.07081272 263 296 316 374
face 0.070723884 -45 -71 158 147
face 0.07063487 491 441 584 532
face 0.06945435 466 12 558 58
face 0.06878616 305 375 504 453
face 0.068729125 516 276 572 357
face 0.06855205 -80 346 126 421
face 0.06851245 382 356 446 446
face 0.06838863 203 348 424 555
face 0.06835743 536 64 594 152
face 0.068258114 440 67 552 166
face 0.06823987 496 273 554 337
face 0.06816546 529 35 576 66
face 0.067884445 510 420 572 506
face 0.0673894 466 144 533 228
face 0.067343496 17 -7 96 26
face 0.067331664 347 408 414 457
face 0.06727172 486 36 585 121
face 0.06701809 -76 89 131 165
face 0.0669429 528 16 589 53
face 0.0669027 511 362 571 458
face 0.06675139 539 166 588 247
face 0.06673584 -79 175 129 251
face 0.06665253 509 -4 577 25
face 0.066635 691 374 899 449
face 0.06656275 536 336 595 423
face 0.06641279 349 -6 436 27
face 0.06623937 582 93 617 136
face 0.06610463 281 436 338 514
face 0.06597458 -80 231 132 308
face 0.06577222 682 -31 807 74
face 0.06574239 558 64 596 101
face 0.06563457 -10 -9 29 32
face 0.06556609 187 343 287 441
face 0.06552597 6 0 106 45
face 0.06530082 20 160 216 442
face 0.06529643 302 443 362 512
face 0.06515177 -85 117 199 281
face 0.06506921 693 345 901 421
face 0.064950116 -42 344 147 578
face 0.06493654 -79 147 128 222
face 0.064903185 572 513 653 557
face 0.064655274 262 345 314 432
face 0.064654306 396 467 475 532
