face 0.95973855 297 29 684 460
face 0.14845784 0 57 256 462
face 0.14166291 106 2 457 471
face 0.13911271 824 20 960 235
face 0.12843706 610 701 753 924
face 0.12510082 -1 37 131 235
face 0.110493526 840 51 1040 274
face 0.1073493 633 803 769 1008
face 0.100168414 693 230 865 521
face 0.10002493 559 180 810 565
face 0.0987082 521 238 743 480
face 0.095664375 257 1 388 209
face 0.092471376 582 577 669 704
face 0.092390545 445 2 698 239
face 0.09225699 745 585 873 826
face 0.09135742 856 190 1053 424
face 0.08987935 707 30 891 298
face 0.08884161 939 -16 994 55
face 0.08758892 595 620 703 722
face 0.08711147 786 445 875 599
face 0.08525685 811 826 947 1066
face 0.08502428 667 -12 754 64
face 0.082940154 769 338 844 512
face 0.082139656 743 371 816 565
face 0.07897957 774 560 930 895
face 0.07882104 938 157 995 293
face 0.07819141 681 120 816 353
face 0.07731629 -14 257 365 645
face 0.07695048 869 68 946 242
face 0.07645768 800 345 911 558
face 0.0761346 841 523 923 672
face 0.0750708 556 17 712 354
face 0.07501055 367 687 745 1099
face 0.07481367 890 11 959 173
face 0.07477504 861 14 951 113
face 0.0747687 936 94 990 231
face 0.07476065 630 -24 904 500
face 0.07470157 816 691 947 934
face 0.07452411 929 651 997 746
face 0.07399987 765 401 846 585
face 0.073973425 899 136 959 306
face 0.07397209 897 13 1015 224
face 0.07389714 929 15 989 97
face 0.07385976 664 634 914 807
face 0.073781215 629 322 835 563
face 0.0736615 625 646 718 765
face 0.07322102 825 147 1073 330
face 0.07317682 0 490 72 716
face 0.0731725 895 -86 1017 143
face 0.07307068 669 495 813 787
face 0.07297585 564 636 807 806
face 0.07253005 909 -2 952 96
face 0.07252761 743 500 819 709
face 0.07249132 730 -3 869 185
face 0.0724782 869 540 945 729
face 0.07234329 709 57 801 190
face 0.07234176 909 121 1018 331
face 0.07216025 930 545 994 714
face 0.07205789 816 484 898 633
face 0.072026156 640 -16 717 75
face 0.07185696 646 5 760 101
face 0.0717318 558 539 642 671
face 0.071601756 573 723 703 953
face 0.07146053 927 472 996 653
face 0.07117163 929 29 986 164
face 0.07111943 741 1003 819 1145
face 0.071094744 692 82 769 236
face 0.07105428 615 685 734 793
face 0.0709377 550 662 670 876
face 0.07091334 903 595 1012 813
face 0.07082 562 -38 804 134
