face 0.99985826 1681 582 2352 1464
face 0.9926328 3029 587 3784 1561
face 0.9735834 455 843 1250 1850
face 0.120925166 2541 2078 3000 2669
face 0.112654865 2681 2205 2897 2576
face 0.108463645 2686 2054 2887 2421
face 0.10702189 2811 2230 2993 2553
face 0.1030242 545 852 1148 1398
face 0.097921886 2541 2036 2807 2520
face 0.0916873 1174 1017 1755 1767
face 0.08760073 2852 2159 3011 2460
face 0.08714097 2775 2330 3016 2780
face 0.08676362 2892 2380 3096 2751
face 0.08676211 2060 2209 2580 2739
face 0.08663898 3121 2525 3467 2858
face 0.08660684 2939 2448 3419 2877
face 0.085810825 2925 2103 3110 2450
face 0.0856859 3015 2469 3290 2781
face 0.08564467 3144 2312 3610 2836
face 0.08529021 2538 1702 2836 2190
face 0.084965385 2758 2698 2905 2844
face 0.08463965 3111 1402 3630 1948
face 0.084549375 2792 2560 2982 2815
face 0.08429322 2905 2232 3046 2391
face 0.08393983 1940 2571 2287 2785
face 0.0832646 2544 2234 2826 2665
face 0.082843825 2933 2595 3155 2780
face 0.08273816 2821 2702 2974 2845
face 0.08270364 2974 2301 3142 2469
face 0.082619086 1636 498 2159 1073
face 0.082169324 2808 2137 3228 2676
face 0.0818571 3072 2667 3268 2870
face 0.08167272 2883 2710 3037 2831
face 0.08128779 1449 202 1993 916
face 0.08113887 2422 2273 2886 2828
face 0.08090079 2791 2371 3224 2854
face 0.08055079 2146 2271 2494 2598
face 0.08049673 3019 2117 3253 2504
face 0.08046384 3438 2087 3759 2546
face 0.0803246 3014 2708 3180 2832
face 0.08022637 2882 2153 3048 2331
face 0.08007773 2878 2307 3023 2464
face 0.07977722 3192 83 3523 449
face 0.079594135 3139 524 3754 989
face 0.07941951 166 1011 469 1488
face 0.07932833 1797 649 2167 1200
face 0.07908934 3785 35 4079 498
face 0.07904663 2415 2146 2717 2566
face 0.07902366 2702 1972 3121 2502
face 0.0788522 2130 2545 2516 2794
face 0.07855312 3084 30 3415 495
face 0.07855126 2316 1944 2788 2470
face 0.078487426 3439 102 3708 454
face 0.07839519 2651 2695 2832 2842
face 0.07786166 2979 39 3276 508
face 0.077847704 2685 2403 2923 2823
face 0.07784538 3704 111 3965 416
face 0.07784502 489 714 1056 1182
face 0.0777795 3334 84 3608 474
face 0.07764782 3122 2690 3340 2835
face 0.077588044 2326 1378 2609 1877
face 0.07723969 3116 2352 3409 2771
face 0.077192485 2211 2649 2489 2835
face 0.0771349 3228 -11 3698 423
face 0.07710653 2746 2767 2929 2914
face 0.077097364 3337 2248 3649 2692
face 0.076911576 1636 2053 1962 2384
face 0.076758005 2984 1904 3282 2410
face 0.07674025 400 42 1016 501
face 0.07668968 1919 643 2450 1206
face 0.07618358 2628 1745 2936 2121
face 0.076181635 -53 2666 231 2860
face 0.07612014 1900 523 2269 899
face 0.07585341 718 2333 1176 2566
face 0.07576244 2193 664 2497 1110
face 0.07569783 2651 1851 2901 2320
face 0.07548401 3044 2312 3254 2670
face 0.07547915 2683 1663 3156 2205
face 0.07541157 2075 2172 2434 2501
face 0.07534949 1193 699 1781 1514
face 0.075329915 662 2146 1246 2608
face 0.075246826 3416 2451 3741 2842
face 0.074872404 1129 1521 1545 1894
