face 0.98911625 534 142 818 465
face 0.12669614 301 339 576 611
face 0.12020595 285 615 370 708
face 0.11482344 689 -15 1032 165
face 0.11276549 432 395 577 555
face 0.10501574 243 6 566 339
face 0.100667305 97 130 567 708
face 0.099775255 159 1 441 387
face 0.095571674 242 221 598 553
face 0.095451884 243 608 369 747
face 0.0926807 527 521 598 622
face 0.09258844 364 485 512 624
face 0.09102776 470 310 611 570
face 0.090233326 496 499 571 594
face 0.0895813 391 -1 577 155
face 0.08770682 704 31 1019 400
face 0.08671972 316 445 465 576
face 0.08635921 367 506 464 599
face 0.08631582 -16 620 55 734
face 0.08621035 23 503 327 832
face 0.08599271 519 151 672 318
face 0.0846701 223 468 460 605
face 0.084400594 371 -18 645 364
face 0.0837765 318 603 393 703
face 0.08348907 430 207 510 340
face 0.08266255 393 129 489 223
face 0.082459286 545 503 628 599
face 0.08243809 270 71 496 255
face 0.08221256 38 137 382 468
face 0.081983514 774 -8 1100 277
face 0.08145652 32 -2 337 366
face 0.081146255 196 467 564 783
face 0.080001295 135 462 219 552
face 0.07969254 170 156 603 426
face 0.07956939 398 525 484 632
face 0.07917551 54 372 557 585
face 0.079159915 379 44 515 189
face 0.079100415 567 12 947 316
face 0.0790675 887 -39 1176 189
face 0.0789898 381 276 458 392
face 0.07897429 285 43 570 174
face 0.07890121 518 335 600 482
face 0.07879184 291 571 366 679
face 0.078788795 549 557 631 662
face 0.07860227 51 330 140 437
face 0.07842662 396 450 553 605
face 0.0783557 1043 724 1111 817
face 0.07820458 441 535 570 665
face 0.07799398 1017 8 1141 143
face 0.07782808 -16 110 481 326
face 0.077664845 399 234 489 343
face 0.07753782 467 503 545 595
face 0.07747674 708 17 867 137
face 0.07724082 552 635 628 759
face 0.07722925 349 279 429 385
face 0.07700974 356 472 470 548
face 0.076900125 429 322 572 492
face 0.076845296 462 447 552 556
face 0.07675021 467 482 593 612
face 0.07664199 127 418 411 808
face 0.07663896 258 574 341 663
face 0.07662249 455 22 547 126
face 0.076489 578 559 664 674
face 0.07638848 77 -57 538 242
face 0.07613309 81 324 169 427
face 0.07610608 141 443 270 580
face 0.07607921 928 138 1062 272
face 0.07595258 845 36 1056 232
face 0.075806454 501 555 583 641
face 0.07574809 481 2 576 102
