face 0.9999875 447 436 1335 1684
face 0.9926924 33 253 1566 1880
face 0.10941694 1012 941 1279 1330
face 0.105733395 460 1737 679 2112
face 0.10170457 1090 581 1340 941
face 0.10143292 1093 940 1276 1095
face 0.08341349 359 993 457 1353
face 0.082357675 297 1575 510 1914
face 0.08084885 202 1402 338 1643
face 0.08025511 1181 1678 1369 2060
face 0.08004121 875 1819 1113 2156
face 0.07980689 314 1030 429 1387
face 0.07942009 501 1693 661 1936
face 0.0785698 443 1948 638 2143
face 0.07793628 556 1766 682 2049
face 0.07773929 605 1758 723 2066
face 0.076843895 220 1407 424 1774
face 0.07665157 1046 885 1309 1161
face 0.07655407 390 1313 515 1606
face 0.07618281 1047 978 1232 1138
face 0.07332148 1018 1073 1252 1463
face 0.07298839 356 1200 467 1520
face 0.07277289 821 1901 975 2153
face 0.07253602 700 1806 824 2061
face 0.072521195 920 2017 1064 2165
face 0.07249333 1134 1540 1246 1885
face 0.072467655 650 1809 766 2056
face 0.071782105 582 1478 780 1667
face 0.071168594 999 18 1562 784
face 0.07017888 1472 889 1594 1231
face 0.07013655 890 -208 1370 557
face 0.0700571 307 1377 431 1705
face 0.070012145 405 882 502 1253
face 0.06999777 934 529 1196 916
face 0.06988374 2 2092 107 2235
face 0.06947585 1580 1337 1681 1483
face 0.0694452 280 1100 451 1497
face 0.06931383 1212 1564 1332 1904
face 0.06858362 260 1390 380 1680
face 0.068536215 374 983 542 1397
face 0.0684347 -6 2036 101 2171
face 0.06840835 125 1394 338 1744
face 0.0683841 1582 1454 1684 1597
face 0.06827697 310 1217 506 1594
face 0.06811862 613 1734 805 2118
face 0.067987554 1213 1795 1423 2147
face 0.067973986 1213 1428 1336 1743
face 0.06747699 1582 1393 1685 1540
face 0.06743379 1566 -35 1684 103
face 0.06718515 396 1170 516 1514
face 0.067126244 562 1553 691 1855
face 0.06707184 362 27 866 905
face 0.06696505 862 2090 972 2231
face 0.06689116 1578 1515 1683 1657
face 0.06688327 435 1374 557 1670
face 0.06666058 1037 1563 1240 1945
face 0.066574365 1344 840 1547 1216
face 0.06656634 1172 1606 1299 1963
face 0.06647029 461 1635 612 1891
face 0.066390686 1428 878 1561 1147
face 0.06638965 338 1340 470 1591
face 0.06636089 1300 342 1488 524
face 0.06624401 1588 1229 1681 1367
face 0.06614043 1570 1570 1681 1716
face 0.06603963 1422 1807 1628 2168
face 0.065994516 1136 1790 1257 2044
face 0.06591423 -21 1902 74 2153
face 0.06589787 1256 1558 1375 1881
face 0.06585217 937 2086 1052 2233
