face 0.99998236 515 1247 939 1813
face 0.1291919 65 73 689 777
face 0.12353761 225 654 430 869
face 0.11774129 357 33 960 790
face 0.113783136 189 2 385 225
face 0.11340765 561 81 830 420
face 0.10830914 310 186 584 508
face 0.1045539 -8 48 213 443
face 0.09474241 240 145 808 1005
face 0.09284306 416 456 633 706
face 0.090675205 862 1470 1188 1920
face 0.088147596 284 78 555 409
face 0.08644673 953 1875 1222 2310
face 0.08570354 602 -95 1048 905
face 0.085437015 826 1671 1217 2032
face 0.084080584 40 740 147 1147
face 0.08340942 1396 -36 1477 170
face 0.08316997 48 912 139 1235
face 0.08257993 521 -30 677 142
face 0.08228302 124 -28 245 119
face 0.08222846 1099 1227 1413 1651
face 0.081137456 87 155 471 546
face 0.08066804 595 -37 750 133
face 0.08015666 156 267 524 713
face 0.08009672 384 399 603 625
face 0.07993706 91 917 175 1212
face 0.078994274 1367 292 1434 510
face 0.07755199 622 278 881 624
face 0.07742425 384 -25 497 116
face 0.07662739 126 1249 221 1709
face 0.07628137 429 61 608 257
face 0.07610412 178 107 322 350
face 0.07608987 840 -28 973 133
face 0.0760233 494 9 696 211
face 0.075849965 63 297 333 620
face 0.07581164 290 1529 507 1938
face 0.07544146 3 2044 237 2519
face 0.075220056 329 468 472 673
face 0.07516945 1134 78 1367 444
face 0.07484522 254 257 403 471
face 0.074786365 -19 1997 73 2171
face 0.0746966 -17 266 552 1022
face 0.07464144 216 -40 372 139
face 0.074511506 33 1944 356 2373
face 0.073931314 -36 -93 286 277
face 0.073864736 150 13 310 203
face 0.07384629 619 1764 824 1980
face 0.073604174 1401 169 1487 324
face 0.073598355 403 16 543 210
face 0.07332077 479 211 635 393
face 0.07322653 241 125 436 347
face 0.07309553 426 -27 545 116
face 0.07309013 593 1862 767 2028
face 0.07308574 746 1954 1000 2385
face 0.07305347 76 -22 197 122
face 0.07289741 572 401 697 608
face 0.07281546 209 757 448 1150
face 0.07249968 170 -44 278 143
face 0.07249519 358 1325 528 1775
face 0.07247264 396 1355 492 1710
face 0.07233171 84 450 304 684
face 0.07222581 702 -27 810 116
face 0.072169356 323 412 505 605
face 0.07215772 220 868 435 1355
face 0.07210787 1411 424 1479 637
face 0.0720033 1405 305 1475 513
face 0.07199651 49 205 222 418
face 0.07199268 849 56 1037 281
face 0.07169164 -18 463 63 739
face 0.071674444 1422 376 1493 518
face 0.07163566 911 1387 1014 1676
face 0.071605146 1416 509 1495 660
face 0.07153292 337 1813 576 2247
face 0.07151441 468 -29 597 125
