face 0.999992 739 30 1506 1059
face 0.15685289 1287 1431 1537 1728
face 0.11600515 41 269 1600 1899
face 0.11595136 -20 -45 80 123
face 0.1149481 1324 1461 1506 1641
face 0.111428596 250 52 893 1043
face 0.09290682 1455 -30 1621 119
face 0.088013604 1558 -36 1681 102
face 0.08709881 1210 1195 1326 1389
face 0.08526618 -7 2016 79 2179
face 0.08394957 1051 489 1318 866
face 0.08385549 5 -33 126 100
face 0.083809845 655 1025 840 1217
face 0.08365725 1575 137 1664 346
face 0.08342958 446 1074 530 1178
face 0.081755444 495 1010 601 1150
face 0.08141034 552 874 707 1036
face 0.07807279 1574 48 1670 266
face 0.07673749 502 978 599 1090
face 0.075836144 1480 2088 1617 2239
face 0.07546305 -37 0 99 170
face 0.075374 1524 1385 1616 1694
face 0.07496716 545 983 705 1150
face 0.07484701 1172 1136 1366 1415
face 0.074455895 883 1209 1061 1388
face 0.07437097 1566 2091 1686 2238
face 0.07399846 597 1013 746 1235
face 0.07318032 51 15 197 245
face 0.07307188 601 776 815 1117
face 0.073029645 1528 109 1622 387
face 0.07263099 1403 2096 1537 2241
face 0.07225898 1551 14 1672 159
face 0.07214862 10 1768 117 2095
face 0.072036244 1259 1195 1370 1404
face 0.07199683 144 363 709 1124
face 0.07198765 1267 1390 1481 1565
face 0.071287066 1261 258 1509 623
face 0.07112783 496 1033 661 1207
face 0.07095872 -23 1967 82 2123
face 0.070904955 683 279 915 660
face 0.070875354 7 -48 701 855
face 0.07080751 414 1017 535 1135
face 0.070751674 1522 1525 1619 1780
face 0.07074489 1248 1051 1386 1197
face 0.070621505 20 2003 126 2173
face 0.07057101 1128 1086 1252 1265
face 0.070395604 593 2090 762 2250
face 0.07035669 1591 1690 1687 1822
face 0.07027812 -21 110 57 308
face 0.07010101 732 1141 958 1466
face 0.06986178 -11 2089 98 2236
face 0.069793634 -15 1735 65 2015
face 0.06973235 1472 1401 1584 1687
face 0.069724254 1318 2095 1449 2245
face 0.06963641 8 43 149 223
face 0.06946258 149 1971 327 2133
face 0.06942736 605 964 821 1283
face 0.06929731 1244 1182 1356 1297
face 0.069221236 -50 945 354 1239
face 0.06909841 1578 1810 1677 1942
face 0.06896456 851 1158 1028 1322
face 0.06893138 1255 1200 1472 1537
face 0.06886895 1592 1755 1686 1884
face 0.06878721 79 80 223 296
face 0.068756215 1310 1213 1419 1386
face 0.0686073 671 2085 856 2251
face 0.06858231 1175 1159 1312 1305
face 0.06855342 530 964 645 1078
face 0.06844544 809 1981 972 2124
face 0.06844454 456 1095 558 1241
face 0.06840306 1174 1630 1296 1793
face 0.06824832 1085 451 1290 646
face 0.06806794 1383 1365 1497 1542
face 0.0680402 1304 1268 1428 1493
face 0.06797532 1215 1113 1331 1268
face 0.06797471 606 741 741 1022
face 0.067733765 1598 1519 1687 1656
face 0.06769536 590 913 754 1100
face 0.06760209 1302 1488 1551 1989
face 0.06752491 -13 269 59 488
face 0.06741496 838 1260 942 1388
face 0.06737853 1442 574 1548 903
face 0.067326814 424 1073 502 1211
face 0.06711551 991 17 1279 339
face 0.067104 776 1151 909 1337
face 0.0670729 435 892 655 1176
face 0.067004904 1130 1649 1237 1789
face 0.06699851 562 766 688 1001
face 0.06695115 392 979 612 1269
face 0.06690292 912 956 1165 1278
face 0.06683184 1222 1744 1414 1896
face 0.066778414 1298 1180 1410 1301
face 0.06676812 439 956 573 1084
face 0.06669801 1145 1759 1302 1888
face 0.066653386 758 306 1031 688
face 0.066648096 822 1168 955 1339
face 0.06656566 1083 965 1212 1152
face 0.06652191 1512 -11 1625 211
