face 0.9336829 274 194 1406 1736
face 0.67884386 78 309 1931 2344
face 0.18111037 905 1949 990 2100
face 0.12698966 119 2171 418 2573
face 0.11768228 1343 1984 1690 2570
face 0.11617073 41 2083 223 2266
face 0.11149504 846 1928 954 2073
face 0.10906793 252 2044 407 2337
face 0.10905258 831 1779 1071 2168
face 0.099782005 730 2527 827 2661
face 0.09914299 856 1793 1058 1994
face 0.099064276 21 2462 107 2604
face 0.09682081 37 2121 126 2247
face 0.09380399 837 1831 977 2042
face 0.093037486 326 2060 458 2373
face 0.092184946 798 1843 920 2031
face 0.0919447 149 2065 333 2264
face 0.09076256 1635 2326 1829 2558
face 0.09013411 680 2523 785 2665
face 0.08961697 73 1560 199 1830
face 0.08700986 1000 2179 1118 2507
face 0.086347334 16 2117 159 2347
face 0.08601956 17 2515 122 2667
face 0.08468757 22 1992 459 2437
face 0.08409085 1542 2264 1648 2554
face 0.0840357 1874 2503 2022 2689
face 0.084035665 -22 -46 108 154
face 0.083865404 5 2096 72 2248
face 0.083009794 914 2029 974 2150
face 0.08243756 887 1901 1015 2050
face 0.082273394 75 2042 176 2215
face 0.081180565 188 2121 390 2377
face 0.08115985 -3 2151 85 2377
face 0.080688305 724 2460 822 2575
face 0.08068344 40 2073 120 2185
face 0.08061702 870 2052 943 2218
face 0.08060643 897 2054 963 2177
face 0.08035289 712 2009 810 2168
face 0.07993661 99 2012 378 2323
face 0.07975325 527 1985 673 2229
face 0.07957882 614 2380 715 2526
face 0.07947615 1429 2165 1502 2321
face 0.07947008 539 1680 834 2105
face 0.0793032 731 1745 991 2087
face 0.079235986 333 2018 424 2142
face 0.07921076 598 1981 710 2173
face 0.07908815 950 1922 1046 2119
face 0.07903321 1477 2309 1570 2537
face 0.07897232 1455 -7 1855 432
face 0.07895608 769 2530 866 2660
face 0.07892522 1724 2201 1860 2453
face 0.07861061 1579 2313 1694 2485
face 0.078414984 1241 2443 1377 2589
face 0.078409754 224 1985 368 2162
face 0.07824224 -4 2026 60 2178
face 0.07814248 1541 2138 1654 2372
face 0.07772369 12 2174 114 2319
face 0.077656284 323 1861 433 2039
face 0.07764946 869 2010 933 2111
face 0.07750462 -3 2386 85 2574
face 0.07710164 1764 2140 1906 2475
face 0.077039905 1626 2272 1757 2513
face 0.07672788 284 2001 405 2129
face 0.07664406 737 2058 845 2209
face 0.076608285 1180 0 1869 925
face 0.07640545 672 2456 773 2576
face 0.07607918 46 2460 156 2590
face 0.07585367 1003 2063 1121 2355
face 0.07579377 212 1558 365 1847
face 0.075634494 902 2022 1133 2530
face 0.07562826 152 1488 294 1677
face 0.07552746 944 2094 1074 2458
face 0.07552185 1237 2514 1360 2673
face 0.07546574 164 2402 316 2586
face 0.075332776 1435 2083 1509 2234
face 0.075302385 -14 1937 54 2096
face 0.07494286 813 1949 907 2094
face 0.07490973 1890 2433 2008 2610
face 0.074763745 705 2091 824 2322
face 0.07467622 693 2381 832 2541
face 0.074635245 704 1899 790 2040
face 0.07410273 143 2505 269 2671
face 0.074072435 579 2369 678 2546
face 0.07395698 1659 2230 1776 2442
face 0.073831774 49 58 311 489
face 0.07372138 539 1006 845 1449
face 0.073707215 672 1951 930 2335
face 0.073623225 1314 2054 1403 2207
face 0.073582165 83 2512 202 2669
face 0.07356397 1604 129 1787 459
face 0.07356208 835 1651 1099 2000
face 0.07354817 101 1597 376 2012
face 0.07353956 1419 2267 1503 2465
face 0.07353647 748 2008 844 2127
face 0.073514365 963 2002 1039 2170
face 0.07338556 243 2064 474 2495
face 0.073371746 638 1994 746 2139
face 0.07333716 1 1889 275 2307
face 0.07325216 1207 2359 1392 2557
face 0.07324329 1373 2086 1446 2238
