face 0.8848747 423 253 796 589
face 0.1567915 0 19 629 751
face 0.15526097 14 192 151 370
face 0.12608282 40 175 969 1147
face 0.1185698 19 231 102 363
face 0.117333 3 39 318 447
face 0.11501339 615 1000 749 1236
face 0.11430257 795 5 961 170
face 0.113249265 517 565 629 780
face 0.11212129 227 159 838 637
face 0.10296252 251 239 568 627
face 0.10142445 -9 15 125 221
face 0.101163514 650 654 743 808
face 0.10088588 819 860 952 1064
face 0.096109256 620 642 726 764
face 0.091025844 845 942 967 1166
face 0.09058681 127 985 482 1270
face 0.090484224 690 42 917 276
face 0.0902577 545 620 663 823
face 0.09022339 616 687 700 807
face 0.08922227 566 591 646 745
face 0.08917077 -56 -20 682 389
face 0.08891505 6 212 82 330
face 0.0884744 689 998 762 1167
face 0.08818008 833 537 948 789
face 0.08769133 936 -17 986 83
face 0.08654434 15 290 109 408
face 0.08566809 613 296 772 474
face 0.08551685 1 54 80 191
face 0.08511361 539 281 702 451
face 0.08500608 70 809 290 1007
face 0.08451308 591 651 677 792
face 0.08432582 99 974 363 1165
face 0.08418508 571 906 813 1084
face 0.08391854 124 394 343 619
face 0.08219975 664 968 748 1108
face 0.08210537 516 407 802 947
face 0.08158272 833 683 930 844
face 0.08153296 937 671 993 802
face 0.08137424 567 657 643 788
face 0.08132142 338 578 455 689
face 0.08123874 -2 806 195 1012
face 0.08096155 585 545 714 757
face 0.080697075 191 146 348 369
face 0.08051131 385 1042 555 1294
face 0.080419995 847 352 966 594
face 0.07964388 495 756 646 974
face 0.0794615 763 998 848 1146
face 0.0794368 27 175 144 284
face 0.07901317 786 618 924 833
face 0.07864978 869 1191 946 1285
face 0.077815145 607 380 837 608
face 0.07739597 452 634 588 841
face 0.077160574 170 452 386 680
face 0.07634422 499 475 766 667
face 0.07620316 392 592 491 732
face 0.07605657 810 1063 939 1274
face 0.07605555 -31 223 84 423
face 0.075976774 854 446 968 714
face 0.07588433 488 139 697 403
face 0.07567294 430 287 571 516
face 0.07566936 40 352 306 545
face 0.07540844 85 313 196 412
