face 0.8663203 1706 469 2157 1052
face 0.13472016 969 1426 1200 1928
face 0.12867555 700 55 3548 2803
face 0.118219554 344 905 873 1457
face 0.11197166 640 1232 1119 1833
face 0.11024933 3243 821 4238 1899
face 0.10502904 2163 1150 2358 1512
face 0.099701926 1758 796 2048 1151
face 0.099186786 732 1779 1198 2389
face 0.09774512 1676 830 2131 1341
face 0.09758239 8 31 576 496
face 0.09663088 884 1669 1149 2074
face 0.09567072 1037 1614 1283 2086
face 0.09529975 682 1174 1012 1641
face 0.09511654 2296 566 2834 1212
face 0.09338392 2499 1995 2941 2486
face 0.0927784 2341 1250 2537 1574
face 0.09259458 2574 2074 2861 2409
face 0.09224583 2227 1302 2454 1622
face 0.09179953 2125 1823 2597 2382
face 0.09137981 331 852 770 1057
face 0.09135823 1749 1132 2009 1509
face 0.09063105 3424 980 4127 1667
face 0.09018709 1598 1036 1761 1323
face 0.089618765 2618 1936 3145 2467
face 0.089379676 1640 897 1901 1316
face 0.08838269 3163 1545 3795 2060
face 0.08784228 357 635 672 852
face 0.08777644 2221 1189 2434 1495
face 0.08753672 3548 128 4100 687
face 0.08741785 649 1594 1113 2146
face 0.0873697 607 2031 1116 2575
face 0.087184325 218 -6 718 405
face 0.086315475 1676 1098 1857 1401
face 0.08582089 2324 944 2587 1352
face 0.08575096 707 1820 1011 2251
face 0.08572996 2001 1153 2228 1511
face 0.08561218 1627 289 1946 740
face 0.08561105 2551 184 2843 621
face 0.08553261 2151 1161 2562 1685
face 0.085399814 3136 1188 4051 1725
face 0.08491352 453 1025 794 1382
face 0.08467967 25 2350 285 2783
face 0.08426577 2392 799 2681 1231
face 0.084145084 1689 1070 1909 1271
face 0.083902456 2352 1123 2559 1435
face 0.08378493 817 1476 1241 2056
face 0.08358995 1637 1161 1764 1334
face 0.08354473 381 1162 682 1483
face 0.08353229 1726 1067 2170 1565
face 0.08335684 2135 1274 2365 1680
face 0.083298944 1462 1023 1653 1331
face 0.083146766 1583 1200 1754 1517
face 0.08313718 1823 316 2150 693
face 0.083081074 1703 77 2275 541
face 0.08286543 1672 7 2102 236
face 0.08274149 1166 1654 1423 2099
face 0.08272667 1538 804 1783 1228
face 0.08258443 941 1893 1204 2380
face 0.082380414 939 -12 1233 380
face 0.08227572 574 -12 893 389
face 0.08215281 1702 1217 1891 1442
face 0.082074255 1691 385 2043 859
face 0.08197281 1754 1284 2016 1647
face 0.08189473 3604 992 3836 1353
face 0.08185298 1899 1086 2320 1582
face 0.081841156 617 1900 896 2341
face 0.08180895 2097 810 2371 1221
face 0.081743404 2116 905 2550 1447
face 0.081656314 2206 858 2467 1317
face 0.08163451 2621 631 3144 1161
face 0.08153574 2756 1654 3050 2016
face 0.08137502 1948 294 2252 666
face 0.08134858 714 1023 1213 1626
face 0.08126487 1751 988 2038 1328
face 0.08125431 1420 1208 1826 1714
face 0.081188925 1460 1183 1647 1545
face 0.08117785 1626 1089 1800 1263
face 0.081142806 3448 1050 3725 1476
face 0.08110669 318 513 890 986
face 0.08099125 1579 962 2025 1528
face 0.08096402 499 628 802 873
face 0.08090471 89 663 367 854
face 0.08086739 3662 925 3944 1323
face 0.080705054 64 1532 286 1808
face 0.080626935 1493 -12 1824 266
face 0.08059913 3467 11 3989 516
face 0.080497384 -36 2530 179 2834
face 0.08047519 1521 1147 1666 1354
face 0.08044368 272 1138 796 1630
face 0.080327414 1097 -9 1556 473
face 0.08032664 2441 1175 2612 1383
face 0.08031871 18 693 531 930
face 0.08013068 519 1731 987 2314
face 0.08010858 446 475 752 656
face 0.080079615 2768 830 3240 1393
face 0.08002523 403 1489 583 1686
face 0.07998288 1458 904 1894 1430
face 0.07995133 538 556 792 762
face 0.07994071 3309 1078 3620 1534
face 0.07993913 2967 62 3279 465
face 0.07986278 1591 1180 1720 1320
