face 0.9997652 649 1356 1226 2206
face 0.13130876 46 330 1929 2259
face 0.1263165 -25 2289 101 2601
face 0.12219599 454 2118 761 2562
face 0.12089424 959 1311 1243 1729
face 0.111282654 262 -41 491 138
face 0.11087363 -7 2187 92 2468
face 0.10857279 -95 2225 286 2616
face 0.090628095 384 1629 639 2046
face 0.08758441 -4 1563 164 1925
face 0.086960405 676 1458 925 1704
face 0.08650508 583 -30 790 142
face 0.08398245 1123 1411 1288 1715
face 0.083438955 39 2295 232 2578
face 0.081522405 -4 1527 402 1959
face 0.08042399 1151 401 1645 816
face 0.080370575 1202 1493 1334 1786
face 0.07936375 1030 -4 1680 878
face 0.077219285 111 1645 301 1884
face 0.076572925 317 1613 464 1920
face 0.075981125 3 2230 152 2520
face 0.07523087 433 483 1032 1531
face 0.075008966 1673 2031 1936 2547
face 0.074889176 1893 -34 2018 112
face 0.07469817 -20 1938 408 2376
face 0.07446585 1879 2356 1997 2603
face 0.073929526 1100 -55 1694 250
face 0.073785774 -19 1454 75 1719
face 0.07340693 827 404 1355 814
face 0.07283997 273 1600 409 1937
face 0.07261311 1750 2413 1932 2610
face 0.072602056 10 478 290 708
face 0.07207324 1032 1450 1247 1682
face 0.07202961 1645 1797 1934 2247
face 0.07188774 -27 -36 123 123
face 0.07147118 190 1658 365 1971
face 0.07144842 -7 2401 174 2601
face 0.07066191 377 448 932 780
face 0.070593186 10 -47 175 168
face 0.07051625 1109 147 1704 518
face 0.07048513 651 1421 957 1894
face 0.07041734 818 1173 1119 1537
face 0.070308656 1072 139 1349 348
face 0.070305645 1201 -43 1438 144
face 0.07000142 1688 2331 1908 2563
face 0.06996458 1743 -30 1929 140
face 0.06987801 1894 236 1995 449
face 0.06963878 629 2197 853 2429
face 0.069568865 806 0 1097 220
face 0.069422044 397 -30 1055 890
face 0.06903352 3 2056 345 2549
face 0.06895973 1905 172 2014 317
face 0.06895779 586 2112 780 2368
face 0.06892464 684 16 1513 650
face 0.06887548 1608 405 1947 772
face 0.06878258 431 1634 571 1955
face 0.06876521 1892 16 2000 244
face 0.068613485 -10 50 277 308
face 0.068575054 58 2170 193 2477
face 0.06839607 475 1576 615 1893
face 0.06837569 -40 1658 106 1961
face 0.068261996 640 2061 872 2267
face 0.06816382 4 2124 162 2409
face 0.06815632 908 586 1475 933
face 0.06809998 1300 1647 1445 1885
face 0.06807871 604 439 1169 778
face 0.068067156 -11 2072 89 2326
face 0.06804792 1601 194 1933 565
face 0.06803501 504 1813 681 2092
face 0.06772294 164 140 731 524
face 0.067624316 896 1465 1149 1698
face 0.06751528 1186 1867 1341 2184
face 0.06746636 1395 -55 1959 247
face 0.067365 1013 557 1288 759
face 0.06734996 1190 2096 1336 2359
face 0.06725484 782 166 1411 503
face 0.067208074 1864 2497 2009 2683
face 0.06719423 55 1605 222 1921
face 0.067124516 82 578 640 933
face 0.06708006 600 9 853 198
face 0.06707117 1332 2216 1528 2414
