face 0.99998105 298 492 637 946
face 0.118901424 20 153 948 1130
face 0.11289624 296 1260 320 1297
face 0.11062335 314 1263 337 1298
face 0.109153435 306 1251 330 1287
face 0.096667 290 1252 313 1292
face 0.09594856 294 1235 317 1271
face 0.09583509 544 251 778 699
face 0.09570976 293 1265 330 1322
face 0.0933248 309 1237 335 1275
face 0.092707634 627 310 665 374
face 0.09142048 334 1251 363 1290
face 0.08982885 312 1270 347 1322
face 0.08971543 716 303 746 375
face 0.08909022 330 1264 356 1302
face 0.08882119 333 1271 367 1326
face 0.0882916 266 1250 290 1293
face 0.088260405 282 1268 318 1343
face 0.08784961 708 313 746 413
face 0.08664049 273 1233 298 1271
face 0.08657602 302 1221 327 1257
face 0.08620025 693 306 722 359
face 0.08617927 669 313 701 389
face 0.08610636 285 1219 312 1257
face 0.085624434 243 1266 284 1326
face 0.08543743 261 1265 298 1327
face 0.08527397 726 292 764 380
face 0.08510771 486 74 606 427
face 0.08475265 737 280 785 440
face 0.084537454 650 586 723 850
face 0.08417595 -8 931 102 1165
face 0.083704524 212 1266 259 1331
face 0.0836497 797 116 908 522
face 0.08358253 193 687 313 918
face 0.08331281 688 326 723 391
face 0.08324941 664 310 711 435
face 0.08293094 637 286 672 347
face 0.08218267 701 260 884 491
face 0.08120564 324 1228 358 1279
face 0.080439806 358 1237 408 1292
face 0.08035263 240 1257 267 1296
face 0.0795777 257 1218 287 1260
face 0.079235144 675 642 743 833
face 0.07923333 239 1231 268 1275
face 0.07922393 631 301 679 415
face 0.07908643 244 669 310 859
face 0.079067335 685 285 718 334
face 0.07885467 358 1268 410 1332
face 0.07843056 674 295 703 349
face 0.078382485 588 454 811 886
face 0.0779414 759 278 817 502
face 0.07792171 811 995 975 1298
face 0.07763238 535 51 647 474
face 0.077536404 523 254 592 446
face 0.07744297 713 309 765 491
face 0.0773273 178 1262 237 1335
face 0.07722751 239 1143 359 1327
face 0.07714987 328 1209 370 1263
face 0.076883584 785 194 848 406
face 0.076569855 624 229 738 451
face 0.07654607 228 1269 268 1349
face 0.07650741 286 1198 317 1247
face 0.07625298 606 333 716 579
face 0.0762379 570 414 812 615
face 0.07622245 487 405 698 630
face 0.076090105 21 935 152 1118
face 0.07558841 798 421 911 879
face 0.07553474 440 67 637 293
face 0.07545435 532 249 694 533
face 0.07536626 494 262 566 450
face 0.07522834 249 630 358 844
face 0.075213686 218 1244 254 1287
face 0.07518342 3 898 115 1013
face 0.07477915 701 394 891 628
face 0.07457885 704 285 738 337
face 0.07457527 695 335 747 461
face 0.074059546 104 1254 192 1344
face 0.0738241 479 218 619 530
face 0.07381535 -12 963 48 1138
face 0.07377401 702 551 772 781
face 0.07377089 414 122 581 385
face 0.07375406 140 1259 213 1340
face 0.07370579 811 144 875 381
face 0.073579155 652 386 722 552
face 0.073462784 736 333 790 528
face 0.07345932 213 1212 253 1264
face 0.073410235 945 1059 1002 1199
face 0.07333454 456 94 504 253
face 0.073133454 748 132 859 514
face 0.07312833 122 738 256 965
face 0.07295134 578 490 817 685
face 0.07288726 732 493 794 707
face 0.07285888 704 221 802 439
face 0.0725394 704 711 825 945
face 0.07241539 306 1191 342 1247
face 0.07227873 216 700 293 845
face 0.07225841 917 1017 1026 1236
face 0.07221167 591 306 650 418
face 0.07206544 666 257 767 492
face 0.071934275 254 733 329 892
face 0.07192989 293 1178 332 1230
face 0.07159845 204 1223 242 1277
face 0.07158082 475 99 538 343
face 0.07156438 761 224 816 386
face 0.07132372 635 339 688 458
face 0.071284324 787 274 850 510
face 0.071255095 698 266 1033 693
face 0.07123816 656 486 766 769
face 0.07121186 635 236 680 307
face 0.07109758 34 121 223 354
face 0.07102593 549 324 619 475
face 0.07100672 948 -15 995 87
face 0.0708971 715 262 758 354
face 0.07089041 948 948 1007 1026
face 0.07078775 438 285 522 446
face 0.07042624 604 309 668 493
face 0.07041804 782 410 855 654
