face 0.9999757 147 40 302 262
face 0.15141506 54 9 282 416
face 0.12740761 26 168 102 325
face 0.11080902 329 195 351 255
face 0.10392847 281 268 329 350
face 0.10363252 -10 235 144 355
face 0.09337303 319 242 359 311
face 0.09222952 2 155 49 291
face 0.090815894 308 254 336 323
face 0.08388537 320 205 341 274
face 0.08310837 283 75 305 134
face 0.08279563 80 -4 176 177
face 0.08150701 329 252 351 303
face 0.08015203 95 47 176 261
face 0.077860974 44 350 92 423
face 0.07759891 10 234 35 295
face 0.07694963 329 229 351 283
face 0.0754259 55 173 99 257
face 0.07529576 40 269 91 351
face 0.07508976 215 402 251 428
face 0.07473852 318 113 340 189
face 0.07462368 255 -3 279 19
face 0.07451661 35 252 123 314
face 0.074263625 249 3 280 33
face 0.07386703 0 219 26 291
face 0.07365135 332 -5 352 18
face 0.07326127 330 275 351 326
face 0.07320334 291 57 312 121
face 0.07318335 8 206 108 420
face 0.07294373 -6 174 65 407
face 0.07269773 154 145 206 233
face 0.07237322 -33 -49 93 118
face 0.072255895 320 59 358 137
face 0.07192919 303 86 341 176
face 0.07177251 41 150 123 382
face 0.07159158 292 194 331 270
face 0.07130549 292 99 316 162
face 0.07129345 0 413 22 441
face 0.07115505 274 47 312 127
face 0.0710234 -30 182 91 318
face 0.07102058 187 -5 220 22
face 0.07096979 271 64 296 131
face 0.070900716 -3 400 20 428
face 0.07051269 303 -70 393 129
face 0.06998124 38 -2 142 170
face 0.06963878 301 71 324 144
face 0.06957293 320 91 359 172
face 0.06953552 230 48 283 125
face 0.069380976 241 10 286 78
face 0.06928681 281 100 304 162
face 0.06927628 248 -4 269 21
face 0.06892136 215 410 248 441
face 0.06879557 330 107 350 159
face 0.068790935 45 192 206 301
face 0.06875345 321 174 359 254
face 0.06861324 169 183 226 260
face 0.068352915 192 413 224 443
face 0.06833459 331 65 350 113
face 0.06827706 311 225 335 288
face 0.068239756 54 227 99 308
face 0.0681562 331 171 351 230
face 0.06798785 1 215 50 352
face 0.06794197 254 17 279 71
face 0.06790783 -9 252 77 313
face 0.06789334 310 69 335 146
face 0.06787232 319 162 339 242
face 0.067740165 -3 216 14 275
face 0.06772346 328 398 352 428
face 0.06758227 317 -28 360 46
face 0.067519486 329 3 351 32
face 0.067515895 331 86 350 136
face 0.06751431 318 236 340 298
face 0.06749278 -3 143 120 281
face 0.06746585 -3 -4 14 16
face 0.06741176 332 17 350 68
face 0.06730352 165 3 216 63
face 0.06729818 321 125 360 205
face 0.06728257 265 -3 287 18
face 0.067265555 299 108 324 175
face 0.06724492 300 181 325 249
face 0.06721278 -33 390 59 450
face 0.06719077 311 198 334 263
face 0.06714503 165 1 207 36
face 0.06705414 322 4 360 81
face 0.067051426 273 81 309 153
face 0.06703935 329 130 350 181
face 0.06701755 267 3 298 34
face 0.06687931 273 41 297 105
face 0.06685409 70 20 163 86
face 0.066819 319 8 339 76
face 0.06671698 -4 238 13 294
face 0.06668562 54 208 81 280
face 0.06661805 330 152 350 206
face 0.06660819 -5 371 16 425
face 0.06655174 10 56 95 303
face 0.06643311 310 150 333 223
face 0.0664096 264 6 308 78
face 0.06635212 290 139 314 207
