face 0.99968934 527 53 1245 1208
face 0.29562902 1348 498 1611 859
face 0.11791242 1450 -37 1608 117
face 0.11552976 164 25 393 389
face 0.09964993 292 0 516 322
face 0.09805148 1377 241 1622 589
face 0.09638321 1307 18 1528 402
face 0.09288554 1114 1 1327 434
face 0.092485495 1343 352 1609 711
face 0.08971392 1407 629 1567 803
face 0.08677197 104 -24 272 112
face 0.08675323 394 0 598 319
face 0.08308873 -12 -27 86 136
face 0.082294405 261 122 472 544
face 0.08215055 1374 65 1609 386
face 0.08194118 1599 769 1689 899
face 0.08095016 1577 140 1657 317
face 0.080578335 1309 151 1420 500
face 0.07878755 1574 -29 1683 97
face 0.078430526 1335 12 1471 286
face 0.0782533 1520 107 1619 331
face 0.07747065 1582 658 1672 877
face 0.07709404 1410 179 1588 351
face 0.07666737 1358 595 1510 801
face 0.07652653 5 31 120 366
face 0.076491565 1407 9 1578 170
face 0.07633127 458 3 639 195
face 0.076288216 1591 199 1679 324
face 0.07571409 149 -22 693 856
face 0.075598925 1589 1179 1677 1307
face 0.07507066 1372 1455 1594 1847
face 0.07470005 1343 431 1551 636
face 0.0746395 1372 104 1528 318
face 0.073712 1375 1278 1598 1670
face 0.07343377 1424 290 1584 511
face 0.073291466 121 186 262 433
face 0.073252045 954 603 1219 950
face 0.07296957 1355 515 1522 697
face 0.07280192 669 2093 788 2241
face 0.072567955 1342 734 1466 1046
face 0.07245735 389 61 524 425
face 0.07241531 1301 1149 1515 1581
face 0.07219607 1257 126 1370 482
face 0.07209254 173 100 305 406
face 0.07180459 947 814 1225 1166
face 0.07174351 626 2030 716 2159
face 0.07167895 1577 1226 1676 1369
face 0.07139391 1518 1137 1616 1403
face 0.07132286 1389 -26 1516 104
face 0.07130764 1077 158 1201 469
face 0.07090353 1568 311 1671 452
face 0.07056007 1478 194 1600 403
face 0.07053308 1212 177 1335 532
face 0.07009559 1129 212 1248 517
face 0.0700566 1352 -19 1462 97
face 0.07002893 1601 1129 1682 1249
face 0.06990475 1216 546 1325 883
face 0.06971952 516 21 751 433
face 0.06966566 1308 664 1424 974
face 0.06947799 595 1989 706 2100
face 0.06945661 1597 830 1686 957
face 0.069451086 1372 -124 1598 194
face 0.06938883 1296 55 1428 339
face 0.06931322 81 107 295 486
face 0.06931303 120 84 265 314
face 0.0692836 638 2096 739 2232
face 0.06924507 1521 267 1609 477
face 0.0691948 1389 751 1504 1039
face 0.06919079 603 2102 694 2225
face 0.068904854 984 -31 1141 113
face 0.06886518 1563 2028 1680 2169
face 0.06869416 719 1969 876 2120
face 0.06851594 -86 494 656 1065
face 0.0683884 1574 578 1659 790
face 0.0683609 16 1941 210 2133
face 0.06821637 1574 1257 1667 1489
