face 0.9999366 268 82 536 481
face 0.11784192 232 4 317 79
face 0.115918346 401 246 520 416
face 0.10021647 471 -13 545 49
face 0.097705886 610 551 724 749
face 0.08813989 364 213 460 399
face 0.08738708 673 590 722 756
face 0.08704775 637 661 680 739
face 0.08704333 698 859 740 958
face 0.08439664 621 677 661 739
face 0.08375131 623 696 687 785
face 0.08291638 699 643 744 765
face 0.08176812 617 609 715 888
face 0.080364585 433 -11 507 46
face 0.079941206 610 722 679 822
face 0.07885676 486 4 561 73
face 0.07883531 680 614 761 790
face 0.07872811 427 77 533 236
face 0.07836846 457 576 654 702
face 0.07825126 607 677 794 809
face 0.07763805 447 2 526 75
face 0.07711402 -1 813 96 959
face 0.07650301 457 6 558 139
face 0.076386966 656 659 704 774
face 0.07635431 231 -9 294 52
face 0.07602671 14 11 81 70
face 0.07601845 697 -13 746 43
face 0.075834215 595 612 691 767
face 0.07583072 586 8 654 70
face 0.0752242 458 18 518 119
face 0.07444619 224 112 259 243
face 0.07335289 652 624 709 735
face 0.07287926 702 747 743 859
face 0.07281386 674 693 719 816
face 0.07261818 313 103 436 238
face 0.07238715 696 600 742 715
face 0.07218332 609 672 646 732
face 0.07182269 452 -45 555 78
face 0.07180254 502 29 558 156
face 0.07153646 191 119 211 163
face 0.07135757 503 52 589 235
face 0.07120658 636 506 785 670
face 0.071071126 215 118 234 162
face 0.070881225 521 -4 565 51
face 0.07067692 -90 -79 195 194
face 0.0706232 209 126 240 226
face 0.07029039 252 30 305 135
face 0.070189804 165 139 202 225
face 0.07014662 194 112 215 148
face 0.06996458 562 685 705 908
face 0.069962144 701 819 737 920
face 0.06983628 376 224 454 313
face 0.06954631 196 129 217 171
face 0.06931226 686 719 761 885
face 0.069191284 709 800 749 862
face 0.06915562 393 2 495 71
face 0.069139056 669 665 721 742
face 0.06899308 520 243 572 409
face 0.06892832 190 139 218 202
face 0.06892451 468 448 518 549
face 0.06890879 225 212 264 365
face 0.068879284 567 -7 613 43
face 0.068847395 172 130 199 176
face 0.068824396 616 575 802 705
face 0.068657376 628 605 695 714
face 0.06839966 540 159 592 326
face 0.06834368 520 105 576 225
face 0.06811738 620 7 700 73
face 0.06802466 425 -94 616 151
face 0.06796564 200 106 222 139
face 0.06782509 681 845 722 959
face 0.06776749 213 105 236 138
face 0.06765233 701 724 745 787
face 0.0676093 243 115 282 243
face 0.067419276 540 120 587 257
face 0.06737963 623 655 674 713
face 0.06734754 173 103 201 137
face 0.0672919 664 -93 753 161
face 0.067291535 89 -28 292 395
face 0.06723551 571 492 699 691
face 0.067148656 590 674 684 802
face 0.06714562 710 828 749 888
face 0.067145415 23 38 72 91
face 0.067112654 70 528 266 651
