face 0.9997154 5 91 235 438
face 0.9992367 284 80 501 371
face 0.118709415 382 235 490 366
face 0.11172878 85 607 171 742
face 0.11110616 513 421 608 526
face 0.10338539 281 199 370 361
face 0.09112322 36 550 109 691
face 0.090987034 95 74 562 750
face 0.08998898 384 184 495 309
face 0.08957252 100 307 209 413
face 0.0884615 122 376 227 496
face 0.08844341 497 362 564 434
face 0.08808294 25 553 67 676
face 0.08776655 518 163 607 299
face 0.086941965 -13 529 25 648
face 0.08634279 542 373 637 511
face 0.08554261 404 -13 606 173
face 0.08539176 540 526 619 658
face 0.084843315 4 543 46 680
face 0.08476863 182 411 240 502
face 0.083593234 -1 421 28 498
face 0.083524674 115 382 204 453
face 0.082656875 -11 575 22 693
face 0.08212876 550 669 631 799
face 0.081875026 628 -15 665 41
face 0.08147499 540 455 610 535
face 0.081069514 350 467 429 628
face 0.08084055 551 151 633 261
face 0.080756806 30 539 87 649
face 0.080537364 -28 444 48 574
face 0.080404244 505 671 581 798
face 0.08032921 7 519 80 682
face 0.08014521 386 360 464 429
face 0.079891026 629 512 669 626
face 0.07963268 567 546 626 636
face 0.07938694 -6 473 31 541
face 0.07895585 70 434 119 555
face 0.07891382 418 535 498 681
face 0.07867226 -13 507 29 594
face 0.07852296 -6 753 23 811
face 0.077944085 624 758 665 808
face 0.07794184 575 777 624 832
face 0.07780072 244 322 321 473
face 0.07774336 288 565 494 826
face 0.077733986 217 393 278 487
face 0.07769372 36 584 79 675
face 0.07704689 386 522 463 669
face 0.07699304 163 373 228 464
face 0.07690614 333 400 417 542
face 0.076670356 538 626 615 765
face 0.07665828 35 428 110 566
face 0.07659689 52 643 136 781
face 0.07651733 56 454 135 593
face 0.076441176 114 244 230 375
face 0.07638115 101 536 186 694
face 0.076335914 481 -1 628 143
face 0.07619785 18 392 99 531
face 0.075977 351 544 424 688
face 0.07595104 -5 372 32 474
face 0.075737536 519 404 595 474
face 0.07552188 267 524 329 619
face 0.07548 20 500 68 636
face 0.074866265 601 -53 684 77
face 0.07470216 310 327 422 492
face 0.07456317 -25 395 46 520
face 0.07446312 560 248 628 339
face 0.07440281 -12 619 21 736
face 0.07438301 302 200 362 293
face 0.074346475 564 753 625 811
face 0.074289106 68 391 118 491
face 0.074287385 0 784 34 832
face 0.07421005 66 587 120 686
face 0.07377245 502 315 551 416
face 0.073732086 494 367 589 469
face 0.073704906 377 42 546 166
face 0.07370262 426 16 520 140
face 0.07366693 629 773 666 844
face 0.07361167 -9 722 28 801
face 0.07356829 397 615 447 732
face 0.07347185 549 -29 723 78
face 0.07345484 -28 695 41 817
face 0.07341372 -12 662 22 779
face 0.07337664 3 656 48 796
face 0.07328527 520 655 565 767
