face 0.99989665 414 553 1267 1869
face 0.2805855 568 1777 851 2186
face 0.14294297 1558 1892 1786 2379
face 0.116075 1846 335 1915 485
face 0.10962951 1869 316 1951 505
face 0.105159886 981 1814 1318 2194
face 0.09556898 9 2399 94 2563
face 0.09467197 1803 341 1863 450
face 0.09320809 40 1775 117 2000
face 0.09299652 1822 347 1913 643
face 0.09230319 84 2219 253 2508
face 0.089822985 668 1279 906 1530
face 0.08946674 28 2246 145 2534
face 0.08779916 1817 337 1879 504
face 0.08661974 1364 216 1476 322
face 0.08655925 1302 1995 1531 2514
face 0.086367 864 1196 1186 1681
face 0.08579228 1789 378 1845 488
face 0.085666426 1752 357 1810 481
face 0.08539907 1667 354 1735 471
face 0.08528084 78 1798 161 1985
face 0.085087776 1732 368 1792 504
face 0.08500229 8 1690 224 2139
face 0.084895164 1821 187 1917 403
face 0.08481396 16 2335 120 2499
face 0.0847648 1740 286 1817 428
face 0.08435112 1657 304 1739 429
face 0.084194355 9 2484 113 2636
face 0.08418003 1469 281 1719 965
face 0.08411788 814 1805 947 2004
face 0.083800755 1643 373 1713 504
face 0.08369918 1821 280 1898 438
face 0.0832981 1902 422 1999 578
face 0.081937626 1342 239 1417 332
face 0.081716076 1586 1863 1736 2213
face 0.081072405 63 1790 192 2072
face 0.08103913 1 2282 79 2509
face 0.08098135 36 2291 131 2444
face 0.08091376 1900 258 1991 386
face 0.08022783 42 2409 153 2555
face 0.0801204 1488 209 1580 334
face 0.0801064 4 1772 77 1993
face 0.07997894 130 1799 229 2043
face 0.07981453 1406 202 1528 318
face 0.07965286 138 2380 247 2555
face 0.07950757 1560 237 1648 382
face 0.07937902 649 1283 999 1656
face 0.079361506 806 1736 964 1916
face 0.07921588 190 1774 276 1933
face 0.07917001 73 2366 188 2556
face 0.07914553 1548 356 1689 617
face 0.079026125 1871 189 1958 382
face 0.07884959 1630 1947 1788 2254
face 0.07884165 1425 214 1551 387
face 0.078839846 100 2488 211 2639
face 0.07848778 51 2487 154 2633
face 0.07847084 1799 405 1888 615
face 0.07827638 1880 269 1963 420
face 0.07815884 1796 444 1918 732
face 0.078131355 1308 216 1395 316
face 0.078129195 860 1704 1036 1926
face 0.07803814 150 1727 233 1843
face 0.077948615 178 1675 298 1843
face 0.077870436 736 1640 1023 1999
face 0.07777924 211 2236 345 2554
face 0.07762709 1615 351 1695 474
face 0.07746489 1386 233 1525 481
face 0.07746118 903 1717 1741 2469
face 0.077363 516 572 854 1029
face 0.07722857 1778 271 1864 394
face 0.0772069 156 1811 241 1947
face 0.07710882 473 1968 784 2348
face 0.07709154 1587 371 1685 509
face 0.07693294 1647 235 1875 674
face 0.076795876 1494 250 1590 397
face 0.076781 96 1784 156 1896
face 0.07673798 1605 314 1690 433
face 0.07671448 145 2265 307 2539
face 0.0765952 -5 570 300 1071
face 0.07623667 1652 407 1736 583
face 0.076043285 1188 -4 1814 749
face 0.0759799 880 1773 1022 2044
face 0.075917445 1444 254 1570 477
face 0.07590854 1566 293 1652 421
face 0.07575098 1725 422 1810 607
face 0.07566827 24 1773 87 1887
face 0.07563742 1 1739 63 1894
face 0.07541513 21 1804 144 2170
face 0.07528081 1288 129 1553 425
face 0.075226374 651 1884 818 2196
face 0.075007215 105 1752 171 1853
face 0.07495195 148 2486 259 2638
face 0.07489405 1578 440 1723 710
face 0.07487 -4 2206 68 2436
face 0.07483074 1662 269 1761 391
face 0.074800916 778 1927 902 2307
face 0.07478964 828 1861 971 2163
face 0.074758835 -11 1896 75 2157
face 0.074711464 94 1826 242 2166
face 0.07458507 1864 2202 1988 2367
face 0.074435554 20 2235 104 2369
face 0.074398436 1383 1855 1604 2327
face 0.0743712 1579 1708 1835 2132
face 0.07426167 1219 1866 1473 2333
face 0.07422351 1607 241 1708 402
face 0.07412578 1847 422 1929 569
face 0.07400997 181 1926 393 2397
