face 0.99976987 684 348 1214 1056
face 0.12013682 333 8 522 373
face 0.1186644 1246 21 1311 152
face 0.10774502 1290 30 1348 137
face 0.107462145 691 54 757 160
face 0.10485795 1445 247 1482 325
face 0.10087312 1284 59 1345 189
face 0.099858716 1298 -2 1362 83
face 0.09945517 338 59 421 273
face 0.09869562 375 73 466 260
face 0.098362036 1448 292 1485 373
face 0.09793482 1415 228 1454 305
face 0.09721464 1434 286 1468 359
face 0.097209044 1262 10 1315 100
face 0.097033426 16 0 76 108
face 0.096937425 338 28 402 157
face 0.09659334 1308 125 1356 226
face 0.096442856 1242 76 1306 248
face 0.09640833 677 60 781 237
face 0.09636396 1460 233 1497 306
face 0.096289925 1385 232 1424 317
face 0.09616328 1323 83 1380 187
face 0.09564313 1325 46 1383 136
face 0.09534406 1324 167 1374 264
face 0.09522845 1377 252 1420 353
face 0.095162645 316 185 367 315
face 0.095099926 1399 294 1434 373
face 0.094316445 1437 185 1481 269
face 0.09398215 1386 316 1424 412
face 0.09382555 1310 208 1363 305
face 0.09374093 250 -11 404 342
face 0.093691014 256 121 319 286
face 0.0935618 1335 136 1383 225
face 0.09351873 1265 153 1315 260
face 0.093382716 408 98 507 327
face 0.093215436 1590 1264 1676 1447
face 0.093184575 1432 208 1476 304
face 0.09278188 56 -16 235 396
face 0.09265478 338 208 382 307
face 0.092621155 1430 318 1469 414
face 0.09245733 1321 11 1375 94
face 0.09243713 1276 99 1330 203
face 0.092416056 1376 180 1418 263
face 0.09211805 112 110 180 297
face 0.092067696 27 146 85 305
face 0.09203292 702 47 811 162
face 0.09200115 22 68 96 263
face 0.09187551 1466 287 1504 362
face 0.09151326 1367 120 1416 202
face 0.09118677 1447 171 1494 251
face 0.09115697 1443 333 1485 422
face 0.091063514 1418 114 1480 241
face 0.0907883 1476 431 1547 531
face 0.09063933 1464 323 1528 457
face 0.0905813 1338 255 1382 356
face 0.090239495 666 20 887 284
face 0.09008963 1287 237 1346 376
face 0.090007976 1335 -3 1400 81
face 0.08992103 289 8 351 143
face 0.08990945 1474 370 1541 484
face 0.089901954 199 13 284 176
face 0.089877926 337 148 387 255
face 0.08977862 244 44 316 228
face 0.0897489 285 30 370 276
face 0.08965911 1468 272 1525 383
face 0.089463234 1400 336 1440 422
face 0.089245565 199 29 363 433
face 0.08924005 99 390 178 494
face 0.08903359 1202 2 1263 106
face 0.08901242 215 122 282 285
face 0.08878021 1470 331 1513 413
face 0.08868624 379 44 440 165
face 0.088671595 17 197 73 326
face 0.08864822 1397 169 1441 249
face 0.088571414 348 -4 424 90
face 0.088538855 1440 374 1496 486
face 0.08840094 212 -5 294 91
face 0.088166125 1274 206 1326 310
face 0.08816598 83 123 148 275
face 0.08800353 1343 214 1391 307
face 0.08799129 286 145 341 259
face 0.08792537 1185 10 1271 176
face 0.08787863 1486 225 1573 425
face 0.08786326 1587 1197 1670 1382
face 0.0878011 392 22 461 130
face 0.087747194 21 33 88 138
face 0.08773838 716 22 795 123
face 0.08767363 1365 276 1406 359
face 0.087646 1387 111 1448 203
face 0.08764266 1231 -15 1407 339
face 0.08762555 681 1 773 99
face 0.08761382 376 214 423 309
face 0.08747109 248 11 307 132
face 0.087436385 1317 262 1367 355
face 0.08735739 7 2020 92 2163
face 0.08724447 209 173 266 334
face 0.08713311 400 45 490 169
face 0.08712683 363 135 418 268
face 0.086879216 671 1144 910 1350
face 0.086869106 140 20 236 156
face 0.086679704 48 75 127 208
face 0.08658342 151 150 208 259
face 0.086527735 1379 341 1426 455
face 0.0864882 1372 34 1425 124
face 0.08626581 130 193 182 309
face 0.0862505 1384 369 1447 502
face 0.08621907 1358 165 1404 248
face 0.08611859 296 205 345 310
face 0.08611814 6 30 69 178
face 0.08611787 406 2 487 100
face 0.08576539 388 247 471 368
face 0.08576206 1219 -1 1289 89
face 0.08575728 179 142 241 279
face 0.085739255 161 268 209 352
face 0.08570926 1344 322 1393 424
face 0.085633054 165 206 211 300
face 0.08559944 61 153 117 262
face 0.08556617 1454 87 1539 253
face 0.08545888 593 5 662 141
face 0.085455425 86 185 139 305
face 0.08540258 1210 128 1270 247
face 0.085389376 605 575 717 892
face 0.08534735 638 22 704 145
face 0.08533153 1250 203 1310 335
face 0.08524178 730 1 827 102
face 0.085157506 1421 413 1493 537
face 0.08514382 268 -128 467 246
face 0.085008994 657 108 779 376
face 0.08490857 1210 -139 1409 213
face 0.08445127 150 -2 235 100
face 0.08433414 192 9 261 111
face 0.08431345 1459 1181 1620 1523
face 0.08426104 1578 241 1656 439
face 0.084163114 130 252 183 357
face 0.08415457 39 -7 114 89
face 0.08414745 234 264 285 353
face 0.084122255 1459 382 1516 480
face 0.08405108 1470 155 1532 273
face 0.0840235 293 -10 371 88
face 0.0839942 1471 50 1575 263
face 0.08389116 79 247 137 385
face 0.08382101 1261 254 1318 362
face 0.08380856 133 66 217 210
face 0.08372131 315 75 388 215
face 0.08371287 1293 40 1486 403
face 0.08368498 90 50 183 253
face 0.08357557 1374 -3 1449 83
face 0.083548024 292 255 343 349
face 0.0835023 767 15 844 114
face 0.0834383 180 207 229 313
face 0.08343448 1334 673 1543 1007
face 0.08318971 1576 1129 1656 1307
face 0.08303154 1207 199 1269 306
face 0.083007 1413 28 1514 142
face 0.082997054 1181 -32 1354 261
face 0.082967 133 388 214 491
face 0.0828346 1291 308 1350 433
face 0.08283309 1474 -2 1573 165
face 0.08278594 123 1 196 112
