face 0.99984145 565 786 1210 1602
face 0.118665196 784 1699 1332 2514
face 0.118617505 433 1705 672 2083
face 0.11741697 553 1395 710 1684
face 0.11514409 658 1793 860 2209
face 0.09835481 701 1924 911 2363
face 0.09712288 107 1499 684 2430
face 0.0945118 376 1353 585 1711
face 0.09111388 532 1340 658 1624
face 0.09007412 424 1426 549 1643
face 0.08869341 525 1468 667 1724
face 0.08749553 328 1643 583 2110
face 0.0865814 259 1781 488 2264
face 0.0861979 511 966 618 1283
face 0.08461412 78 2203 279 2566
face 0.083045416 380 1506 521 1695
face 0.08268451 1048 1129 1319 1681
face 0.08255992 1152 942 1264 1311
face 0.08215951 653 802 860 1049
face 0.08157897 468 1479 589 1701
face 0.08142161 995 818 1224 1215
face 0.08093836 1305 2188 1423 2510
face 0.08069478 481 1375 622 1586
face 0.078711 983 1473 1126 1747
face 0.07768319 47 1781 150 2128
face 0.07724022 385 1865 741 2343
face 0.07689123 537 956 654 1409
face 0.07676085 512 1448 727 1831
face 0.076175936 788 1735 1012 2160
face 0.07611893 -16 -31 60 99
face 0.07302228 1396 -39 1495 119
face 0.0730004 -8 2387 73 2585
face 0.07245124 23 -28 102 96
face 0.07217215 1402 509 1477 742
face 0.072061844 73 2124 191 2446
face 0.07201575 1053 1396 1275 1850
face 0.07189418 1423 438 1504 591
face 0.07170447 888 2039 1356 2465
face 0.071543835 1011 1417 1178 1652
face 0.07123085 1280 2249 1388 2552
face 0.07122813 380 1541 754 1884
face 0.07097136 415 1391 533 1558
face 0.07085339 482 1759 814 2184
face 0.07060242 1098 708 1284 1166
face 0.07046053 823 1472 1100 1956
face 0.070266224 554 1680 929 2023
face 0.06983264 1416 1669 1494 1822
face 0.06962468 644 2199 782 2511
