face 0.9999286 399 1027 996 1854
face 0.123443045 952 1864 1082 2177
face 0.120295025 17 2385 136 2580
face 0.11795489 1214 1913 1411 2386
face 0.10973395 771 1117 991 1623
face 0.108494386 1152 1868 1354 2316
face 0.10356857 987 1807 1190 2252
face 0.10014807 962 1288 1064 1707
face 0.08839612 1408 -34 1492 112
face 0.08799627 894 1712 990 2064
face 0.08653386 925 1763 1030 2120
face 0.08497203 1098 2079 1289 2532
face 0.08099311 1087 2060 1227 2396
face 0.080658756 961 1712 1065 2069
face 0.08056912 1087 1631 1400 2065
face 0.078592055 927 1381 1030 1766
face 0.07747243 773 1808 1154 2174
face 0.077297784 941 1666 1309 2025
face 0.07628022 995 1796 1120 2108
face 0.07501938 830 1300 1021 1783
face 0.07423485 1010 1893 1169 2140
face 0.073060386 856 1748 956 2150
face 0.072942 1397 23 1487 193
face 0.07246023 425 1725 613 2179
face 0.07221131 1224 634 1415 1108
face 0.07172243 324 1274 413 1646
face 0.07146415 -19 -50 53 170
face 0.07144466 -115 2206 250 2562
face 0.07076056 1417 1940 1496 2098
face 0.07050523 748 1512 1117 1871
face 0.07042962 1069 1906 1186 2301
face 0.07014146 805 1054 960 1360
face 0.07013098 1417 1866 1499 2034
face 0.070108995 971 1968 1121 2209
face 0.06976026 357 1390 452 1791
face 0.06966832 766 1669 1137 2019
face 0.06964975 1128 2104 1269 2337
face 0.06935281 1084 1689 1309 2383
face 0.069240436 459 1801 575 2092
face 0.06922145 1226 435 1416 903
face 0.0692009 738 1340 964 1815
face 0.068927035 370 14 579 480
face 0.06891558 29 2100 333 2585
face 0.06884839 562 23 770 480
face 0.06872401 39 1210 286 1615
face 0.068700686 1041 1705 1252 2161
face 0.06859294 936 1935 1154 2418
face 0.06846529 885 1424 995 1786
face 0.06841201 1112 1921 1226 2274
face 0.06840656 541 2306 710 2535
face 0.06834505 1226 224 1417 696
face 0.06818714 1112 368 1304 826
face 0.06817931 1147 1932 1278 2242
face 0.06817271 601 435 813 861
face 0.06816661 676 29 886 482
face 0.06814278 968 1261 1155 1769
face 0.06813449 12 2311 187 2548
face 0.067954436 1192 2118 1306 2481
face 0.06789529 391 1451 492 1867
face 0.067854576 1152 2298 1322 2532
face 0.06776156 994 569 1189 1030
face 0.06768688 785 -265 1221 672
face 0.06749871 841 1376 1201 1748
face 0.0674587 1417 360 1497 531
face 0.06744537 1149 634 1345 1097
face 0.06741019 -9 2371 69 2598
face 0.06739251 1033 368 1227 828
face 0.06736075 917 369 1113 826
face 0.067352 907 30 1117 487
