face 0.9998398 222 124 558 617
face 0.15241216 550 546 616 641
face 0.121091865 593 444 687 616
face 0.11304275 231 335 325 509
face 0.100816265 71 411 259 776
face 0.09683818 282 821 382 904
face 0.09399243 538 493 629 637
face 0.09257455 0 465 276 944
face 0.090778306 153 408 314 739
face 0.09046966 357 414 486 547
face 0.089289196 272 663 356 821
face 0.08781351 475 606 540 710
face 0.08614445 618 144 707 311
face 0.0858993 522 545 576 651
face 0.08449014 714 682 743 728
face 0.084430434 345 405 438 498
face 0.083520636 615 398 702 566
face 0.08249158 250 721 343 872
face 0.08242391 383 644 481 730
face 0.0822489 534 578 595 662
face 0.082149215 626 204 684 291
face 0.08183958 570 464 635 587
face 0.08173051 709 685 735 748
face 0.08158835 267 703 325 836
face 0.08158073 716 658 744 703
face 0.08122683 156 815 203 949
face 0.07980216 210 773 305 922
face 0.07978084 588 485 654 602
face 0.07967066 623 471 692 587
face 0.0794522 70 515 263 664
face 0.0794438 588 669 698 810
face 0.07931434 460 816 581 948
face 0.079188935 307 800 394 878
face 0.07905738 134 499 231 707
face 0.079018354 89 928 135 986
face 0.07879493 303 745 366 863
face 0.07857763 120 130 297 606
face 0.07848553 242 802 357 937
face 0.07832246 211 600 263 740
face 0.078179546 717 632 745 677
face 0.078115694 536 134 623 315
face 0.07798339 134 794 191 918
face 0.0778621 701 724 737 810
face 0.07776785 713 706 744 755
face 0.07772428 75 930 117 986
face 0.077706195 -66 420 206 728
face 0.07755337 711 640 735 699
face 0.07754103 426 19 539 152
face 0.07715692 479 553 573 706
face 0.07710957 189 481 243 631
face 0.0770419 614 393 670 504
face 0.07694713 562 526 636 615
face 0.07667784 706 706 736 777
face 0.07664692 369 578 454 664
face 0.07662077 650 321 701 468
face 0.0765892 697 311 739 441
face 0.07645742 494 591 563 668
face 0.07634674 533 878 596 946
face 0.07631537 252 574 345 754
face 0.07628973 674 295 714 447
face 0.07626998 16 866 90 947
face 0.076186806 176 850 228 959
face 0.07604885 528 686 639 831
face 0.07600511 585 758 615 806
face 0.075993046 566 876 631 941
face 0.075958304 673 235 712 357
face 0.07593898 551 609 609 684
face 0.075913325 455 522 522 629
face 0.07555588 498 518 556 630
face 0.07515719 571 585 628 656
face 0.07513603 580 162 669 334
face 0.075089864 186 928 228 988
face 0.07507995 125 923 175 987
face 0.074727505 575 135 625 266
face 0.074658334 550 924 619 1002
face 0.07450826 118 900 173 965
face 0.07447979 526 745 644 888
face 0.07437753 192 355 245 527
face 0.07430037 676 686 759 840
face 0.07426723 220 592 306 759
face 0.074225344 164 928 207 987
face 0.074205995 621 730 679 787
face 0.07416908 -100 536 240 793
face 0.0741675 634 385 686 519
face 0.07415465 697 283 733 386
face 0.074093536 614 331 663 465
face 0.073959656 246 744 303 855
face 0.0739306 715 578 746 627
face 0.07389864 697 409 741 529
face 0.073897876 716 605 745 652
face 0.07374383 235 613 282 745
face 0.07369873 710 609 735 674
face 0.07368041 628 712 676 761
