face 0.99987185 403 276 1202 1452
face 0.5887763 1220 612 1332 926
face 0.14718948 -17 1387 86 1634
face 0.11614772 1277 1302 1322 1397
face 0.11007497 191 1182 429 1516
face 0.10382571 3 1373 141 1583
face 0.0976505 1296 1354 1347 1451
face 0.09523469 1318 781 1414 979
face 0.09336682 1127 1156 1327 1535
face 0.093331054 1249 1236 1310 1349
face 0.09173975 1279 1357 1328 1456
face 0.09130756 1274 1239 1327 1373
face 0.08945851 1225 1290 1283 1408
face 0.08823988 1248 1302 1302 1401
face 0.087069124 58 1020 166 1298
face 0.08691639 91 1045 216 1290
face 0.086805984 1317 1372 1365 1458
face 0.08662808 1302 1319 1348 1400
face 0.0864056 1228 662 1413 1033
face 0.08632822 1226 1225 1289 1359
face 0.08607453 1259 1140 1321 1341
face 0.085959226 1233 1181 1308 1319
face 0.08585884 1138 1195 1242 1399
face 0.08561417 1201 1289 1268 1442
face 0.08535693 1137 1162 1544 1476
face 0.085221425 1192 1134 1280 1355
face 0.08381732 239 1217 414 1388
face 0.083250254 -16 1358 207 1677
face 0.083088994 1187 694 1291 1051
face 0.0822283 1262 1294 1664 1593
face 0.08177063 1296 1388 1362 1511
face 0.081476025 557 9 779 176
face 0.081395164 1243 1369 1303 1467
face 0.081244655 1591 1524 1661 1702
face 0.08008427 1259 1413 1667 1706
face 0.07995908 1137 827 1248 1190
face 0.07934276 1607 1534 1679 1646
face 0.07927705 -14 1046 93 1210
face 0.07884721 565 -20 718 114
face 0.07876813 428 1288 555 1521
face 0.07837509 1076 1166 1218 1414
face 0.078308865 1293 687 1407 901
face 0.07813541 1242 587 1362 819
face 0.07797609 1342 1370 1399 1460
face 0.07777098 829 -13 948 100
face 0.07752469 314 1221 494 1450
face 0.07668707 1616 1475 1685 1586
face 0.076386705 1215 1363 1278 1486
face 0.076358594 -19 1626 321 1997
face 0.07628002 1324 1255 1384 1370
face 0.07621541 53 953 238 1353
face 0.07610046 157 1141 285 1335
face 0.07599449 212 1094 339 1285
face 0.07595609 1055 1289 1485 1585
face 0.07587657 1115 27 1386 405
face 0.07544401 60 1358 192 1494
face 0.07522108 1266 730 1375 980
face 0.075205185 -77 924 223 1272
face 0.07506501 1335 1325 1390 1409
face 0.07480676 20 966 131 1297
face 0.07475636 1189 1246 1372 1585
face 0.074709944 233 1421 434 1766
face 0.074607655 1158 1285 1249 1419
face 0.07457513 331 1130 483 1369
face 0.074568085 1269 1415 1340 1517
face 0.074541144 1146 991 1322 1388
face 0.074501805 1210 1102 1304 1265
face 0.07444403 0 1050 330 1384
face 0.07443866 1177 1005 1284 1258
face 0.074344836 386 1020 513 1347
face 0.0742735 170 1497 294 1699
face 0.07419348 1204 1106 1360 1441
face 0.074032456 1417 1329 1554 1498
face 0.073925994 1136 1033 1250 1341
face 0.07375491 1197 738 1309 911
face 0.07366858 166 1003 385 1353
face 0.073634565 1547 2014 1682 2176
face 0.07360474 221 1603 335 1943
face 0.07359805 226 665 339 992
face 0.07356286 1340 1404 1412 1508
face 0.073478706 1386 908 1595 1342
face 0.0731279 1352 1240 1436 1396
face 0.07311265 1593 1390 1662 1582
face 0.07309931 1190 802 1303 966
face 0.07306278 1287 1465 1392 1594
face 0.07305051 1202 1055 1603 1371
face 0.07303901 1312 1160 1392 1343
face 0.072730295 0 1274 419 1578
face 0.072728366 795 23 963 163
face 0.07272816 1290 608 1391 786
face 0.072710074 1184 375 1365 842
face 0.07266714 1342 712 1439 892
face 0.07255926 477 1270 593 1541
face 0.07243022 1142 812 1537 1124
face 0.07232896 397 1356 516 1566
face 0.07230682 -37 1181 379 1474
face 0.07227302 1586 -28 1679 94
face 0.072266534 1096 832 1203 1170
face 0.07207074 308 829 423 1178
face 0.07189758 226 1472 335 1726
face 0.07182313 1123 717 1391 1195
face 0.07178818 -16 877 67 1164
face 0.0716267 1612 1410 1684 1529
face 0.071484424 1134 1325 1233 1564
