face 0.9999715 603 673 1404 1759
face 0.11670821 1450 42 1764 462
face 0.1105161 1479 779 1768 1324
face 0.10600047 524 2436 717 2595
face 0.09944693 1551 2346 1640 2515
face 0.089149915 1504 2349 1599 2514
face 0.08812268 1331 2321 1496 2556
face 0.083666615 1403 2327 1506 2505
face 0.08315906 182 2523 278 2664
face 0.083155714 205 1513 478 1959
face 0.08309554 1441 2322 1547 2469
face 0.082760274 1448 1024 1736 1484
face 0.082224935 1410 2248 1638 2608
face 0.08209017 311 2514 423 2664
face 0.082028784 1527 2319 1620 2464
face 0.081756555 -14 2429 82 2617
face 0.08124727 1589 2433 1673 2571
face 0.0808186 1520 1298 1835 1751
face 0.08030036 126 2523 228 2669
face 0.08018543 1273 1617 1394 2023
face 0.07968471 685 2440 833 2580
face 0.07945781 1008 2505 1139 2673
face 0.07923277 1505 2445 1606 2580
face 0.07922937 920 2511 1055 2674
face 0.07907577 1282 1577 1491 2051
face 0.078650676 578 2497 733 2677
face 0.078647226 1868 2349 2028 2557
face 0.07860269 1346 2509 1468 2672
face 0.07843971 323 2470 429 2583
face 0.07804299 1426 2299 1511 2443
face 0.07780088 476 1374 707 1810
face 0.077675566 753 2417 874 2535
face 0.07743099 244 2427 332 2557
face 0.07741026 646 2501 792 2675
face 0.077404365 485 2401 668 2556
face 0.077197544 729 2507 868 2672
face 0.07706389 1332 2431 1472 2593
face 0.076508544 1461 2284 1551 2404
face 0.07650598 1869 2500 2017 2688
face 0.076442026 450 2468 582 2586
face 0.07636887 619 2409 785 2548
face 0.076275885 1295 2347 1416 2541
face 0.07621191 458 2519 579 2668
face 0.076164894 1678 1934 1904 2436
face 0.07591709 270 2480 353 2579
face 0.07581806 1457 313 1773 864
face 0.07578996 62 2103 186 2522
face 0.07572599 505 2467 631 2594
face 0.075683065 493 2322 774 2599
face 0.07563296 103 26 360 492
face 0.07536347 489 1826 612 2233
face 0.07531998 511 2510 640 2666
face 0.075273976 1575 2373 1675 2525
face 0.07517235 249 2145 408 2435
face 0.075135216 804 2410 924 2534
face 0.07502812 178 2410 276 2565
face 0.07496425 1294 4 1535 740
face 0.07494087 300 2409 408 2556
face 0.07492924 221 2044 469 2487
face 0.07488842 1583 1473 1858 1845
face 0.074733384 229 1628 444 1873
face 0.07468977 1312 2312 1436 2472
face 0.074671276 1090 706 1394 1146
face 0.0744795 1469 555 1762 1111
face 0.07433614 257 2519 357 2659
face 0.07432062 33 2420 130 2599
face 0.07429061 849 2512 985 2674
face 0.07427111 1651 2454 1742 2582
face 0.07425342 -15 571 112 752
face 0.07422767 370 2460 513 2586
face 0.07420677 1229 2363 1370 2541
face 0.074151985 212 2475 287 2584
face 0.07411114 469 2 723 421
face 0.07389978 -34 2314 89 2572
face 0.07389845 1629 2374 1734 2527
face 0.07388102 1389 1580 1653 2014
face 0.07372372 431 2410 581 2541
face 0.07367329 999 2434 1137 2581
face 0.073603585 81 2051 301 2536
face 0.07358324 1167 2194 1378 2589
face 0.07346634 430 1795 559 2167
face 0.073389836 1405 2420 1521 2589
face 0.07330991 1522 -32 1733 141
face 0.07328459 -5 2517 103 2676
face 0.07304879 670 2065 934 2305
face 0.073043175 -23 -48 74 176
face 0.07295659 1275 2184 1392 2478
face 0.07266185 1479 12 1757 231
face 0.07263876 1540 1665 1811 2009
face 0.072549134 627 19 879 494
face 0.07254054 1513 2249 1725 2592
face 0.072539814 1810 2283 1963 2606
face 0.072537266 620 1534 780 1819
face 0.072371446 998 1013 1344 1518
face 0.07225312 1812 2516 1938 2681
face 0.07223002 243 1695 502 2098
face 0.07218701 387 2516 518 2672
face 0.07216625 784 2514 918 2671
face 0.07216401 1772 2525 1877 2674
face 0.07211305 512 1261 658 1687
face 0.07205887 118 2121 243 2501
face 0.072004884 1532 1650 1741 1851
face 0.071995296 1104 2225 1220 2477
face 0.071956836 1578 1570 1762 1806
face 0.07188085 360 2410 509 2541
face 0.07182119 1226 2131 1444 2528
face 0.07175996 716 2134 995 2378
face 0.071716174 441 -36 1019 1070
face 0.07161805 47 2521 152 2671
face 0.07155114 1725 2524 1822 2666
face 0.07145417 424 1535 666 1970
face 0.0714182 1687 2131 1928 2585
face 0.07140699 311 2192 447 2459
face 0.07135023 1207 2189 1342 2441
face 0.0713206 297 1761 470 2023
face 0.0712245 1651 2513 1756 2665
face 0.071219034 1199 2308 1336 2581
face 0.07117448 1241 2309 1366 2474
face 0.07113408 235 2308 334 2506
face 0.07105932 1632 1707 1821 1937
face 0.07075987 1191 29 1341 477
face 0.070734575 1560 2265 1649 2441
face 0.0706654 409 2194 611 2413
