face 0.9995727 121 0 302 204
face 0.12709072 488 250 535 326
face 0.12391164 389 289 436 354
face 0.12173379 392 276 439 324
face 0.11733295 203 378 224 406
face 0.10370478 499 189 557 267
face 0.10034871 373 305 423 349
face 0.09955744 374 323 420 378
face 0.098252185 401 250 457 314
face 0.0969062 463 266 519 348
face 0.096412614 377 237 467 333
face 0.09636174 169 385 193 420
face 0.09425235 195 383 217 415
face 0.09356192 176 381 199 412
face 0.093440376 154 394 178 420
face 0.09223376 138 384 163 417
face 0.09155198 422 155 502 250
face 0.09097918 190 350 217 394
face 0.08980569 487 135 534 198
face 0.08969241 499 237 554 300
face 0.08931876 207 365 230 397
face 0.08930399 411 290 453 348
face 0.08873922 134 390 154 417
face 0.088668406 485 210 538 289
face 0.08842638 442 331 540 430
face 0.08729722 309 361 398 450
face 0.08674254 424 164 477 227
face 0.086695604 380 278 421 328
face 0.086307384 426 287 522 377
face 0.08596234 504 126 550 187
face 0.08577291 349 319 396 368
face 0.085424684 333 314 416 395
face 0.08534673 2 -1 33 28
face 0.084653 139 354 221 440
face 0.084243864 421 267 470 323
face 0.0840424 124 391 145 423
face 0.083634704 203 388 231 418
face 0.083291315 517 121 569 172
face 0.0831037 336 330 382 383
face 0.08299078 372 356 419 411
face 0.08275487 166 339 201 393
face 0.082747675 485 163 532 216
face 0.082726575 195 367 218 404
face 0.08248019 521 184 573 243
face 0.08217421 50 0 84 35
face 0.08211385 199 333 235 386
face 0.0818805 -6 503 28 544
face 0.081830725 212 382 237 411
face 0.08163128 100 257 151 333
face 0.081264816 157 382 185 412
face 0.08110143 190 392 216 425
face 0.080889106 176 318 218 383
face 0.08072619 12 0 42 36
face 0.08065107 523 258 574 310
face 0.080632485 26 -2 63 23
face 0.08056416 289 237 345 316
face 0.080533236 446 302 500 365
face 0.08045244 271 419 323 510
face 0.08035192 135 403 165 436
face 0.08021793 340 356 397 408
face 0.080151424 421 228 473 293
face 0.080149226 88 367 119 417
face 0.0800585 358 303 436 379
face 0.07978835 424 205 503 294
face 0.07977347 389 296 467 378
face 0.07960589 538 192 592 252
face 0.07950412 172 355 254 437
face 0.079363346 483 257 560 353
face 0.07928687 220 373 243 406
face 0.07905216 0 5 30 50
face 0.0790473 497 341 552 413
face 0.07895501 355 258 442 343
face 0.07891504 354 271 404 325
face 0.07888658 152 406 182 435
face 0.0787798 503 315 551 364
face 0.078761354 505 107 593 271
face 0.0787544 523 185 610 275
face 0.07874731 702 -5 737 33
face 0.07865475 541 267 596 328
face 0.078439504 9 5 48 56
face 0.07841972 150 350 186 394
face 0.07840952 322 331 364 387
face 0.07826013 431 186 518 353
face 0.07823743 501 169 550 221
face 0.07815942 654 215 710 288
face 0.07795679 99 384 126 421
face 0.07792109 445 222 489 278
face 0.077872545 177 367 201 401
face 0.077837944 208 357 233 381
face 0.07772882 501 301 553 343
face 0.07771931 309 283 498 478
face 0.07747829 328 50 418 147
face 0.0774047 386 269 426 307
face 0.07726402 185 372 211 397
face 0.07719362 702 94 743 152
face 0.07703669 -7 463 24 522
face 0.07701068 218 331 254 384
face 0.07698649 351 291 397 344
face 0.07693508 135 302 214 388
face 0.07684343 475 243 518 298
face 0.07665132 331 140 421 250
