face 0.99992585 391 1085 919 1822
face 0.13108644 917 1541 1109 1972
face 0.12588122 894 1225 979 1510
face 0.12210195 985 1310 1042 1464
face 0.110999666 981 1360 1044 1537
face 0.11048915 933 1276 998 1475
face 0.10972659 846 1139 994 1555
face 0.107377216 1027 1470 1085 1630
face 0.1041803 977 1611 1104 1888
face 0.09186246 981 1413 1054 1633
face 0.08996529 1035 1354 1087 1482
face 0.08795972 1034 1408 1087 1540
face 0.08609484 1158 1499 1390 1873
face 0.08595492 762 1833 854 2057
face 0.08522176 918 1687 1054 2059
face 0.08505966 774 1728 867 1986
face 0.08460086 930 1306 1111 1726
face 0.08409206 881 1162 974 1396
face 0.083155625 927 1359 1011 1568
face 0.08263464 1131 1406 1353 1739
face 0.08245628 1043 1549 1219 1968
face 0.0819854 998 1514 1102 1735
face 0.081796736 1033 1644 1114 1835
face 0.081484444 886 1229 1041 1594
face 0.081118226 984 1249 1044 1399
face 0.080834314 1000 1352 1065 1470
face 0.08082497 733 1751 827 1970
face 0.08081959 1000 1412 1073 1541
face 0.08021123 -6 439 197 799
face 0.08019988 1102 1680 1164 1825
face 0.07994166 225 1488 438 1862
face 0.07989288 891 1363 984 1553
face 0.07919763 925 1145 1112 1554
face 0.07896295 1432 1145 1489 1281
face 0.07883691 1317 925 1382 1060
face 0.07882118 1037 1319 1095 1435
face 0.07873118 1064 1472 1121 1610
face 0.078429095 1429 1205 1488 1348
face 0.078368686 1128 1500 1219 1691
face 0.07801717 1290 910 1356 1084
face 0.07786302 1152 1470 1265 1693
face 0.07772889 991 1380 1178 1775
face 0.07741821 1432 1066 1498 1195
face 0.077387065 1050 1298 1112 1406
face 0.07723084 1059 1521 1121 1677
face 0.07718702 1000 1296 1063 1405
face 0.07716022 387 511 460 643
face 0.0770763 683 1087 918 1525
face 0.07681801 968 1235 1157 1615
face 0.07669639 231 1707 295 1829
face 0.07663121 759 708 833 860
face 0.07628286 1065 1405 1122 1534
face 0.07622185 1153 1586 1283 1774
face 0.07619847 875 1083 990 1310
face 0.07612628 727 1628 908 2036
face 0.075713806 1105 1614 1173 1740
face 0.075627916 165 523 520 952
face 0.07550115 893 1472 995 1726
face 0.07549299 1419 1086 1477 1250
face 0.07539165 935 1215 1004 1398
face 0.07525628 724 1849 787 2008
face 0.075072974 843 1008 1030 1372
face 0.07502637 324 1599 471 1868
face 0.074945934 224 1005 347 1135
face 0.07484997 1045 1548 1123 1761
face 0.07476877 369 429 434 634
face 0.074746944 1424 1264 1490 1421
face 0.074667886 1226 1510 1343 1764
face 0.07447555 1072 676 1398 1098
face 0.074150115 938 1426 1033 1643
face 0.07408183 27 33 191 216
face 0.07404553 857 1318 1015 1746
face 0.07397818 1367 1066 1432 1218
face 0.07397271 389 456 455 583
face 0.07391163 1032 853 1112 984
face 0.07385137 1427 994 1496 1128
face 0.07384305 952 988 1164 1409
face 0.07363089 318 505 403 647
face 0.07352098 1074 1357 1151 1473
face 0.07337643 720 671 772 822
face 0.07302488 1426 929 1495 1063
face 0.0730215 722 616 772 759
face 0.072856255 1026 660 1111 787
face 0.07282828 80 992 199 1130
face 0.07282465 273 1564 392 1814
face 0.07281864 1364 925 1430 1094
face 0.07280244 -10 278 204 625
face 0.07262807 1143 1610 1223 1779
face 0.072320916 1367 1145 1431 1292
face 0.07231165 1037 807 1099 913
face 0.07229984 974 1151 1051 1330
face 0.072289035 967 1471 1080 1785
face 0.072195455 1416 1005 1477 1182
face 0.07219158 -16 -54 56 163
face 0.0721334 751 965 960 1336
face 0.07207986 805 718 876 873
face 0.0719085 813 1849 907 2147
face 0.07189688 1314 992 1388 1125
face 0.071739726 842 1729 960 2005
face 0.07170017 1079 1298 1149 1405
face 0.07163487 819 1688 913 1961
face 0.07157859 830 660 895 786
face 0.07157472 197 1065 307 1194
face 0.07154482 233 945 344 1067
face 0.07150324 274 146 436 337
face 0.071452 929 1118 1020 1326
face 0.07144707 362 318 766 657
face 0.071352296 576 1042 842 1427
face 0.07133601 93 509 321 834
face 0.07129622 1100 1515 1166 1671
face 0.07129292 306 1263 422 1579
face 0.07127672 175 -47 341 142
face 0.07119614 727 721 796 839
face 0.07117898 747 1885 820 2016
face 0.071175486 278 1164 379 1351
face 0.07116789 1265 1592 1382 1805
face 0.070958994 847 768 976 937
face 0.07091491 1404 1542 1477 1753
face 0.070844434 1429 864 1496 994
