face 0.99997926 249 143 588 596
face 0.12344782 503 900 558 961
face 0.11272709 473 294 574 466
face 0.11110175 562 136 675 303
face 0.10694381 193 247 288 414
face 0.10246365 419 345 527 516
face 0.1001397 440 350 530 442
face 0.083710484 171 494 230 604
face 0.083208516 253 -16 344 55
face 0.08278078 487 864 588 972
face 0.08236744 310 124 411 275
face 0.08219106 427 -13 509 53
face 0.08195065 210 415 267 532
face 0.08111847 513 921 570 989
face 0.08104441 507 204 764 513
face 0.080631934 157 467 251 631
face 0.07908551 25 -7 86 46
face 0.07814361 568 -8 607 35
face 0.0776829 -74 880 121 1014
face 0.0776048 147 510 215 587
face 0.07641271 533 910 585 960
face 0.075982966 198 400 244 549
face 0.07569402 15 9 89 71
face 0.07542592 324 547 451 695
face 0.074763685 473 329 544 432
face 0.07415313 696 -14 746 44
face 0.07341999 139 571 191 677
face 0.07326546 586 -9 633 39
face 0.07305931 492 923 546 989
face 0.072819166 429 375 515 466
face 0.072478466 542 926 593 988
face 0.07220102 503 9 762 308
face 0.07217106 298 168 384 265
face 0.07207731 153 598 215 694
face 0.07187531 484 25 562 106
face 0.071758695 108 124 288 589
face 0.07143492 -7 905 40 966
face 0.07143397 491 319 555 389
face 0.070799775 587 664 726 822
face 0.0706649 330 638 424 719
face 0.07022028 698 843 744 968
face 0.070195034 224 -12 300 48
face 0.069939606 -1 931 47 995
face 0.06924512 190 270 256 384
face 0.06880895 119 581 171 674
face 0.068640925 156 572 353 699
face 0.06854802 150 538 218 612
face 0.06832608 697 728 742 840
face 0.06802619 679 697 762 865
face 0.06790653 182 608 261 690
face 0.06784334 564 44 612 137
face 0.06774695 674 682 717 796
face 0.067534536 410 -39 517 82
face 0.067178726 616 626 802 759
face 0.06715969 269 186 337 301
face 0.06701999 -15 627 161 757
face 0.06694962 65 -4 120 42
face 0.066755585 190 78 218 135
face 0.06669377 540 47 589 133
face 0.06659354 437 6 528 74
face 0.06651235 -1 564 101 721
face 0.06646706 563 172 650 264
face 0.06642481 529 890 585 943
face 0.06634765 212 437 304 614
face 0.06628717 -7 -13 28 58
face 0.066243894 390 156 508 305
face 0.06619715 625 365 810 505
face 0.06618312 599 -10 657 43
face 0.06589721 293 -13 377 50
face 0.06583574 -95 -73 200 186
face 0.06569472 581 14 669 110
face 0.065679274 2 243 225 622
face 0.06563175 504 404 769 695
face 0.065582395 231 410 293 528
face 0.065394655 215 22 310 104
face 0.065388255 94 -100 298 259
face 0.06527873 185 56 218 111
face 0.06526777 704 620 747 686
face 0.06524664 580 1 635 79
face 0.065167986 -10 839 29 965
face 0.06500044 569 930 620 992
face 0.06494117 559 906 613 960
face 0.06492071 173 -87 376 273
face 0.06482409 560 618 710 776
face 0.06480525 622 617 715 900
face 0.06475376 186 496 299 662
face 0.06470503 628 647 688 715
face 0.06433062 178 41 223 91
face 0.06427062 607 490 714 669
face 0.06425043 514 48 570 131
face 0.06419287 704 647 748 710
face 0.06417385 69 7 142 63
