face 0.9955142 818 959 1469 1773
face 0.13246563 44 321 1918 2252
face 0.1249562 819 1080 1143 1548
face 0.11990526 865 1090 1149 1334
face 0.11810817 1650 1376 1912 1847
face 0.11608352 1457 1666 1718 2161
face 0.11380384 1412 1811 1560 2202
face 0.10387941 820 1872 1108 2372
face 0.087674305 795 2506 944 2679
face 0.08640954 746 2357 965 2558
face 0.08563384 1448 1726 1614 2079
face 0.08549789 797 1013 931 1339
face 0.0848846 690 1960 953 2412
face 0.08474892 1161 1251 1462 1759
face 0.08443236 1150 1082 1434 1554
face 0.083497174 732 2033 898 2343
face 0.0817373 1518 1833 1740 2100
face 0.08063547 60 1709 191 2088
face 0.07878582 1616 1468 1780 1782
face 0.07870422 13 2156 272 2577
face 0.078625664 909 918 1211 1300
face 0.076956846 5 1717 148 2061
face 0.076609336 1648 1811 1913 2255
face 0.07532944 1658 1580 1927 2074
face 0.07502447 -27 1834 101 2092
face 0.074960835 -18 1363 259 1821
face 0.07488909 748 964 992 1415
face 0.07458704 787 1656 933 1998
face 0.074014604 1483 1857 1667 2183
face 0.07360134 -14 2517 126 2689
face 0.07341667 1476 1896 1912 2368
face 0.07316363 877 1750 1144 2146
face 0.07316083 318 1860 639 2306
face 0.072929926 4 2277 180 2583
face 0.072665945 1890 723 2012 880
face 0.072318375 15 1736 234 2207
face 0.07227476 1535 1551 1884 2214
face 0.07203475 1673 1105 1931 1586
face 0.071533576 102 1937 369 2417
face 0.07058245 1387 1865 1527 2064
face 0.07048546 888 944 1040 1249
face 0.070235126 867 1553 1175 1944
face 0.06995644 770 2437 942 2596
face 0.06984128 796 1165 964 1389
face 0.06977403 1405 2503 1584 2696
face 0.06974993 1353 1255 1589 1728
face 0.06961566 1447 1114 1689 1608
face 0.06960338 1532 1992 1741 2215
face 0.069566235 571 2362 829 2579
face 0.06929071 1878 -41 2016 122
face 0.06916501 106 2179 378 2574
face 0.06910814 834 1905 1006 2189
face 0.06901841 1542 1381 1700 1592
face 0.06872677 1490 1350 1658 1641
face 0.06870142 1057 2518 1213 2691
face 0.06848472 859 2516 992 2678
face 0.06834983 851 1803 1077 2030
face 0.068326525 -27 2291 83 2581
face 0.06831995 1241 1541 1745 1911
face 0.06824347 952 1796 1166 2020
face 0.06821233 59 2007 212 2340
face 0.068187155 658 1121 854 1319
face 0.06818419 109 2148 259 2481
face 0.06814268 983 891 1138 1151
face 0.068137966 937 887 1080 1125
face 0.068125166 737 1075 884 1468
face 0.0680682 -16 2439 117 2594
face 0.06799849 914 1240 1271 1674
