face 0.97308344 346 168 450 294
face 0.787079 511 97 628 260
face 0.12981343 670 440 742 563
face 0.118603446 486 467 558 545
face 0.11743077 507 79 596 186
face 0.1136169 400 533 489 600
face 0.1131292 492 306 555 417
face 0.107886225 296 281 350 329
face 0.10763861 613 666 666 711
face 0.09934052 633 153 682 216
face 0.097616345 258 519 316 605
face 0.096595086 270 300 322 342
face 0.095880546 561 60 637 193
face 0.095156096 646 185 704 248
face 0.095026374 824 201 854 236
face 0.09469822 52 131 80 162
face 0.0933134 660 170 700 222
face 0.093018055 831 189 859 217
face 0.09244897 716 173 748 200
face 0.0921456 838 202 867 233
face 0.09183382 225 332 329 458
face 0.091735244 305 274 379 321
face 0.09165359 627 178 688 259
face 0.0914755 762 180 802 223
face 0.09103625 865 203 892 233
face 0.09089401 786 183 820 221
face 0.09084936 69 147 109 180
face 0.090760015 790 194 829 238
face 0.09019879 813 220 857 274
face 0.09016884 432 465 482 517
face 0.09006798 81 141 108 165
face 0.09004076 95 127 129 159
face 0.08998212 529 68 609 155
face 0.0897619 325 497 406 567
face 0.08967106 798 185 831 217
face 0.08946918 465 484 545 561
face 0.08941997 539 187 618 276
face 0.08939508 842 221 875 259
face 0.08933719 63 149 88 174
face 0.089320466 682 182 712 216
face 0.08909936 287 291 329 326
face 0.08881849 626 132 677 196
face 0.08851621 690 178 720 208
face 0.088005066 93 148 143 180
face 0.087914675 420 469 542 606
face 0.087872624 81 120 114 150
face 0.08783033 679 190 719 233
face 0.087819055 511 474 577 566
face 0.08764194 743 180 783 221
face 0.08759263 250 300 291 334
face 0.087584704 406 460 457 515
face 0.08733287 874 199 906 239
face 0.08731691 237 271 360 378
face 0.087019995 57 119 89 150
face 0.08700937 446 467 494 533
face 0.08693686 870 214 909 259
face 0.086848594 648 471 707 550
face 0.086842485 602 122 705 247
face 0.08642749 282 263 402 370
face 0.08624517 847 190 874 223
face 0.08624236 449 171 506 229
face 0.08583283 34 144 70 180
face 0.085795306 822 179 851 209
face 0.085725434 187 78 259 158
face 0.08564009 526 214 637 323
face 0.08550847 861 189 889 218
face 0.08545176 704 186 743 217
face 0.08541836 884 203 917 236
face 0.085414894 42 182 164 307
face 0.085299626 19 128 50 166
face 0.08518987 672 170 707 203
face 0.08506793 424 458 467 495
face 0.08503583 791 212 843 268
face 0.08500968 89 148 117 171
face 0.08493622 262 564 323 652
face 0.08491025 55 155 80 183
face 0.084838726 721 187 759 220
face 0.08483824 235 451 296 519
face 0.08478925 30 143 57 173
face 0.08475387 855 221 889 255
face 0.08466543 732 194 786 242
face 0.08466347 738 174 772 200
face 0.084524415 233 98 306 185
face 0.08449342 830 174 858 200
face 0.084050566 775 182 880 294
face 0.0839953 838 242 877 284
face 0.08399395 671 207 740 265
face 0.08398609 593 660 644 710
face 0.083864234 300 257 352 308
face 0.08382917 499 101 565 200
face 0.083787255 472 104 530 188
face 0.08363967 257 302 324 373
face 0.08363913 304 471 388 554
face 0.08359145 845 256 885 295
face 0.08357679 164 11 291 140
face 0.08357456 399 451 448 493
face 0.083571225 757 189 806 246
face 0.08345407 114 116 157 160
face 0.083448105 22 116 54 151
face 0.08340239 495 168 559 255
face 0.08336889 696 218 758 272
face 0.083263285 211 97 278 177
face 0.083215035 761 296 845 341
face 0.083192445 287 489 358 566
face 0.08317094 469 187 526 246
face 0.08314894 622 202 739 302
face 0.083124325 211 180 278 275
