face 0.9999975 193 149 507 600
face 0.11855432 98 67 615 882
face 0.1150317 171 622 240 691
face 0.10846178 -9 910 33 1009
face 0.093875535 -11 882 38 968
face 0.08560491 167 591 243 670
face 0.08497625 155 590 251 733
face 0.08313223 168 642 229 726
face 0.0830959 -4 791 74 961
face 0.082040854 697 855 743 968
face 0.081615426 617 365 806 506
face 0.0812223 19 707 73 862
face 0.08035329 345 -31 531 101
face 0.079644226 9 885 80 963
face 0.07914594 199 612 259 701
face 0.07738017 -76 875 125 1011
face 0.07484609 549 -85 746 296
face 0.07285298 621 316 806 452
face 0.07268124 375 -1 606 363
face 0.07241487 613 675 804 812
face 0.07105466 190 652 251 751
face 0.07089522 616 325 711 526
face 0.07068043 624 708 783 883
face 0.07047357 149 653 205 713
face 0.07028472 306 736 407 827
face 0.07027982 475 52 691 469
face 0.06998875 2 634 53 790
face 0.06956838 695 -15 748 45
face 0.06947886 318 696 454 857
face 0.0692943 0 737 59 919
face 0.06893248 62 773 115 935
face 0.06875202 497 -114 668 317
face 0.06867574 702 651 745 765
face 0.06845331 665 -92 755 169
face 0.06829023 499 191 555 333
face 0.068107665 512 208 770 518
face 0.068001755 671 837 726 975
face 0.06785807 -8 576 30 718
face 0.06784373 393 321 502 528
face 0.06783033 213 636 270 762
face 0.06772827 141 663 197 749
face 0.06735816 -8 639 27 763
face 0.06719764 616 622 807 756
face 0.06719235 543 655 633 845
face 0.06718676 617 54 808 199
face 0.0670351 282 359 414 528
face 0.06702112 614 663 711 854
face 0.06690968 239 529 330 612
face 0.06680913 677 624 761 788
face 0.066707395 117 687 207 889
face 0.066586405 -9 738 34 873
face 0.06649722 421 627 599 758
face 0.06636105 139 101 291 269
face 0.06607336 186 804 290 952
face 0.065919876 617 403 708 595
face 0.06577779 485 651 569 833
face 0.06567055 19 -19 217 411
face 0.06562717 301 633 492 764
face 0.06545892 277 711 364 795
face 0.06545499 460 124 555 299
face 0.065367036 152 666 211 799
face 0.06534272 36 718 93 839
face 0.06528601 134 524 236 679
face 0.06525967 623 265 810 400
face 0.06508941 614 878 807 1014
face 0.06508215 528 671 743 1010
face 0.064949974 -8 240 31 391
face 0.06490909 681 383 764 566
face 0.064899266 78 686 168 893
face 0.06482616 148 57 351 199
face 0.064739324 558 288 613 445
face 0.06469688 413 -28 616 90
face 0.06452091 207 591 277 671
face 0.06447221 382 222 493 364
face 0.06439762 136 384 220 560
face 0.06437188 610 -36 808 92
face 0.064367846 608 230 712 416
face 0.06426002 404 775 500 947
face 0.06414714 683 308 763 490
face 0.0641139 122 644 176 726
face 0.06406061 -8 138 31 292
face 0.064034015 607 775 800 918
face 0.0640183 543 241 591 404
face 0.06390787 565 415 747 561
face 0.06388473 177 689 267 878
face 0.0638773 -8 496 31 649
face 0.06377879 96 541 197 711
face 0.06367769 273 621 398 784
face 0.06361869 -67 727 123 867
face 0.06360732 501 378 591 566
face 0.06340832 478 206 537 325
