face 0.99986374 407 1008 1107 1968
face 0.12711616 835 1007 1074 1432
face 0.12071703 1329 2391 1437 2589
face 0.11797084 1069 905 1253 1352
face 0.112084724 107 1039 318 1466
face 0.11118008 319 1541 421 1889
face 0.10620688 159 1677 266 2028
face 0.103295915 560 2041 798 2471
face 0.08740345 389 1492 488 1852
face 0.08307933 -66 1449 593 2122
face 0.08110206 322 1790 498 2217
face 0.079318516 1065 967 1180 1287
face 0.079189114 1146 1229 1347 1728
face 0.078870304 191 1661 291 1946
face 0.07787943 -14 -35 52 167
face 0.075613014 80 1426 172 1561
face 0.07538943 996 2116 1115 2379
face 0.0748967 900 2291 1062 2524
face 0.07480964 354 1444 446 1778
face 0.07192643 20 1541 97 1685
face 0.0717971 818 1698 1036 2132
face 0.07177724 767 964 1025 1321
face 0.071422935 5 1592 89 1753
face 0.07122272 144 1592 264 1877
face 0.07089651 46 1314 175 1497
face 0.07050841 1392 2347 1477 2568
face 0.07016597 1402 -54 1481 176
face 0.06999569 385 1790 575 2237
face 0.06984222 1079 1088 1170 1435
face 0.06959733 1025 627 1239 1074
face 0.06959586 273 1571 384 1873
face 0.06951765 234 1658 335 1948
face 0.06945025 35 896 232 1376
face 0.06937306 987 2014 1177 2446
face 0.069353305 106 1478 196 1613
face 0.06901605 171 1180 380 1631
face 0.06859581 1001 916 1169 1343
face 0.0684973 60 1586 192 1885
face 0.06844462 1427 915 1499 1068
face 0.06824025 940 1715 1163 2177
face 0.0682115 425 1512 546 1808
face 0.06803828 312 1344 413 1699
face 0.06800992 84 1520 199 1693
face 0.06789738 903 886 1095 1317
face 0.06765809 1425 845 1498 1001
face 0.06762323 22 1486 94 1613
face 0.0676198 183 1539 292 1817
face 0.06758475 1228 1872 1428 2306
face 0.06756904 1075 1290 1281 1796
face 0.06751438 884 801 995 1107
face 0.06748938 966 2207 1064 2428
face 0.06717149 1428 711 1498 865
face 0.06714571 12 -31 119 120
face 0.067102514 450 1971 582 2293
face 0.067099914 1425 1052 1497 1206
face 0.067092 336 1618 468 1855
face 0.067061506 940 1695 1101 1929
face 0.06696505 1429 577 1498 725
face 0.06694841 794 364 1007 790
face 0.0667908 1427 986 1497 1137
face 0.066655785 -4 1532 58 1748
face 0.06665059 1428 506 1500 659
face 0.066623904 1075 1922 1197 2235
face 0.0666204 1430 644 1498 794
face 0.06655624 351 1727 467 2051
face 0.066555664 241 1510 412 1948
face 0.066429675 1036 2071 1149 2391
face 0.06642437 373 1697 511 1923
face 0.06630524 304 484 511 934
face 0.066102594 159 1279 329 1511
face 0.065983005 1426 777 1498 932
face 0.06596209 141 1482 271 1756
face 0.065896906 -7 2399 72 2586
face 0.06585423 135 1428 231 1589
face 0.06579644 220 1108 354 1424
face 0.065553725 1092 1003 1230 1243
face 0.06554458 -14 1695 79 1946
face 0.06550052 96 1547 229 1818
face 0.065422505 418 12 620 492
