face 0.999962 157 127 503 634
face 0.24489823 379 437 748 964
face 0.12371469 224 369 328 543
face 0.10718928 99 56 626 901
face 0.107158974 118 732 206 936
face 0.09515805 190 793 285 955
face 0.09320264 6 194 35 244
face 0.0860555 697 749 747 871
face 0.08377562 170 131 287 309
face 0.08330533 -8 -18 27 65
face 0.08259524 5 652 54 778
face 0.081783086 232 46 424 220
face 0.08158957 -8 711 31 836
face 0.08112741 6 169 35 219
face 0.08092227 2 583 54 726
face 0.08065802 4 218 35 269
face 0.07996436 -7 698 38 765
face 0.0785152 676 680 761 839
face 0.076938726 -9 187 18 266
face 0.07598165 76 782 176 951
face 0.07531192 21 700 113 868
face 0.07451601 694 702 748 808
face 0.0744086 623 681 709 866
face 0.07406912 78 176 130 365
face 0.073681265 296 121 412 292
face 0.072913654 78 532 134 662
face 0.07240394 540 654 629 861
face 0.07212179 59 548 154 704
face 0.07194163 16 720 77 839
face 0.071861856 4 143 35 193
face 0.0717699 55 718 146 913
face 0.071676 -9 629 27 732
face 0.07132329 -27 602 80 792
face 0.07126813 -75 875 128 1012
face 0.07123441 70 646 148 717
face 0.0710124 698 671 749 739
face 0.070941076 503 474 555 634
face 0.07085881 -9 135 19 216
face 0.07075487 -101 -75 195 192
face 0.070717365 114 647 173 774
face 0.070564695 101 475 150 620
face 0.07015393 117 651 205 824
face 0.07015356 42 398 90 568
face 0.0699576 -10 553 29 686
face 0.06990162 24 590 71 720
face 0.069782324 120 459 205 647
face 0.06977091 -55 299 89 466
face 0.06975797 -4 166 23 227
face 0.069641314 -8 55 23 144
face 0.06939905 1 701 54 844
face 0.06932508 151 763 248 952
face 0.06925359 95 670 155 796
face 0.069177836 -1 242 32 296
face 0.068969436 94 579 160 683
face 0.068963274 37 792 139 958
face 0.068683445 35 680 101 784
face 0.06854225 -3 893 37 968
face 0.068437345 -2 677 41 737
face 0.06825778 -5 215 23 279
face 0.068242006 -17 677 70 944
face 0.06822112 -10 229 21 323
face 0.068190515 64 212 112 375
face 0.068172276 3 118 34 168
face 0.06814501 134 689 227 872
face 0.06798236 635 797 730 958
face 0.06792383 23 365 70 535
face 0.06786117 97 732 153 893
face 0.067845985 66 685 143 771
face 0.06776964 674 672 723 806
face 0.067679584 404 759 451 859
face 0.0676537 374 -17 458 52
face 0.06757192 288 645 415 802
face 0.06756697 58 621 154 753
face 0.06749153 -15 341 65 626
face 0.06741514 101 688 186 869
face 0.0673873 322 405 448 591
face 0.06733056 -48 452 88 624
face 0.06729872 696 -16 749 46
face 0.06725641 256 682 338 769
face 0.06725367 -58 196 85 369
face 0.06719217 272 820 392 950
face 0.06716235 45 649 108 713
face 0.067134336 100 341 145 487
face 0.06708828 58 338 114 515
face 0.067045696 2 91 34 143
face 0.06702542 705 647 751 712
