face 0.9997738 333 520 1018 1455
face 0.14110392 807 1752 922 1960
face 0.1290965 42 256 1580 1886
face 0.1136947 1336 198 1408 460
face 0.10607595 805 1748 892 1880
face 0.103214845 934 1738 1005 1948
face 0.08948816 930 1813 1016 2044
face 0.08799458 267 1056 377 1302
face 0.087719336 190 1211 299 1477
face 0.08752466 221 1071 331 1309
face 0.085786335 295 635 385 824
face 0.08509897 969 1784 1036 2006
face 0.08243335 795 1717 874 1824
face 0.082051694 879 1714 953 1897
face 0.081636466 185 1001 362 1371
face 0.08091416 634 1421 829 1761
face 0.080327064 270 607 369 733
face 0.08002601 836 1728 910 1848
face 0.07928723 927 -35 1103 108
face 0.07905693 145 1248 255 1459
face 0.07874658 308 1088 420 1379
face 0.07813009 1028 -32 1179 96
face 0.0781028 242 513 343 692
face 0.07807714 274 650 376 929
face 0.07790464 750 1564 841 1729
face 0.0771663 809 1660 973 2009
face 0.07642516 820 1122 948 1453
face 0.07631667 312 621 419 931
face 0.07626634 707 1473 822 1679
face 0.07573584 896 221 1253 585
face 0.07539534 252 1180 379 1420
face 0.07531198 100 1102 202 1354
face 0.07527483 696 1431 762 1574
face 0.07513972 117 989 294 1364
face 0.0748757 147 1052 245 1330
face 0.07436817 835 1602 925 1755
face 0.073990755 -16 876 62 1155
face 0.07371617 975 1695 1037 1869
face 0.0736588 696 1458 904 1798
face 0.07345913 677 1464 776 1709
face 0.07343298 982 1828 1040 1931
face 0.07288455 258 738 372 1038
face 0.07280844 921 1700 1078 2072
face 0.07259333 1081 -191 1544 590
face 0.072581194 241 599 322 775
face 0.07241574 845 1787 950 1952
face 0.07240612 310 994 431 1251
face 0.07221679 940 1632 1009 1805
face 0.0719751 788 1611 879 1758
face 0.07186652 504 1568 671 1734
face 0.071815155 1591 324 1659 495
face 0.07181256 575 68 840 363
face 0.07161748 947 1930 1071 2136
face 0.07154646 3 1049 201 1383
face 0.07152278 40 1176 181 1393
face 0.07145817 291 507 380 731
face 0.071350135 988 1772 1042 1870
face 0.07131912 1612 267 1680 371
face 0.071317635 -13 790 56 1017
face 0.07119701 200 717 291 976
face 0.07110809 590 2088 773 2255
face 0.07102755 714 1406 806 1596
face 0.07100708 773 1658 847 1809
face 0.07095202 205 539 308 664
face 0.07088402 1592 419 1684 558
face 0.0707934 382 342 535 537
face 0.07069672 -23 1105 65 1351
face 0.07066045 163 1207 261 1371
face 0.070640914 96 1245 201 1464
face 0.07062592 1210 375 1640 666
face 0.070547074 146 546 254 665
face 0.070539646 1014 1820 1103 2076
face 0.07050845 281 665 366 783
face 0.07046378 1607 327 1680 437
face 0.07043291 354 507 599 888
face 0.07036653 220 1147 329 1425
face 0.07035881 218 1287 347 1535
face 0.07033201 255 672 334 820
face 0.07024391 936 1700 999 1842
face 0.07015922 738 1771 951 2100
face 0.07009368 12 765 108 1060
face 0.07001566 1375 209 1618 558
face 0.069948494 191 1105 304 1268
face 0.069940604 1571 -31 1682 99
face 0.06988154 235 798 338 1102
face 0.06987544 768 1741 843 1864
face 0.06987096 865 1108 981 1385
face 0.06979847 775 1346 914 1572
face 0.06973009 742 1359 860 1602
face 0.06972629 864 1934 989 2134
face 0.069587156 1594 480 1685 619
face 0.069398314 292 1241 433 1494
face 0.06939373 812 339 1152 705
face 0.06935506 1590 538 1683 676
face 0.06931743 1281 304 1379 542
face 0.06928262 869 1274 983 1537
face 0.06922011 649 1424 723 1541
face 0.06917138 674 2084 846 2247
face 0.069101915 935 1770 993 1873
face 0.06893398 312 584 437 750
face 0.068890505 410 295 608 466
face 0.06889042 483 1692 599 1843
