face 0.98909646 90 80 344 393
face 0.12871295 235 204 542 557
face 0.120339766 70 42 446 616
face 0.11844159 28 28 155 147
face 0.111975595 305 10 496 195
face 0.1018448 209 3 278 54
face 0.10091011 83 40 210 154
face 0.09876933 267 67 316 127
face 0.093772694 424 596 462 645
face 0.09370897 349 533 406 641
face 0.092338875 431 577 456 622
face 0.091064505 370 563 406 631
face 0.09046362 358 386 427 501
face 0.089918375 148 40 252 153
face 0.089772895 481 619 513 684
face 0.08938868 191 34 319 138
face 0.08828284 418 540 447 587
face 0.087990336 450 566 471 598
face 0.08724798 439 587 465 634
face 0.085894786 423 372 485 469
face 0.08539755 439 8 487 46
face 0.08532472 442 551 465 582
face 0.08499622 421 565 448 623
face 0.08472415 381 551 417 617
face 0.08449811 464 598 525 702
face 0.08425315 411 430 446 508
face 0.08366198 378 172 470 256
face 0.08344569 419 572 482 652
face 0.08326142 430 548 456 595
face 0.083132535 398 535 430 590
face 0.08277488 427 26 462 59
face 0.082764894 435 20 480 60
face 0.08231034 454 625 490 670
face 0.08172041 404 518 458 612
face 0.081442274 367 184 440 245
face 0.08123394 418 252 486 368
face 0.08076178 483 -6 508 43
face 0.080685556 20 89 82 204
face 0.08044658 246 430 405 660
face 0.08015325 450 554 472 585
face 0.08001709 370 492 496 588
face 0.07998297 431 527 460 574
face 0.079559706 389 439 432 502
face 0.079334244 386 551 450 653
face 0.07857851 276 445 391 559
face 0.07852171 55 48 137 205
face 0.07830756 451 607 489 651
face 0.07829665 445 583 474 619
face 0.078229055 372 455 431 554
face 0.07817545 416 37 443 68
face 0.078051955 24 634 54 673
face 0.078013755 444 570 466 611
face 0.077890135 435 609 470 650
face 0.077774234 345 352 412 471
face 0.077752106 -2 -6 22 45
face 0.077731416 427 1 453 26
face 0.07766782 370 532 425 636
face 0.07763347 309 70 341 106
face 0.077580154 311 487 441 583
face 0.07757115 437 495 475 561
face 0.07751874 413 393 448 481
face 0.077304825 2 5 60 53
face 0.07689279 451 -2 490 33
face 0.076766126 402 560 431 611
face 0.07672015 384 496 422 557
face 0.07666815 458 576 487 626
face 0.076298684 289 69 328 116
face 0.07628141 431 37 457 66
face 0.076250084 419 627 452 669
face 0.076236695 418 597 448 635
face 0.0761518 416 525 449 568
face 0.07613704 480 588 511 651
face 0.076134756 362 529 394 611
face 0.07609953 416 11 490 95
face 0.07605287 426 17 455 44
face 0.07583665 322 63 509 272
face 0.07577386 289 13 334 72
face 0.075443424 284 38 322 80
face 0.075041294 18 488 132 600
face 0.07502453 439 34 470 69
face 0.074989446 424 398 462 473
face 0.07492994 412 0 438 27
face 0.074807726 384 466 422 535
face 0.07480749 168 64 278 186
face 0.07475237 408 579 436 626
face 0.07470936 276 -3 480 442
face 0.07470932 255 31 327 130
face 0.074450135 436 354 476 432
face 0.07440726 445 531 470 572
face 0.074403435 -46 596 86 687
face 0.07437669 120 79 201 197
face 0.07435425 426 433 461 515
face 0.07434403 467 614 497 677
face 0.074296944 390 586 423 638
face 0.0742258 12 634 42 672
face 0.07420654 173 108 309 207
