face 0.99998903 157 80 499 566
face 0.1809812 382 304 747 803
face 0.11957158 99 60 627 904
face 0.110770926 478 883 549 960
face 0.10741553 22 108 210 571
face 0.09308947 151 473 212 586
face 0.09003484 297 283 369 406
face 0.085821494 418 -12 485 46
face 0.08517538 700 846 745 963
face 0.08446735 136 503 197 603
face 0.08408238 429 0 501 78
face 0.08263732 482 872 538 925
face 0.08072725 -72 881 121 1014
face 0.0803704 165 491 232 615
face 0.07995435 621 366 811 503
face 0.0775906 120 546 172 651
face 0.07759005 128 443 189 550
face 0.076414555 464 298 513 450
face 0.07587544 478 5 568 190
face 0.074781515 686 722 762 892
face 0.07352942 184 516 248 631
face 0.07343655 365 118 487 277
face 0.073379464 157 415 209 535
face 0.07315726 466 882 556 1028
face 0.07246679 697 -14 746 44
face 0.072453134 703 792 744 917
face 0.07108992 572 -4 599 54
face 0.07103372 482 212 532 377
face 0.070752 402 471 461 580
face 0.07074611 550 -3 580 45
face 0.070268616 474 926 525 990
face 0.070162795 474 879 521 939
face 0.06981161 346 -89 538 152
face 0.069683746 167 575 234 676
face 0.06918235 493 33 555 154
face 0.06907722 485 178 572 372
face 0.06897835 237 103 352 254
face 0.06893628 700 759 740 863
face 0.06870813 172 106 245 227
face 0.06861451 700 728 735 810
face 0.068329655 463 36 519 153
face 0.06831827 589 -3 620 59
face 0.06825273 522 884 555 941
face 0.06821321 136 371 190 474
face 0.06807698 8 -4 242 363
face 0.06800654 458 931 506 991
face 0.06798639 567 562 602 649
face 0.06790712 710 824 749 888
face 0.06790215 450 24 525 102
face 0.06789944 439 17 534 172
face 0.06753431 709 850 750 916
face 0.06743811 351 309 464 474
face 0.06739843 445 334 498 452
face 0.067377016 686 824 762 976
face 0.06733359 259 329 338 407
face 0.06725501 134 573 195 669
face 0.067205176 256 356 338 439
face 0.066962436 101 557 152 651
face 0.06688471 -6 905 40 966
face 0.06683561 0 931 47 995
face 0.066830635 204 198 331 334
face 0.06663485 438 39 496 150
face 0.06650292 527 865 558 918
face 0.066482656 623 53 807 196
face 0.06643787 529 -2 563 62
face 0.06641464 104 548 155 603
face 0.06636568 709 800 748 863
face 0.06634695 214 139 330 288
face 0.0662789 144 557 217 640
face 0.06624135 0 -3 104 165
face 0.066236846 383 -9 501 97
face 0.066144556 710 730 745 783
face 0.0661371 -61 -89 169 231
face 0.06610804 636 633 686 738
face 0.066081256 548 572 585 638
face 0.06600705 401 447 500 606
face 0.06592143 709 777 746 836
face 0.06591071 123 520 171 590
face 0.06584461 -65 576 120 705
face 0.0657831 270 -40 457 98
face 0.06572317 -1 467 108 620
face 0.06566505 707 676 747 735
face 0.0655435 606 -2 707 173
face 0.06554125 12 511 88 588
face 0.065397285 418 509 479 603
face 0.06516257 623 264 811 400
face 0.06510784 710 754 745 809
face 0.06501606 236 382 324 463
face 0.0649164 709 704 745 759
