face 0.95481855 390 259 500 463
face 0.13908419 502 739 577 853
face 0.13244906 22 161 946 1124
face 0.12686417 423 503 486 585
face 0.12404388 387 460 504 626
face 0.12068829 851 151 917 236
face 0.11038117 433 531 504 646
face 0.10913263 840 165 894 230
face 0.1065704 185 832 255 971
face 0.106452644 84 130 114 182
face 0.10397581 390 506 466 599
face 0.1036588 428 118 507 191
face 0.1018049 410 453 493 549
face 0.101574056 303 529 419 715
face 0.101201266 380 642 450 757
face 0.10035185 490 704 546 776
face 0.10002871 325 571 401 678
face 0.098901615 459 505 513 594
face 0.0987182 420 682 474 780
face 0.097754076 240 722 304 829
face 0.09754891 328 530 398 632
face 0.097432144 411 499 522 671
face 0.09719126 213 721 276 824
face 0.096231855 475 667 531 777
face 0.09613007 554 30 621 91
face 0.09600607 -3 -8 36 53
face 0.09577859 257 682 325 818
face 0.09565097 81 106 130 172
face 0.09550776 460 119 538 188
face 0.095090896 182 632 300 856
face 0.09497386 328 216 463 407
face 0.094457634 387 530 456 647
face 0.09443858 179 627 244 768
face 0.09351923 456 695 503 783
face 0.093465894 432 30 458 73
face 0.09316495 239 774 303 880
face 0.09312145 444 662 499 758
face 0.093056954 405 36 432 80
face 0.093040526 534 9 568 64
face 0.09296166 312 2 357 54
face 0.092475265 448 500 501 565
face 0.0920211 72 134 101 187
face 0.092020504 89 131 135 224
face 0.0917221 355 136 390 182
face 0.09134904 310 680 380 800
face 0.09131252 456 21 484 68
face 0.09128939 461 97 540 160
face 0.09111628 283 0 330 53
face 0.091111295 421 608 523 795
face 0.0911109 254 674 372 878
face 0.09098809 357 576 474 761
face 0.090987176 280 635 404 838
face 0.09093187 514 -2 549 45
face 0.09084652 439 606 502 708
face 0.09077433 523 817 574 906
face 0.09074006 276 36 307 84
face 0.09050055 466 604 527 719
face 0.09040608 469 624 584 814
face 0.09012537 557 15 595 74
face 0.0900929 508 9 542 63
face 0.09001532 414 -2 452 45
face 0.08994145 483 15 513 65
face 0.08988362 544 94 602 156
face 0.08987985 386 642 490 822
face 0.08978212 97 172 141 259
face 0.08972815 285 681 347 795
face 0.089586675 414 619 474 716
face 0.089460194 550 57 625 121
face 0.08945763 0 42 32 113
face 0.089424476 200 795 268 945
face 0.089422494 790 110 919 279
face 0.08934354 358 672 428 788
face 0.08925926 333 1 380 52
face 0.089126915 281 729 344 832
face 0.089013055 248 36 281 86
face 0.08877645 828 185 899 259
face 0.0885614 534 866 576 944
face 0.08849239 496 -6 539 43
face 0.08844576 486 -1 520 45
face 0.08841588 456 552 521 644
face 0.08817568 457 0 489 44
face 0.088149644 -50 -82 71 113
face 0.08814386 464 207 549 301
face 0.08806883 77 99 111 152
face 0.08800875 168 854 225 977
face 0.0879764 16 5 55 74
face 0.087878466 845 118 916 204
face 0.087868474 167 677 228 788
face 0.08783281 466 -5 504 42
face 0.08782169 895 143 944 226
face 0.087650135 361 533 429 633
face 0.0875619 319 40 359 82
face 0.08752321 438 -4 476 42
face 0.08752134 432 728 484 802
face 0.08751662 182 549 305 768
face 0.08748705 276 12 313 62
face 0.08740648 801 196 845 251
face 0.08739082 509 127 567 185
face 0.08736777 406 7 437 51
face 0.08725051 305 33 336 80
face 0.08724129 542 -3 588 46
face 0.08719057 128 176 180 272
face 0.08715604 386 707 443 819
face 0.087144054 197 860 275 1002
face 0.08699369 356 624 429 725
face 0.086970486 14 1193 67 1281
face 0.08691922 256 650 347 744
face 0.08690208 366 142 402 189
face 0.08688683 491 669 558 750
face 0.08685926 305 13 342 62
face 0.08682583 355 0 400 49
face 0.08678815 536 29 593 84
face 0.08678077 490 556 540 647
face 0.08674598 152 753 257 975
face 0.0865706 800 178 851 231
face 0.08650192 216 652 282 756
face 0.08643096 162 718 222 818
face 0.08642651 936 148 984 234
face 0.08641532 168 690 277 914
face 0.0863462 473 726 520 794
face 0.086240254 57 144 87 205
face 0.08623579 493 618 549 730
face 0.08623031 499 155 561 218
face 0.08620547 74 144 116 236
face 0.08619974 395 338 546 650
face 0.08619679 345 502 412 589
face 0.08618782 381 33 411 78
face 0.08607252 508 29 646 181
