face 0.9997154 466 1067 900 1668
face 0.13772623 634 1108 911 1549
face 0.13269751 374 1209 511 1530
face 0.12804683 785 1657 926 1833
face 0.1254436 397 1145 579 1595
face 0.12359156 767 1704 940 1904
face 0.120314896 672 1415 881 1755
face 0.11253636 219 1852 341 2148
face 0.11233536 202 -105 1338 696
face 0.09080742 -111 1395 247 1732
face 0.090075076 694 1506 831 1685
face 0.0879095 321 1376 432 1563
face 0.08745722 -5 1953 187 2353
face 0.08654454 413 1161 559 1398
face 0.0843245 381 1689 566 1912
face 0.08274294 184 1925 295 2210
face 0.08252165 -51 1512 299 1855
face 0.08251208 811 1586 909 1767
face 0.081429735 726 1693 793 1852
face 0.079495996 198 1860 386 2294
face 0.07885303 838 1363 918 1592
face 0.07868613 773 919 883 1113
face 0.0786383 717 1741 832 1884
face 0.0781853 711 1791 892 1972
face 0.07770401 340 984 464 1262
face 0.07652805 672 1083 893 1331
face 0.076381035 816 1503 911 1701
face 0.07592966 146 1788 324 2200
face 0.075741544 243 809 453 1187
face 0.075473815 287 1223 461 1626
face 0.07485444 19 1169 90 1432
face 0.0740358 381 1054 496 1362
face 0.0737862 736 1609 824 1738
face 0.07356221 817 812 985 1031
face 0.073512666 1393 2266 1493 2450
face 0.07326202 738 1676 823 1803
face 0.07315462 356 1322 459 1586
face 0.072863296 329 1238 436 1475
face 0.07277868 832 902 976 1084
face 0.07257971 951 1593 1090 1779
face 0.07247467 329 1436 418 1633
face 0.07217937 -9 2377 73 2574
face 0.071947314 800 1764 991 1978
face 0.07194682 852 1591 933 1761
face 0.07181388 706 905 904 1262
face 0.07178735 134 1873 262 2172
face 0.07175504 422 1630 602 1867
face 0.071746446 53 1924 194 2226
face 0.07165039 21 1249 309 1673
face 0.071593575 291 927 435 1222
face 0.071542956 356 1491 461 1713
face 0.07148588 857 1427 931 1664
face 0.07144605 559 1038 798 1439
face 0.07112101 -9 1181 46 1406
face 0.07106287 459 1127 589 1459
face 0.07105803 892 1368 970 1636
face 0.0707283 375 761 511 956
face 0.070645295 765 842 893 1021
face 0.07049211 1403 2206 1494 2381
face 0.07020574 329 870 468 1141
face 0.070180155 100 1982 227 2275
face 0.06981725 1386 1448 1488 1622
face 0.069806844 175 739 399 1142
face 0.06969583 427 1555 671 1960
face 0.069542296 559 1738 699 1913
face 0.069314666 313 1038 426 1343
face 0.0692926 797 951 909 1161
face 0.0691864 1013 1694 1226 2100
face 0.06915819 383 1417 481 1630
face 0.06911872 1409 850 1490 1002
face 0.069072075 265 1929 397 2245
face 0.06902159 -10 1271 41 1466
