face 0.9962919 157 141 575 645
face 0.9123438 19 107 694 845
face 0.11228545 562 -15 700 185
face 0.112006895 -5 -17 29 72
face 0.101458564 6 -3 52 176
face 0.093592934 676 550 725 696
face 0.09055495 9 -10 46 86
face 0.08523542 696 567 746 696
face 0.08423835 485 -2 646 166
face 0.08293057 66 -9 107 68
face 0.08244038 675 286 720 462
face 0.08231991 318 -39 496 103
face 0.08228794 615 587 681 663
face 0.07965874 7 253 51 431
face 0.07915508 665 -95 752 167
face 0.07911495 599 547 653 649
face 0.07830768 495 0 757 303
face 0.07819203 29 -10 64 77
face 0.078134276 -35 -63 49 107
face 0.078087196 71 1 137 88
face 0.07753339 -8 581 29 707
face 0.0767116 680 487 764 672
face 0.07649546 700 258 745 390
face 0.07596243 76 -11 138 46
face 0.0750648 577 549 634 649
face 0.074841835 634 538 697 660
face 0.07482998 679 729 764 903
face 0.0745911 687 921 753 1001
face 0.073754504 -7 4 33 135
face 0.07332563 54 -8 87 65
face 0.07323591 35 -9 75 44
face 0.07312632 695 823 746 944
face 0.0730683 -51 605 90 773
face 0.07301792 401 -94 608 277
face 0.07286559 25 256 68 432
face 0.07275377 42 287 91 458
face 0.072660506 -5 279 29 408
face 0.07238534 22 8 66 169
face 0.07218892 202 -16 282 50
face 0.07214444 505 624 628 801
face 0.07197551 699 797 748 868
face 0.07146515 583 485 664 645
face 0.07142188 700 206 746 343
face 0.07137535 387 218 501 365
face 0.071222045 334 -12 414 51
face 0.071222 510 201 764 513
face 0.071206 616 564 701 715
face 0.0711211 625 5 716 267
face 0.0710063 687 893 753 969
face 0.07089536 34 -34 217 411
face 0.07085086 0 -60 83 113
face 0.07052219 256 598 354 772
face 0.07041512 115 447 217 624
face 0.07038637 382 25 474 106
face 0.07036536 624 622 809 757
face 0.06983487 704 738 742 835
face 0.069794804 656 362 710 536
face 0.06967128 6 99 50 279
face 0.06966461 205 512 298 678
face 0.06965321 411 -14 490 51
face 0.06965282 10 186 49 354
face 0.06955211 654 489 713 653
face 0.0694304 -15 641 32 712
face 0.06912989 -71 571 111 706
face 0.068934344 137 205 249 392
face 0.06887214 2 567 50 716
face 0.06887076 628 -71 720 164
face 0.06879883 356 390 489 558
face 0.06863035 -6 895 42 968
face 0.068597056 190 403 251 533
face 0.06856723 701 517 746 652
face 0.068532065 172 413 267 582
face 0.0684601 -5 153 28 277
face 0.068441905 701 645 744 756
face 0.068403095 233 -38 416 99
face 0.06837551 625 54 806 195
face 0.06835203 513 923 593 1002
face 0.068104856 471 291 571 481
face 0.06800254 400 39 558 212
face 0.06796143 679 589 762 754
face 0.06792383 405 10 587 480
face 0.06790448 617 -35 809 93
face 0.067705445 623 675 808 810
face 0.06767349 -46 -5 85 161
face 0.0676638 34 3 109 176
face 0.067621455 707 726 747 786
face 0.06757697 440 398 562 573
face 0.067452475 672 833 728 958
face 0.06742874 450 198 518 302
face 0.06731478 534 -27 728 93
face 0.06731364 228 488 287 633
face 0.066991255 -10 429 30 563
face 0.06691818 106 928 156 992
face 0.066834666 -5 210 26 328
face 0.06680835 698 -14 749 46
face 0.06672298 348 178 471 339
face 0.066655815 107 -11 179 48
