face 0.9999862 472 752 1147 1657
face 0.1167913 33 263 1580 1870
face 0.11538258 481 325 576 466
face 0.11071786 1070 1 1133 104
face 0.106844775 1046 8 1149 184
face 0.094510384 1037 6 1098 102
face 0.08632432 506 328 568 417
face 0.085974544 523 297 614 484
face 0.083340116 1120 -30 1273 113
face 0.08323038 587 1664 840 2052
face 0.08282729 90 1440 195 1668
face 0.08213039 -20 1631 159 2009
face 0.082072094 488 336 544 442
face 0.08177334 1003 -3 1081 92
face 0.08140516 1001 -136 1196 217
face 0.08027852 484 326 530 400
face 0.08017284 529 314 594 409
face 0.079926856 1101 6 1293 183
face 0.07959272 1106 -18 1211 98
face 0.079513185 1252 711 1440 1140
face 0.0783633 1439 805 1539 1067
face 0.07814086 130 1392 213 1567
face 0.07805228 511 278 569 356
face 0.07797194 318 1760 411 1993
face 0.07783513 869 77 982 301
face 0.07760876 480 287 532 357
face 0.077586 435 316 479 422
face 0.07750454 840 21 1017 371
face 0.07749199 433 297 471 365
face 0.07744381 978 23 1078 153
face 0.07725233 1425 1913 1577 2170
face 0.07724747 135 1444 227 1699
face 0.07714228 949 -6 1041 99
face 0.07686947 8 1826 324 2151
face 0.07666113 469 363 600 565
face 0.07664122 433 329 491 479
face 0.07638936 1270 1749 1373 2096
face 0.076048665 1171 1697 1367 2072
face 0.07600132 1001 64 1130 292
face 0.07586013 405 311 445 416
face 0.075723626 1578 1727 1669 1939
face 0.07565766 486 248 545 320
face 0.07526012 367 1701 453 1970
face 0.07525721 493 308 548 380
face 0.07494016 1088 1558 1199 1761
face 0.0743731 1008 1226 1222 1592
face 0.07423765 573 288 655 406
face 0.07421706 935 24 1040 157
face 0.07420592 849 99 941 272
face 0.07415316 198 87 601 466
face 0.07415129 439 280 484 349
face 0.07411608 29 1290 398 1627
face 0.074012876 566 317 667 478
face 0.07400006 1133 1573 1235 1752
face 0.073779225 922 -16 1111 317
face 0.07372616 64 1389 169 1633
face 0.073725715 1582 1830 1673 2050
face 0.07365319 1014 3 1115 220
face 0.07351058 1550 2074 1690 2248
face 0.07332804 124 1188 260 1311
face 0.07331776 85 1392 248 1729
face 0.07327035 964 85 1082 304
face 0.07299967 1099 1694 1287 2091
face 0.072993435 -30 1918 84 2151
face 0.07287818 457 254 506 318
face 0.07277929 104 1329 194 1524
face 0.072722696 1382 1818 1631 2186
face 0.07265489 260 -61 712 229
face 0.07260447 -21 1773 79 2049
face 0.072439596 416 307 455 387
face 0.07239354 294 1914 429 2150
face 0.07233261 1001 1617 1124 1930
face 0.072282486 445 1726 555 2051
face 0.07224529 1174 1778 1279 2107
face 0.07212671 507 241 574 319
face 0.072040536 1113 1503 1265 1664
face 0.07203465 921 96 1036 308
face 0.07201043 0 1518 130 1855
face 0.0717513 514 295 797 712
face 0.07169557 408 270 451 344
face 0.071671836 1182 1597 1277 1763
face 0.0716289 418 232 482 334
face 0.071542755 534 265 602 353
face 0.07148573 1304 1814 1421 2147
face 0.071387835 189 1211 292 1322
face 0.07120781 0 1890 138 2165
face 0.07105223 448 314 489 392
face 0.07099122 1022 -36 1312 360
face 0.070973516 159 1292 256 1413
face 0.070935436 1289 781 1418 1062
face 0.07092431 885 203 982 488
face 0.0709227 925 1688 1115 2091
face 0.07081696 1453 836 1520 1010
face 0.07080607 315 1540 504 1912
face 0.070769906 744 1214 1053 1556
face 0.07061735 391 226 725 566
face 0.070573375 1308 1652 1408 1818
face 0.07055927 262 1751 375 1998
face 0.07050824 1484 808 1558 1006
face 0.07046818 511 375 647 595
face 0.07037391 1502 1909 1621 2183
face 0.07031637 903 562 1252 943
face 0.07028244 1037 1378 1156 1655
face 0.07027481 199 1392 276 1556
face 0.07014003 463 228 533 333
face 0.07012294 1570 1971 1682 2123
face 0.07010138 1041 118 1451 441
face 0.07007587 450 1600 551 1820
face 0.07005288 1263 1636 1368 1805
face 0.07001734 1517 1710 1620 1951
