face 0.99947315 805 1029 1453 1953
face 0.12832494 41 318 1912 2285
face 0.11693565 0 1332 150 1678
face 0.113441385 808 1228 1115 1680
face 0.10679668 905 234 1401 1102
face 0.098076835 311 1423 451 1680
face 0.0940876 981 533 1235 992
face 0.092164546 908 2118 1028 2532
face 0.09154016 763 38 1045 510
face 0.09044762 748 1797 988 2222
face 0.09031887 1681 0 1932 222
face 0.08900452 823 1231 1080 1466
face 0.08878641 365 1360 499 1740
face 0.08806586 846 1371 1066 1629
face 0.087664224 229 8 801 1145
face 0.086777866 256 1485 411 1741
face 0.085782185 979 941 1241 1307
face 0.08515548 251 636 432 957
face 0.084795676 1020 819 1208 1100
face 0.0845554 629 25 1336 1000
face 0.08432965 878 1466 1192 1839
face 0.08324501 3 956 168 1280
face 0.08223901 1558 1664 1719 1995
face 0.08199683 827 1106 992 1436
face 0.081673086 860 2083 973 2427
face 0.08127855 940 704 1223 1152
face 0.08113243 -99 613 762 1319
face 0.08059229 22 2384 234 2601
face 0.0804251 229 1239 472 2081
face 0.08040985 62 1789 302 2242
face 0.08027127 40 1291 201 1589
face 0.07993329 918 16 1199 526
face 0.079583146 201 1363 443 1746
face 0.07937654 1022 943 1200 1181
face 0.07864581 1037 483 1306 1186
face 0.07858768 1888 1072 1983 1298
face 0.0781451 493 588 983 1874
face 0.078037806 738 2244 873 2517
face 0.07802323 112 1277 255 1594
face 0.07801473 1172 931 1446 1293
face 0.07797859 15 1818 160 2221
face 0.077860266 468 448 603 724
face 0.07766714 48 1424 195 1767
face 0.077528 427 2132 671 2565
face 0.076573186 748 2117 866 2411
face 0.07652868 -32 124 457 527
face 0.076384276 1881 2426 2026 2610
face 0.07636888 882 32 1682 832
face 0.076143794 1895 2355 2031 2546
face 0.076082595 1914 1200 2006 1345
face 0.07606098 829 1828 985 2103
face 0.07583873 291 573 468 869
face 0.07580769 364 1284 498 1556
face 0.07580489 1120 371 1418 1054
face 0.07571324 854 288 1169 1020
face 0.07542452 1557 1820 1717 2110
face 0.0753686 1262 763 1372 1038
face 0.07534792 162 1809 388 2255
face 0.07522867 948 1346 1252 1733
face 0.0750903 95 1405 258 1675
face 0.07505345 633 2178 872 2592
face 0.07504426 844 1906 986 2276
face 0.07502617 1908 1947 2027 2115
face 0.07495886 -4 434 169 733
face 0.074909374 886 2043 1018 2349
face 0.07478107 779 438 1249 1306
face 0.07476953 416 491 571 790
