face 0.99901605 397 1154 916 1877
face 0.12547715 687 50 1279 853
face 0.118928514 916 1394 1128 1823
face 0.11789585 822 1683 1034 2050
face 0.10625745 300 1690 428 1926
face 0.101653054 9 1564 168 1768
face 0.09738192 814 1958 1040 2402
face 0.09408132 280 1234 395 1434
face 0.09028432 800 1761 939 2020
face 0.08928155 1407 -34 1491 112
face 0.08851696 747 367 1229 1369
face 0.08833859 -6 1328 214 1774
face 0.0877459 784 1786 1005 2162
face 0.08153364 318 1260 430 1541
face 0.07982769 673 68 1045 1255
face 0.07876533 784 2146 1040 2523
face 0.07826888 1003 2047 1108 2432
face 0.07742676 1212 982 1424 1403
face 0.07542621 1105 990 1319 1402
face 0.07511352 848 1425 945 1757
face 0.07494701 271 1744 380 2030
face 0.07352131 234 1206 341 1464
face 0.072748475 912 236 1103 628
face 0.072456695 1000 1893 1179 2460
face 0.07231714 867 1438 1337 2304
face 0.07205157 420 1571 535 1917
face 0.07175132 1009 2148 1193 2554
face 0.071572915 1337 2402 1441 2592
face 0.071219094 864 1640 1027 1858
face 0.07117309 999 1821 1106 2197
face 0.07117245 322 1488 469 1709
face 0.070935644 1397 24 1486 193
face 0.070865825 1208 1786 1424 2208
face 0.07085047 897 1866 1034 2146
face 0.07069866 9 1426 183 1677
face 0.070684895 341 1715 461 2027
face 0.07060842 921 1152 1035 1402
face 0.07060423 267 1664 405 1840
face 0.07041005 877 1072 991 1320
face 0.07008008 195 1755 304 2051
face 0.070042916 347 1353 458 1671
face 0.06984835 805 1716 958 1914
face 0.0697038 235 1731 363 1897
face 0.06961265 -16 -39 50 162
face 0.069582485 184 1131 367 1552
face 0.06956032 503 1020 609 1293
face 0.06942142 1395 2327 1480 2570
face 0.0692963 366 -108 1054 501
face 0.06923334 1188 847 1379 1302
face 0.06919159 1128 2482 1232 2647
face 0.069171056 384 1450 586 1891
face 0.06910136 466 4 1009 866
face 0.06893478 464 1005 573 1270
face 0.068818495 878 1240 986 1429
face 0.06848159 331 638 556 1049
face 0.068393335 1039 1875 1146 2301
