face 0.9999646 486 1069 1063 1903
face 0.12707062 646 2157 919 2537
face 0.12649907 68 -35 205 127
face 0.11795332 22 -28 131 116
face 0.11198057 -8 -24 81 110
face 0.110144325 1406 -15 1472 159
face 0.107753485 330 1932 559 2360
face 0.10754399 915 1951 1033 2203
face 0.085326776 -24 1919 297 2362
face 0.08426778 400 1818 537 2052
face 0.08182561 314 564 683 975
face 0.08156434 1306 -19 1418 119
face 0.08005417 386 -28 499 121
face 0.0798246 360 1750 572 2108
face 0.078792505 1111 1371 1309 1863
face 0.07814156 -3 -133 199 211
face 0.07780964 418 1295 489 1648
face 0.07753803 0 2398 79 2578
face 0.07748464 505 1765 701 1994
face 0.07744813 652 1031 919 1384
face 0.07585923 962 -21 1085 124
face 0.07506632 80 9 257 196
face 0.073934026 430 1778 529 1970
face 0.07388128 1117 1260 1229 1560
face 0.073444076 432 1408 517 1758
face 0.072035685 369 1169 450 1493
face 0.07196969 473 1566 551 1812
face 0.07169723 427 1408 622 1897
face 0.0712907 8 20 124 203
face 0.07111048 1227 11 1408 205
face 0.07101397 1202 2321 1362 2523
face 0.070951775 1037 1504 1245 1953
face 0.070759185 895 1886 1003 2130
face 0.07013287 411 1168 486 1514
face 0.06969009 312 1975 435 2201
face 0.06947722 183 1380 393 1810
face 0.06944507 391 1309 467 1482
face 0.069219336 1416 434 1495 590
face 0.06920961 1359 -4 1431 161
face 0.069135755 468 1406 568 1779
face 0.06874312 296 1644 431 1832
face 0.06844568 1406 221 1480 451
face 0.0682929 -10 39 61 228
face 0.06827072 433 2013 680 2429
face 0.06823152 470 1291 689 1793
face 0.06821194 1042 1191 1206 1640
face 0.06814326 247 1458 460 1858
face 0.06794553 313 1163 416 1517
face 0.06789844 1083 1237 1171 1594
face 0.06773524 472 1766 581 1978
face 0.067669325 -10 2307 65 2553
face 0.06761661 -9 1866 70 2161
face 0.06759668 1176 2232 1392 2566
face 0.06728968 372 1962 517 2224
face 0.06698276 925 10 1098 199
face 0.06697868 998 1659 1124 1966
face 0.066854276 143 -28 277 129
face 0.066850744 1186 2353 1292 2535
face 0.06679282 309 1864 402 2022
face 0.06675633 1213 1035 1421 1506
face 0.06669018 848 1985 968 2219
face 0.066659376 389 1381 467 1553
face 0.066542864 954 1001 1076 1255
face 0.066446654 368 1307 448 1620
face 0.06619043 880 982 996 1171
face 0.06615318 853 1902 965 2134
face 0.066105805 1092 1582 1316 2012
face 0.06590371 1086 -22 1201 117
face 0.065837026 1394 28 1476 238
face 0.065814175 993 1060 1104 1322
face 0.06580096 836 1156 1067 1567
face 0.06577656 1412 368 1493 527
face 0.06563919 388 1238 473 1428
face 0.0656356 501 1513 632 1814
face 0.06561011 1115 1187 1310 1652
face 0.06557522 467 1673 571 1837
face 0.06556266 263 1858 364 2030
face 0.0655621 308 1323 416 1604
face 0.06547074 1324 31 1429 210
face 0.06546776 1150 1352 1269 1738
face 0.06545752 317 -23 422 117
face 0.06527769 1423 511 1497 657
face 0.06527138 296 1446 427 1755
face 0.065268986 1040 1373 1146 1833
face 0.06522641 438 1584 506 1819
face 0.06520688 1425 581 1496 726
face 0.065153345 1420 1248 1502 1415
face 0.06515228 1268 1294 1377 1658
face 0.0650669 1228 -24 1368 133
face 0.06495055 905 1026 1036 1259
face 0.064892955 345 1826 477 2073
face 0.06485945 948 1971 1090 2174
face 0.06479988 88 1903 257 2122
