face 0.9998858 753 174 1271 950
face 0.17074578 1006 1399 1190 1762
face 0.12337699 35 271 1585 1893
face 0.122002184 988 1048 1244 1363
face 0.11871342 1083 1420 1261 1793
face 0.111797445 751 982 935 1402
face 0.106972 890 1027 1286 1842
face 0.10367893 957 1193 1233 1712
face 0.10091707 1467 1622 1589 1973
face 0.10000982 701 1102 930 1681
face 0.09706042 1337 804 1534 1187
face 0.0955275 894 1277 1137 1829
face 0.09477971 568 1356 770 1833
face 0.09320713 1081 1200 1375 1609
face 0.09260621 1003 1172 1198 1377
face 0.09222236 677 1025 859 1408
face 0.09191287 1111 1329 1320 1727
face 0.091238685 806 466 1075 883
face 0.09083255 896 1143 1307 1462
face 0.09072854 706 919 894 1307
face 0.09058892 860 1041 973 1391
face 0.08943271 1507 1462 1608 1812
face 0.08931292 850 1199 981 1485
face 0.08911303 1567 1645 1663 1881
face 0.08902009 802 1065 1006 1652
face 0.088017486 964 1469 1289 1870
face 0.0876787 760 1378 1093 1741
face 0.08745051 922 1564 1201 2110
face 0.086997174 778 896 971 1268
face 0.086866975 1211 1063 1414 1459
face 0.08651386 1422 798 1597 1205
face 0.08565766 1513 1658 1613 1951
face 0.08556128 1143 1460 1260 1702
face 0.085139714 966 1530 1141 1817
face 0.08504439 1153 1222 1313 1469
face 0.0849886 1251 588 1367 884
face 0.08480659 665 1339 938 1842
face 0.08461122 1164 763 1359 1135
face 0.084414735 810 948 939 1190
face 0.08368157 785 1581 986 1987
face 0.08352421 1055 1471 1219 1693
face 0.08307624 651 1089 792 1384
face 0.0830656 954 949 1356 1261
face 0.08206103 1104 834 1328 1244
face 0.08175977 1404 858 1546 1130
face 0.08173943 825 1037 1161 1383
face 0.08163192 854 1559 1085 1950
face 0.08124622 857 926 983 1217
face 0.080811225 762 893 903 1164
face 0.0805238 687 1169 823 1498
face 0.08045182 1168 10 1571 598
face 0.080146804 1574 1832 1666 2048
face 0.07987652 1121 1501 1233 1852
face 0.079853565 973 1190 1067 1455
face 0.07985048 1022 1021 1197 1259
face 0.079729624 1003 1293 1120 1526
face 0.07965772 1019 1396 1428 1710
face 0.079406664 615 1143 846 1787
face 0.0789691 817 1327 951 1597
face 0.07882828 611 1688 728 2026
