face 0.99517715 632 1057 1096 1688
face 0.12514438 1102 1932 1454 2358
face 0.12025434 163 1861 272 2127
face 0.11488531 824 1832 1040 2274
face 0.11388186 969 2043 1408 2443
face 0.11014286 995 1857 1213 2316
face 0.10280596 924 1831 1329 2186
face 0.100750305 129 1881 230 2144
face 0.087543376 91 1785 281 2178
face 0.08729457 152 1865 247 2030
face 0.085609056 1151 2004 1361 2432
face 0.08529677 1106 1907 1303 2138
face 0.085242026 172 1841 280 1983
face 0.0846498 822 1799 1344 2451
face 0.08421911 1107 1452 1309 1873
face 0.08416106 530 1646 663 1843
face 0.08404043 1057 1942 1271 2359
face 0.08367985 1102 1621 1396 2189
face 0.08345653 0 2398 84 2574
face 0.08314517 929 1683 1306 2045
face 0.08154571 1078 1270 1175 1668
face 0.07938684 75 1889 254 2355
face 0.07904616 160 1850 234 1964
face 0.07867553 558 1241 651 1643
face 0.07864997 410 1389 617 1797
face 0.07795165 507 1195 613 1580
face 0.07729486 1119 1237 1219 1603
face 0.07708349 1186 1460 1382 1891
face 0.07694726 1213 1881 1351 2045
face 0.07682199 59 1795 178 1992
face 0.07636745 1403 -35 1494 116
face 0.07608289 198 1840 340 2036
face 0.07470016 1150 1317 1344 1791
face 0.0743471 1209 1943 1346 2104
face 0.07400699 1417 1877 1495 2025
face 0.073754184 1066 1513 1204 1843
face 0.073318765 923 1521 1287 1875
face 0.07308887 1078 1106 1255 1595
face 0.07221377 155 1838 321 2274
face 0.07215903 379 1248 573 1719
face 0.07165829 455 1480 658 1882
face 0.07149838 1027 1713 1154 1924
face 0.07106605 124 1837 199 1964
face 0.07101237 1043 1405 1147 1786
face 0.07092912 39 1721 166 1914
face 0.07091224 1151 1969 1330 2198
face 0.07025036 1069 1226 1173 1433
face 0.07014532 1224 1251 1416 1722
face 0.0699733 1107 1592 1227 1893
face 0.06967991 370 1939 587 2392
