face 0.9998697 404 494 1064 1375
face 0.11874153 24 777 93 908
face 0.110561885 39 255 1574 1887
face 0.110203534 10 746 71 894
face 0.10412135 35 754 128 940
face 0.10209041 5 693 193 1063
face 0.08858525 4 709 60 840
face 0.0882746 -7 795 75 977
face 0.08672732 29 710 103 858
face 0.086479545 125 1664 330 2078
face 0.08609345 212 1478 375 1704
face 0.085565075 89 710 201 1007
face 0.084683135 18 681 81 777
face 0.08446717 13 836 116 1023
face 0.08404855 216 1561 346 1787
face 0.08359773 170 1641 307 1887
face 0.08341313 267 494 386 701
face 0.08341113 42 670 125 782
face 0.083166264 -14 1204 99 1405
face 0.08257323 321 1613 422 1898
face 0.08149117 235 492 324 728
face 0.08148818 234 761 342 1137
face 0.080646574 1429 1680 1552 1983
face 0.07987258 298 459 440 664
face 0.07972033 992 1339 1117 1597
face 0.07946964 51 843 161 1050
face 0.0793212 281 664 381 1004
face 0.07899938 -11 2004 83 2175
face 0.07848831 1002 1494 1128 1795
face 0.07723006 1555 2079 1689 2244
face 0.07662887 -20 854 69 1041
face 0.07639626 64 1739 489 2076
face 0.07637749 187 832 293 1168
face 0.076345526 50 1699 170 2023
face 0.07631228 259 1635 372 1863
face 0.076065 1013 1317 1184 1495
face 0.0757593 399 1625 606 1987
face 0.07557745 -11 1323 85 1511
face 0.0752521 348 642 471 908
face 0.07514008 187 553 281 858
face 0.07496908 274 811 396 1092
face 0.07488298 33 1412 166 1606
face 0.07474505 947 1509 1088 1775
face 0.07451394 283 683 479 1126
face 0.07433296 121 469 176 560
face 0.074249856 266 449 378 559
face 0.07406083 0 562 213 909
face 0.07403436 748 867 1050 1255
face 0.07365743 -17 1835 81 2124
face 0.07356624 57 436 265 807
face 0.07352469 180 408 253 491
face 0.07315813 1584 1613 1669 1824
face 0.07303042 135 411 205 491
face 0.0730103 1034 1479 1170 1719
face 0.072893955 310 1428 518 1777
face 0.07267942 99 411 168 489
face 0.07258798 762 1381 1012 1786
face 0.072583824 83 464 138 559
face 0.07241161 216 405 296 493
face 0.072333716 1474 1726 1601 2034
face 0.072288185 100 1549 315 1926
face 0.07220089 237 396 336 496
face 0.072113164 536 1554 807 1924
face 0.07210273 53 647 185 797
face 0.07197246 132 459 249 730
face 0.07193771 1570 1964 1685 2123
face 0.071933925 -4 632 50 766
face 0.0719069 1031 1384 1165 1567
face 0.07177934 131 1170 261 1418
face 0.07167565 122 436 185 519
face 0.07160039 133 1292 263 1519
face 0.07159332 88 344 174 440
face 0.07157464 167 469 221 560
face 0.071573645 349 1666 468 1947
face 0.071566485 168 434 232 518
face 0.07155948 83 1297 212 1515
face 0.07149583 27 618 88 713
face 0.07144798 87 436 149 517
face 0.07141885 28 1289 164 1516
face 0.07137695 311 1729 418 2038
face 0.07131798 853 176 1396 991
face 0.071304336 -1 1359 138 1553
face 0.07129442 139 716 243 1062
face 0.07128966 181 1153 300 1427
face 0.07124238 190 682 285 1000
face 0.07121878 1065 1525 1211 1773
face 0.07116648 -84 1823 234 2182
face 0.07103876 244 481 316 579
face 0.07089601 276 483 355 621
face 0.07087816 10 622 65 727
face 0.07087794 555 1950 696 2129
face 0.07087127 1580 1911 1683 2061
face 0.07070873 1589 1578 1684 1713
face 0.07065622 900 1570 1048 1822
face 0.070487514 210 431 279 519
face 0.07045433 174 493 284 727
face 0.07035707 -25 1403 86 1637
face 0.070257984 537 1712 726 1902
face 0.070033304 238 577 332 868
face 0.06992903 1112 1576 1267 1840
