face 0.9999138 191 143 513 554
face 0.12277906 657 975 671 1002
face 0.11731434 642 979 656 1006
face 0.10717903 657 994 670 1020
face 0.10680759 620 996 636 1028
face 0.10639501 637 997 651 1024
face 0.10488244 625 979 641 1008
face 0.10428123 660 960 676 989
face 0.10231088 649 964 665 992
face 0.10163317 633 985 652 1019
face 0.10121413 642 997 675 1045
face 0.09932007 642 985 663 1019
face 0.09893037 618 989 652 1041
face 0.09790538 668 968 684 1000
face 0.09568326 669 987 684 1018
face 0.09528705 100 78 616 993
face 0.094668835 635 964 651 993
face 0.09249885 662 991 681 1026
face 0.09211936 623 985 642 1022
face 0.091487356 601 977 621 1022
face 0.09111566 607 968 625 1007
face 0.09102914 675 954 694 989
face 0.09044777 583 922 678 1081
face 0.08908433 654 935 677 975
face 0.0879344 606 984 636 1039
face 0.08766068 680 989 698 1028
face 0.08734986 668 944 689 988
face 0.08712628 684 997 703 1042
face 0.0870132 668 994 687 1035
face 0.086901315 616 949 638 993
face 0.086496115 655 999 687 1046
face 0.08599685 688 975 705 1019
face 0.08501035 606 1000 652 1060
face 0.084487915 637 939 660 977
face 0.0838698 622 1009 677 1068
face 0.083442636 672 1002 699 1048
face 0.08341835 711 976 737 1031
face 0.08278663 687 961 705 1002
face 0.08203026 614 890 707 1064
face 0.08195653 616 931 642 978
face 0.08144769 658 920 686 964
face 0.08111906 590 920 619 987
face 0.08094539 686 924 710 988
face 0.080102235 643 922 671 964
face 0.07986086 704 998 739 1051
face 0.07953386 605 0 710 204
face 0.07938468 596 983 627 1053
face 0.079362795 656 1015 704 1071
face 0.078953005 715 942 745 994
face 0.0786639 706 912 736 992
face 0.07861893 570 936 599 1019
face 0.07856586 211 333 324 546
face 0.0778399 701 1008 731 1074
face 0.0777077 481 176 533 314
face 0.07754546 610 991 800 1138
face 0.07728322 584 948 611 994
face 0.07609222 711 908 747 967
face 0.07608242 623 920 652 965
face 0.07598844 583 972 610 1036
face 0.07531786 355 781 469 1076
face 0.074971125 673 909 765 1089
face 0.07493241 1 697 102 916
face 0.07486986 565 883 602 991
face 0.07428492 53 779 153 988
face 0.07391611 3 157 89 370
face 0.07377394 -28 252 297 541
face 0.07312913 501 284 552 476
face 0.07258726 545 934 634 1089
face 0.07233644 644 879 685 954
face 0.07224325 613 804 714 973
face 0.071888484 411 168 507 346
face 0.07181994 -1 1047 47 1118
face 0.07158794 393 723 507 916
face 0.071527414 643 915 728 1089
face 0.07151572 -34 607 291 902
face 0.07150633 575 410 668 491
face 0.07116181 564 828 654 1024
face 0.07111208 674 913 705 964
face 0.0710198 344 116 466 286
face 0.07054066 177 336 270 549
face 0.07043573 455 188 516 308
face 0.07034176 148 628 405 1039
face 0.07023852 60 743 308 1107
face 0.07003422 502 190 551 361
face 0.069974974 614 1042 678 1119
face 0.06993417 34 196 89 346
face 0.06982921 680 844 766 1023
face 0.06969524 0 617 56 806
face 0.0696831 698 -15 746 50
face 0.06948347 -10 817 35 987
face 0.06945044 691 1043 745 1117
face 0.06940295 605 196 713 399
face 0.06940232 600 914 631 966
face 0.069167495 304 777 423 1081
face 0.06915549 568 977 606 1066
face 0.06913869 -33 369 295 651
face 0.06912052 634 68 722 308
face 0.0690789 -4 1017 45 1083
face 0.06888892 631 35 778 236
face 0.06885326 461 184 544 371
face 0.068784386 460 599 545 797
face 0.068538055 154 167 210 328
face 0.06837272 80 283 169 500
face 0.06836132 568 523 677 695
face 0.06834326 602 866 647 960
face 0.06822521 432 162 498 285
face 0.06819909 -7 30 30 174
face 0.06817143 625 800 705 893
face 0.06803963 653 1040 714 1117
face 0.06786845 378 16 485 124
face 0.0678463 30 38 149 219
face 0.0676474 329 711 437 913
face 0.06763466 418 645 480 775
face 0.067535535 -28 138 294 431
face 0.0674108 190 767 304 1082
face 0.06733116 -9 632 32 785
face 0.06723361 619 858 672 942
