face 0.9998271 89 128 439 562
face 0.6397279 104 46 662 704
face 0.12840828 301 77 463 208
face 0.12289968 258 255 389 378
face 0.10514133 394 608 612 730
face 0.10149452 3 732 51 778
face 0.100137785 648 41 755 242
face 0.094947904 639 -83 849 123
face 0.09472667 -8 13 32 127
face 0.08460603 647 -16 841 219
face 0.083946005 25 231 72 348
face 0.080706514 42 539 139 687
face 0.07902732 -3 713 44 757
face 0.07755863 627 -7 768 138
face 0.077192724 5 193 50 317
face 0.07717577 275 259 370 329
face 0.07652784 46 730 110 781
face 0.07564382 -8 73 30 184
face 0.07454703 -8 -10 37 34
face 0.074270725 22 710 87 757
face 0.07423411 -7 184 25 279
face 0.074104756 3 652 186 756
face 0.07403729 648 263 753 489
face 0.07394754 680 17 802 180
face 0.07389316 2 0 57 152
face 0.073414 459 587 564 713
face 0.07317452 26 271 75 395
face 0.07241539 -8 140 27 242
face 0.07233024 -7 225 25 318
face 0.072316974 -51 -37 107 81
face 0.07207677 729 -10 781 34
face 0.07198923 648 488 847 595
face 0.07198075 417 569 524 706
face 0.0719737 140 695 206 764
face 0.07173938 562 -8 772 327
face 0.0716048 -12 670 27 751
face 0.071592756 43 486 141 625
face 0.071195066 -8 284 24 376
face 0.07115237 10 572 131 744
face 0.07088939 201 428 327 544
face 0.07080064 647 529 845 636
face 0.07037566 7 272 52 391
face 0.070261106 649 87 846 193
face 0.07007183 301 234 414 353
face 0.070037596 537 705 606 753
face 0.07000803 506 481 787 720
face 0.06961283 -39 -108 140 223
face 0.06939174 649 166 849 274
face 0.06920084 353 726 436 787
face 0.06909127 30 299 112 449
face 0.06899353 505 690 558 752
face 0.06895578 641 569 844 676
face 0.0687341 493 -64 717 197
face 0.068615004 633 374 758 550
face 0.06861369 648 327 848 435
face 0.06837195 -7 726 31 791
face 0.06834838 589 417 731 587
face 0.068188235 555 489 755 594
face 0.06818455 -32 648 55 766
face 0.068073735 373 327 659 556
face 0.068055175 635 207 760 394
face 0.06792994 697 -47 798 78
face 0.06784477 684 455 804 628
face 0.06784102 -9 347 23 438
face 0.06763692 648 246 849 354
face 0.067619495 567 726 636 782
face 0.06744633 444 527 644 638
face 0.06739304 647 408 848 515
face 0.06737096 591 335 730 508
face 0.06736422 568 425 673 648
face 0.067317754 61 479 120 593
face 0.067298375 2 674 63 753
face 0.06719322 377 409 673 644
face 0.06713417 325 229 403 314
face 0.06704358 671 111 826 246
face 0.06704284 446 486 646 595
face 0.06703836 527 389 635 611
face 0.06687322 387 178 477 310
face 0.06682603 545 727 607 780
face 0.06680766 395 98 505 247
face 0.06680655 696 248 783 500
face 0.06673654 9 -14 50 60
face 0.066591844 24 349 82 471
face 0.066576086 -94 -58 207 148
face 0.06652244 -11 546 24 642
face 0.066451654 477 593 668 739
face 0.066372804 670 189 828 328
face 0.06630413 529 323 802 557
face 0.066278964 39 689 111 742
face 0.06620333 -11 3 37 58
