face 0.9998857 461 7 1231 1030
face 0.12392663 992 1334 1128 1541
face 0.11378525 408 -2 576 171
face 0.10867663 1200 130 1512 659
face 0.09711736 1587 580 1677 778
face 0.09302058 1033 1344 1098 1439
face 0.09006119 1383 -3 1613 282
face 0.08981826 -16 567 67 847
face 0.08931352 944 1168 1006 1295
face 0.087338455 436 633 562 922
face 0.0870913 1103 1349 1159 1476
face 0.086905845 1529 77 1619 291
face 0.085306615 1107 1314 1162 1420
face 0.08499935 1192 572 1454 889
face 0.08383632 1055 1351 1130 1494
face 0.081531405 441 -38 618 117
face 0.08109237 1115 380 1399 864
face 0.0797038 359 753 466 1023
face 0.07858279 918 966 1131 1327
face 0.07846853 923 926 1022 1171
face 0.07827587 896 1149 968 1311
face 0.07766441 41 -27 182 106
face 0.077362455 1025 1258 1092 1359
face 0.07675332 412 645 538 794
face 0.07635447 46 1715 246 1889
face 0.076003596 -25 1847 68 2016
face 0.07581464 1519 524 1621 774
face 0.07579339 1150 1312 1215 1492
face 0.07551757 317 776 426 1001
face 0.075399235 1591 532 1687 667
face 0.07524951 1605 654 1693 784
face 0.075219974 -2 2036 79 2182
face 0.0751915 102 560 368 906
face 0.07510348 972 1216 1046 1340
face 0.07498197 433 -10 670 317
face 0.07484526 691 1212 818 1400
face 0.07483252 1066 1344 1122 1432
face 0.07476323 1316 351 1458 486
face 0.07468084 1582 113 1664 305
face 0.074650474 1423 44 1591 218
face 0.07463508 71 1790 321 2096
face 0.07462704 277 815 374 995
face 0.07460621 747 305 979 666
face 0.07458274 1024 1318 1091 1403
face 0.07428762 -19 1966 71 2138
face 0.07425196 925 1034 1015 1273
face 0.07423855 -43 367 352 686
face 0.07420369 980 1328 1059 1483
face 0.07413331 286 903 370 1063
face 0.07410962 8 313 113 591
face 0.074033305 180 827 299 994
face 0.07402602 899 1052 980 1279
face 0.07383934 -19 811 81 960
face 0.07355423 1267 271 1406 399
face 0.07333973 4 2097 108 2237
face 0.07332971 386 895 520 1187
face 0.073215224 966 1277 1023 1349
face 0.073164016 967 1307 1013 1397
face 0.07314111 981 1324 1040 1418
face 0.07283576 -41 230 357 559
face 0.072826736 1287 311 1428 442
face 0.07272119 6 551 109 877
face 0.072430015 1284 20 1526 352
face 0.07236467 -22 667 70 951
face 0.07229716 393 730 514 945
face 0.072257936 1188 1234 1278 1511
face 0.07205106 1027 1298 1202 1646
face 0.07200211 442 1753 714 2036
face 0.071939215 1454 180 1532 308
face 0.07163412 956 1349 1010 1451
face 0.07142351 1059 1309 1119 1394
face 0.071416035 1065 1258 1132 1366
face 0.07126626 108 388 214 607
face 0.07125839 909 995 997 1139
face 0.07119773 356 871 473 1144
face 0.071193345 232 794 426 1130
face 0.07115686 249 898 333 1037
face 0.07098095 682 35 975 352
face 0.07095797 1186 408 1293 585
face 0.07093445 1607 201 1686 314
face 0.070913516 358 210 469 547
face 0.07082935 132 788 333 1132
face 0.070793495 1314 5 1520 176
face 0.070650935 1351 152 1451 302
face 0.07063644 489 0 695 182
face 0.070585474 1567 -35 1683 105
face 0.07053571 555 28 799 238
face 0.07053099 946 1046 1070 1298
face 0.070503436 787 561 974 779
face 0.07042044 1329 -35 1499 112
face 0.07031906 606 885 903 1190
face 0.07028858 1015 1212 1100 1327
face 0.07026708 -11 506 67 725
face 0.07026632 674 1166 836 1334
face 0.07025441 1150 1252 1224 1429
face 0.070036426 229 822 331 1012
face 0.069930516 1591 279 1661 430
face 0.06978422 313 898 424 1140
face 0.06972017 1608 269 1688 378
face 0.06965405 1143 503 1249 694
face 0.06960516 512 1674 725 1830
face 0.06960426 1530 632 1621 811
face 0.06954517 1218 468 1625 784
face 0.06954106 640 1231 774 1376
face 0.06949435 203 -6 426 343
face 0.06948061 67 1786 233 1945
face 0.069446 1097 761 1198 1024
face 0.069445156 1102 1218 1182 1362
face 0.06935701 1559 2077 1688 2243
face 0.06928655 1099 1276 1166 1388
face 0.069226086 1223 726 1421 931
face 0.06920142 327 880 441 1028
