face 0.9999745 803 990 1531 1981
face 0.12882732 36 270 1601 1910
face 0.12143404 665 1214 787 1507
face 0.11624298 1364 1204 1592 1625
face 0.10620597 7 1887 56 1984
face 0.0990454 -25 1915 59 2157
face 0.09870239 -12 1845 42 2024
face 0.095361866 5 1926 67 2039
face 0.09315134 -1 1835 47 1927
face 0.09298769 956 1290 1235 1632
face 0.092429414 72 1896 110 1979
face 0.089731455 1175 1546 1370 1746
face 0.08691235 1470 1038 1602 1445
face 0.08549173 1382 1362 1593 1780
face 0.08461423 40 1854 85 1970
face 0.08408325 -16 2028 85 2168
face 0.08275159 -8 1976 77 2110
face 0.08097579 1314 1080 1541 1476
face 0.080561064 1511 972 1617 1309
face 0.08015452 81 1893 137 1983
face 0.07796707 50 1890 93 1991
face 0.07757698 28 1781 86 1927
face 0.07650133 671 1657 856 1989
face 0.07610559 1176 1248 1378 1640
face 0.07566226 192 1931 319 2064
face 0.07554466 81 1785 144 1930
face 0.075407885 1122 1182 1346 1369
face 0.075350806 -14 1766 40 1921
face 0.074968845 1173 1286 1301 1571
face 0.074944444 723 999 867 1262
face 0.07460389 707 1613 808 1875
face 0.07452733 63 1843 105 1926
face 0.07422714 61 1924 115 2030
face 0.074001335 142 1924 269 2066
face 0.073697485 1577 868 1665 1079
face 0.07342942 1558 2091 1676 2237
face 0.07325061 -18 2087 88 2228
face 0.07277836 754 1564 850 1845
face 0.07261301 326 -31 641 367
face 0.072514005 757 664 851 922
face 0.07248476 174 2094 314 2246
face 0.07238465 1574 1626 1676 1771
face 0.072039746 200 1984 329 2120
face 0.071949914 224 2087 374 2249
face 0.07142426 787 1495 906 1797
face 0.07110919 1022 2090 1157 2243
face 0.07110675 197 1638 448 1964
face 0.0710161 704 1742 821 2027
face 0.07078301 78 1926 152 2041
face 0.07058096 31 1952 116 2126
face 0.07042491 1570 -32 1682 99
face 0.07041367 1424 1508 1568 1760
face 0.07002402 -19 1673 50 1874
face 0.06989359 658 1688 772 1928
face 0.06985015 1417 1103 1566 1406
face 0.069818676 801 975 1028 1335
face 0.06977311 100 1924 207 2059
face 0.069678426 605 -25 727 108
face 0.06966762 595 1115 783 1484
face 0.069338225 42 1907 99 2041
face 0.06879827 1415 729 1563 938
face 0.0687547 750 1503 870 1668
face 0.06874268 993 1126 1232 1330
face 0.06867515 69 1976 161 2133
face 0.06849674 100 1732 196 1941
face 0.06829998 1526 1461 1626 1733
face 0.06829397 1371 702 1533 859
face 0.06826406 713 1732 834 1890
face 0.06822564 689 1098 821 1403
face 0.0682024 665 -18 749 162
face 0.068117805 1524 853 1622 1114
face 0.068065785 13 1648 103 1891
face 0.06797739 873 -212 1388 499
face 0.067892015 723 622 796 839
face 0.06786259 779 1628 915 1883
face 0.067812845 1579 1578 1680 1719
face 0.067791946 395 -51 814 939
face 0.06774873 775 1748 910 2073
face 0.067552865 104 1992 210 2142
face 0.0674487 85 1628 311 1986
face 0.067440026 430 114 854 446
face 0.06731828 763 -8 838 159
face 0.06724512 97 1874 196 1998
face 0.06720211 753 1701 873 1940
face 0.06715811 -17 -25 70 83
face 0.06710926 1198 1322 1357 1522
face 0.06707563 183 2034 320 2159
face 0.06703418 592 1617 753 1786
face 0.06685333 1146 1465 1398 1817
face 0.06684703 147 1991 273 2120
face 0.066795945 329 1572 589 1902
face 0.066728465 767 674 844 783
face 0.066684686 722 -8 790 149
face 0.06667323 147 1800 245 1992
face 0.066669084 579 -66 1012 865
face 0.06653281 1579 1949 1670 2160
