face 0.999605 752 685 1146 1176
face 0.1271752 37 271 1600 1878
face 0.12075813 968 1582 1083 1828
face 0.118164696 224 1650 292 1771
face 0.11684745 239 1578 295 1697
face 0.1101528 31 1623 219 1780
face 0.101391725 23 1682 188 1827
face 0.100163445 288 1550 355 1700
face 0.09901369 221 1609 286 1717
face 0.098439395 191 1572 259 1667
face 0.09777135 119 1625 255 1774
face 0.094502464 1314 1792 1524 2103
face 0.093804024 286 1624 346 1746
face 0.09318179 24 1714 123 1842
face 0.09100718 180 1637 276 1767
face 0.09071728 505 1654 738 1969
face 0.09068837 239 1692 307 1796
face 0.088891484 148 1564 231 1666
face 0.088824466 200 1518 264 1607
face 0.08837181 275 1671 331 1766
face 0.0882571 247 1733 321 1846
face 0.08799324 931 1215 1007 1345
face 0.08708015 742 1784 958 1967
face 0.08693583 424 1068 623 1402
face 0.08692225 -5 1651 219 1913
face 0.0867586 -10 1492 223 1759
face 0.086551026 245 1498 307 1626
face 0.08634504 919 1663 1049 1844
face 0.08629357 92 1559 206 1677
face 0.0861874 1595 1328 1655 1460
face 0.08606466 75 1716 197 1857
face 0.08584121 886 1539 1073 1855
face 0.0855946 170 1440 355 1765
face 0.08545442 592 1726 719 1897
face 0.08530473 948 1476 1128 1874
face 0.085149 152 1537 221 1620
face 0.08510348 193 1722 286 1857
face 0.08475375 898 1274 979 1420
face 0.08451268 1114 969 1249 1271
face 0.08436514 1591 1429 1656 1573
face 0.0843236 1399 1868 1577 2090
face 0.0836929 -6 1734 63 1885
face 0.083469935 130 1723 242 1868
face 0.08313229 1392 2006 1521 2158
face 0.08312396 599 348 975 697
face 0.08298136 281 1712 335 1799
face 0.08279651 1264 1361 1336 1472
face 0.08236874 141 1593 251 1703
face 0.08232932 636 1767 762 1956
face 0.08230525 986 1662 1108 1920
face 0.08167391 282 1524 374 1648
face 0.08155475 698 1778 830 1962
face 0.08135382 922 1254 1012 1452
face 0.0813226 761 1897 923 2057
face 0.08073887 41 1579 199 1723
face 0.0807246 873 1608 1005 1803
face 0.08070369 1611 1308 1680 1410
face 0.08060034 317 1508 409 1710
face 0.08048516 1391 1646 1496 1758
face 0.08029487 1216 1340 1312 1490
face 0.0799546 1448 1653 1552 1764
face 0.079890355 408 1642 505 1887
face 0.07955491 217 1487 291 1580
face 0.07955333 381 1676 463 1854
face 0.0795469 1320 1427 1400 1522
face 0.07948648 871 1170 972 1304
face 0.07943323 305 1016 427 1126
face 0.07930967 284 1433 366 1621
face 0.07924358 917 1180 1002 1293
face 0.079204015 1606 1420 1679 1527
face 0.07913229 696 1745 836 1879
face 0.078994796 699 1780 983 2096
face 0.07897651 801 1705 970 1838
face 0.07874533 1611 1194 1678 1294
face 0.07870297 1320 1382 1396 1482
face 0.07864982 440 1653 549 1911
face 0.07853521 325 1607 398 1755
face 0.078296475 666 842 769 1045
face 0.07827728 211 1538 407 1865
face 0.078077935 740 1055 882 1282
face 0.077873476 1609 1249 1677 1349
face 0.077833354 1595 1216 1654 1341
face 0.07781846 842 1120 1025 1466
face 0.077784665 775 1748 975 1902
face 0.07776494 1605 1131 1676 1237
face 0.07774944 1490 2082 1613 2233
face 0.07765574 899 1238 972 1350
face 0.07751607 1592 1269 1651 1394
face 0.077207804 287 1755 355 1857
face 0.07717472 1592 1148 1655 1281
face 0.07711539 1124 1312 1244 1496
face 0.077023834 994 453 1315 818
face 0.07696589 1155 1085 1316 1262
face 0.07680554 240 1425 313 1515
face 0.07666494 846 1307 1025 1699
face 0.076619156 1590 1372 1655 1513
face 0.07657935 881 1300 983 1557
face 0.07656475 47 1013 171 1138
face 0.07644668 1051 1603 1128 1796
face 0.07641264 1047 1215 1196 1369
face 0.07607109 1587 1539 1658 1689
face 0.07602142 1251 1503 1373 1779
face 0.075994365 1375 1801 1536 1962
face 0.075987205 911 474 1101 633
face 0.07585495 1300 1760 1417 2015
face 0.07583777 1120 1228 1255 1428
face 0.075817354 1427 1038 1504 1126
face 0.07570086 311 1408 426 1636
