face 0.99999535 264 227 556 659
face 0.11334575 14 113 699 835
face 0.11109993 337 431 440 594
face 0.10615145 77 726 136 855
face 0.10609911 273 408 397 584
face 0.085519254 -6 761 35 877
face 0.08525604 0 793 55 938
face 0.084642515 13 759 181 951
face 0.0830931 58 750 114 875
face 0.081700355 40 767 91 901
face 0.0813309 406 429 527 624
face 0.08085828 -27 733 56 900
face 0.080755495 521 608 616 800
face 0.080716945 208 646 270 720
face 0.080550574 69 718 147 798
face 0.07966971 18 758 73 883
face 0.07895564 159 758 242 937
face 0.078759655 184 669 261 740
face 0.07845719 676 731 720 902
face 0.07797931 695 893 748 965
face 0.077873304 211 624 278 688
face 0.077746466 230 610 288 713
face 0.0776269 79 735 162 911
face 0.077400625 177 689 263 890
face 0.077240914 679 596 721 774
face 0.07723788 298 222 412 391
face 0.077121906 123 766 206 950
face 0.077022366 682 789 761 963
face 0.07677649 568 649 716 955
face 0.07673137 209 685 268 836
face 0.07661101 602 511 719 700
face 0.07588499 56 715 117 821
face 0.07523067 699 665 744 791
face 0.07501379 178 653 246 714
face 0.07465685 80 705 142 764
face 0.074491166 657 600 708 771
face 0.07448654 -8 845 35 958
face 0.07436334 199 625 248 706
face 0.074205786 -10 914 34 1009
face 0.0741591 614 600 700 781
face 0.07402151 705 355 746 485
face 0.07395623 696 922 750 994
face 0.0738977 36 738 99 835
face 0.07350072 47 766 125 942
face 0.07324398 221 588 296 668
face 0.073118724 -10 693 32 819
face 0.07310945 501 665 588 846
face 0.073098406 193 681 251 790
face 0.07302752 117 700 188 767
face 0.07297057 1 732 63 847
face 0.07254657 698 752 743 879
face 0.072537504 685 643 764 812
face 0.07215256 195 591 296 734
face 0.07200132 704 476 745 578
face 0.07182796 704 424 745 527
face 0.0718151 19 721 113 866
face 0.07177052 0 921 61 994
face 0.071747504 214 446 266 592
face 0.07170566 622 520 712 595
face 0.07165868 701 585 741 691
face 0.07161112 197 582 252 674
face 0.071583614 228 653 292 752
face 0.071423724 679 551 762 722
face 0.07136154 -5 821 41 895
face 0.071296856 144 690 215 772
face 0.07124143 149 677 225 740
face 0.07118819 45 732 281 961
face 0.07112148 115 719 169 843
face 0.07108784 255 839 336 956
face 0.07107171 619 556 701 652
face 0.07099381 -28 823 53 968
face 0.07099367 640 643 715 821
face 0.070849374 656 698 705 875
face 0.0706924 681 702 762 879
face 0.07064586 229 691 286 864
