face 0.99998915 520 85 1122 981
face 0.15160488 1097 1319 1274 1519
face 0.12276417 494 777 607 906
face 0.112817444 488 813 593 986
face 0.100672424 475 822 534 916
face 0.09253673 -26 1898 71 2157
face 0.089156754 755 506 1057 869
face 0.08680275 507 703 606 872
face 0.085038416 468 851 522 941
face 0.084990084 521 129 679 401
face 0.083608605 430 843 491 957
face 0.08292723 1076 1853 1129 1935
face 0.082773134 482 853 546 964
face 0.08220421 489 367 736 794
face 0.079131015 456 816 505 889
face 0.07787133 1032 1844 1089 1934
face 0.076706804 513 778 652 995
face 0.076492265 1304 1755 1419 2088
face 0.07585675 794 1182 958 1404
face 0.07562351 951 1007 1092 1225
face 0.07548482 0 1574 128 1907
face 0.074820384 851 1756 978 1912
face 0.074659914 433 825 485 910
face 0.0740168 419 476 521 617
face 0.07389058 585 1867 668 1997
face 0.07387474 470 755 539 864
face 0.07375058 432 883 506 1013
face 0.073694296 626 1872 708 1996
face 0.07363894 1000 653 1127 988
face 0.07350713 794 1623 962 1766
face 0.07350351 417 551 516 725
face 0.07340897 379 876 459 1022
face 0.073408656 1268 1821 1367 2040
face 0.07336043 459 892 529 997
face 0.07330907 454 574 566 729
face 0.07326762 1118 1853 1174 1936
face 0.07316088 471 159 634 355
face 0.07294863 458 639 538 808
face 0.07294624 1049 569 1151 903
face 0.07276245 498 581 597 823
face 0.07269412 452 197 573 410
face 0.07266863 527 111 792 479
face 0.07253684 214 1704 344 1904
face 0.072048776 512 930 729 1275
face 0.07174211 410 812 462 891
face 0.07151423 0 1912 127 2158
face 0.07147177 401 1012 486 1129
face 0.07144777 400 694 593 1017
face 0.07134391 482 887 564 1001
face 0.07119918 1106 22 1257 171
face 0.07119456 368 938 459 1088
face 0.07110771 1070 1816 1134 1900
face 0.07109566 772 1677 1003 1975
face 0.07094078 637 219 862 436
face 0.07091048 548 1870 623 1998
face 0.07081396 404 838 469 940
face 0.07070534 1027 1813 1092 1900
face 0.07048443 524 655 670 892
face 0.0704656 430 948 510 1080
face 0.07034956 1168 1358 1331 1577
face 0.070293814 1027 -1 1177 183
face 0.07012252 180 1683 295 1916
face 0.07010172 852 1696 975 1840
face 0.070082285 1085 -20 1207 97
face 0.069931686 245 776 452 1106
face 0.06982861 433 781 487 864
face 0.06972686 547 1934 629 2079
face 0.06965173 1132 -17 1247 99
face 0.0693314 1003 1712 1104 1815
face 0.06932071 308 856 423 1050
face 0.06924631 1576 -30 1682 98
face 0.06912112 927 1783 1016 1928
face 0.06906638 1077 -7 1294 316
face 0.069018535 1600 313 1679 443
face 0.06872904 -23 1820 61 2042
face 0.0684975 267 1772 383 1957
face 0.06848676 548 1922 715 2092
face 0.06847392 484 899 606 1110
face 0.06845367 413 450 493 551
face 0.068383954 147 848 408 1175
face 0.06838261 860 992 1088 1335
face 0.06834921 570 1836 681 1942
face 0.06832282 979 1626 1136 1758
face 0.06828892 1571 514 1687 690
face 0.068198614 1046 -20 1158 113
face 0.06819003 616 1024 798 1211
face 0.06818364 1161 1850 1221 1937
face 0.06817782 1109 1788 1187 1875
face 0.068160795 801 1762 1027 2073
face 0.0680919 701 363 957 733
face 0.068038635 1197 1269 1321 1456
face 0.06802766 850 1807 993 1989
face 0.06799548 978 -17 1214 249
face 0.06797382 974 -28 1133 105
face 0.06796553 1044 694 1162 1041
face 0.06793744 977 1812 1048 1927
face 0.06786222 1064 1766 1133 1869
face 0.06776196 1040 1712 1147 1815
face 0.067613274 1096 1602 1343 1911
face 0.06754356 952 1075 1085 1349
face 0.06752142 1021 1759 1091 1868
face 0.067457765 875 159 1124 561
face 0.06745552 1165 1691 1289 1833
face 0.067438304 1124 1137 1252 1372
face 0.067404345 458 613 654 947
face 0.06738137 342 486 443 609
face 0.06736201 671 1880 751 1995
face 0.06734618 453 935 545 1113
face 0.06731232 376 423 554 748
face 0.067274615 1088 448 1206 869
