face 0.99974245 424 686 1028 1526
face 0.124713644 393 1650 494 1788
face 0.122015126 39 261 1589 1878
face 0.12180195 440 1691 539 1818
face 0.11380407 1396 1156 1623 1529
face 0.10925703 365 1657 426 1774
face 0.10886027 300 1626 341 1691
face 0.10785248 346 1657 397 1758
face 0.10502207 301 1647 350 1740
face 0.10215963 411 1724 525 1879
face 0.101316154 290 1656 356 1809
face 0.099668525 453 1653 529 1769
face 0.09841578 409 1644 472 1740
face 0.09690245 275 1665 369 1882
face 0.096748866 320 1632 364 1696
face 0.09624305 283 1641 324 1711
face 0.09601067 971 1895 1237 2168
face 0.09575496 320 1682 417 1860
face 0.09453862 269 1649 313 1736
face 0.09430003 1028 1983 1126 2096
face 0.094213516 378 1578 586 1867
face 0.09394891 380 1633 435 1708
face 0.093918204 987 1934 1040 2004
face 0.0936163 1058 1967 1172 2071
face 0.09165847 257 1627 299 1690
face 0.09152761 266 1583 467 1925
face 0.09143489 270 1606 313 1668
face 0.0912785 251 1653 333 1867
face 0.09034102 986 1890 1044 1958
face 0.089760594 1029 1930 1081 1998
face 0.088356726 998 1976 1078 2087
face 0.08798245 994 1976 1048 2053
face 0.08791391 473 1663 565 1793
face 0.08789915 463 1701 591 1876
face 0.087645225 973 1985 1038 2097
face 0.08731509 1027 1885 1087 1954
face 0.08710449 1470 1198 1608 1469
face 0.086789176 1050 1950 1235 2118
face 0.08601942 230 1604 271 1665
face 0.085975 231 1640 272 1710
face 0.08561371 1078 1926 1132 1997
face 0.085472256 352 1657 554 1952
face 0.085371464 1006 2041 1091 2145
face 0.08501404 275 1583 322 1643
face 0.08469714 528 1625 644 1800
face 0.0846273 1028 1991 1078 2063
face 0.08423949 339 1602 397 1682
face 0.08423711 1427 1215 1568 1426
face 0.08423121 244 1654 299 1736
face 0.0840686 333 1635 382 1719
face 0.08400605 1114 1917 1174 1999
face 0.08400394 316 1521 505 1830
face 0.083982535 978 1955 1025 2034
face 0.08344001 1029 1964 1086 2030
face 0.08332765 39 1691 210 1828
face 0.083211385 243 1580 287 1639
face 0.08292872 300 1579 355 1645
face 0.082778916 961 1888 1011 1954
face 0.082752615 126 1655 225 1761
face 0.082737684 967 1910 1012 1982
face 0.082409605 208 1628 257 1697
face 0.08182217 1074 1879 1138 1953
face 0.08146414 190 1655 256 1744
face 0.08142599 397 1630 454 1721
face 0.08134822 510 1694 656 1899
face 0.08119211 232 1511 430 1825
face 0.08105007 743 1048 1014 1398
face 0.08083879 11 1956 231 2138
face 0.08075384 1178 1005 1274 1130
face 0.08040976 1161 1916 1220 1997
face 0.08034228 1108 1872 1181 1959
face 0.0802218 185 1606 232 1672
face 0.08020319 201 1581 250 1643
face 0.08003683 419 1649 638 1928
face 0.07995941 433 1609 523 1709
face 0.07994283 996 1860 1060 1929
face 0.07978786 1180 1395 1293 1540
face 0.07975235 1082 1960 1149 2034
face 0.0797142 389 1603 452 1688
face 0.07970996 1154 1876 1223 1962
face 0.07938913 353 1576 418 1652
face 0.0792179 1322 1037 1576 1582
face 0.079095535 1090 977 1204 1158
face 0.07905816 350 1806 487 1947
face 0.07876029 369 1753 472 1893
face 0.07873676 1020 2097 1125 2223
face 0.07873135 971 2048 1045 2147
face 0.07858926 1133 870 1218 1028
face 0.0785079 1204 915 1272 1033
face 0.0785036 1145 1060 1246 1206
face 0.078130625 185 1639 235 1716
face 0.07799796 215 1647 270 1770
face 0.077886246 65 1653 201 1775
face 0.077775426 218 1621 375 1967
face 0.07750774 151 1619 223 1704
face 0.07749857 563 1599 693 1810
face 0.07740361 941 1913 989 2000
face 0.077226676 1030 1856 1101 1929
face 0.07718586 148 1575 212 1649
face 0.07701691 1238 1046 1363 1179
face 0.076935194 918 1866 973 1977
face 0.07693316 651 1662 771 1968
face 0.0767456 1117 1370 1218 1482
face 0.076738834 1145 931 1232 1092
face 0.076714136 1155 1372 1256 1477
face 0.07663464 446 1559 532 1679
face 0.07658533 292 1960 461 2125
face 0.07648455 928 1999 986 2106
face 0.07639353 1268 1013 1373 1131
face 0.076389804 1189 831 1266 1008
face 0.076344356 924 1925 972 2032
face 0.07620865 1103 1953 1185 2047
face 0.07605967 939 2051 1009 2148
face 0.07570503 487 1610 577 1736
face 0.07567974 972 1860 1026 1926
face 0.07564223 941 1962 988 2051
face 0.07547596 906 1882 1097 2176
face 0.07544529 132 1600 193 1678
face 0.07535975 867 1356 1083 1701
face 0.07533819 988 635 1116 809
face 0.07525996 1090 1128 1206 1332
face 0.075103275 968 1337 1133 1493
face 0.074981175 1358 1271 1627 1723
face 0.07488346 450 1454 540 1638
face 0.074814826 691 556 884 688
face 0.074813634 692 1687 828 1934
face 0.074802384 1140 1402 1247 1531
face 0.07477995 1053 1353 1188 1490
face 0.07471716 409 1588 479 1683
face 0.07470746 981 1809 1058 1905
face 0.07469701 599 1539 707 1646
face 0.0745341 428 1757 555 1941
face 0.074508354 1150 1307 1262 1426
face 0.07437944 1096 906 1294 1226
face 0.07382457 1070 1849 1150 1929
