face 0.9970372 465 162 628 378
face 0.17586301 322 847 527 1145
face 0.13151994 22 185 1063 1257
face 0.13000439 669 1020 746 1104
face 0.12458672 30 488 78 568
face 0.123213686 48 491 100 568
face 0.120735176 13 43 52 109
face 0.11725763 117 481 164 550
face 0.11403318 165 808 192 860
face 0.112906545 70 484 123 559
face 0.11212857 204 840 231 895
face 0.11130128 112 512 152 568
face 0.11051566 176 814 202 863
face 0.110293925 293 771 428 990
face 0.10921414 166 792 192 837
face 0.10893996 312 839 359 932
face 0.10877255 227 842 252 900
face 0.108380444 153 830 181 885
face 0.10811766 202 826 226 872
face 0.107915744 827 570 859 638
face 0.107898004 5 10 43 74
face 0.10783278 237 824 260 874
face 0.107510984 188 827 217 883
face 0.10735802 14 491 54 569
face 0.1071831 296 778 319 825
face 0.10718028 307 870 354 966
face 0.106089875 168 777 196 823
face 0.106063254 293 804 317 859
face 0.10593528 321 525 349 571
face 0.105846226 290 840 315 890
face 0.10578841 156 778 180 820
face 0.105589315 306 838 336 900
face 0.105503716 138 492 175 546
face 0.10539393 300 536 323 575
face 0.10517728 298 502 327 548
face 0.105095364 293 564 316 607
face 0.10488271 131 467 177 527
face 0.1048469 268 498 294 540
face 0.10456587 186 775 214 822
face 0.1043966 120 842 151 900
face 0.104225405 839 538 862 584
face 0.10379736 265 846 290 899
face 0.103714466 298 740 320 784
face 0.10358013 239 491 269 539
face 0.10354833 167 838 194 889
face 0.10338159 262 823 286 887
face 0.10334097 264 789 289 852
face 0.10329128 127 786 151 829
face 0.10323917 269 818 292 870
face 0.10288276 318 555 345 602
face 0.10268272 304 822 330 874
face 0.10255106 322 612 346 655
face 0.1023095 254 858 283 922
face 0.102160424 110 867 144 924
face 0.10208014 127 815 153 865
face 0.10190296 234 805 258 861
face 0.10185112 200 788 226 834
face 0.10184294 844 514 865 552
face 0.10178859 288 760 311 812
face 0.10158318 156 493 191 547
face 0.10133317 810 562 850 669
face 0.10123156 118 804 143 852
face 0.10108786 272 534 296 575
face 0.10098625 245 773 269 824
face 0.1007934 277 496 307 543
face 0.100747 293 624 316 662
face 0.10065619 266 559 290 605
face 0.10060721 119 572 153 617
face 0.100578256 304 885 333 939
face 0.10057601 283 882 309 929
face 0.10052107 192 808 217 855
face 0.100469396 262 753 288 813
face 0.10046685 304 710 325 749
face 0.10026834 849 570 878 627
face 0.100255065 175 823 208 896
face 0.100192696 211 491 243 543
face 0.10010073 261 512 288 557
face 0.10009913 253 495 283 544
face 0.100033 311 769 334 813
face 0.099943414 145 519 178 564
face 0.099896744 115 591 148 641
face 0.099872515 258 886 285 934
face 0.09973312 162 523 196 570
face 0.0996613 144 840 175 906
face 0.09949064 852 508 874 546
face 0.09940481 835 502 860 545
face 0.09929671 219 810 243 856
face 0.09918077 858 534 880 578
face 0.099065855 288 533 313 576
face 0.09899857 96 851 128 906
face 0.09877326 817 533 846 593
face 0.0986946 142 871 172 921
face 0.09868862 132 572 167 621
face 0.09851507 219 772 246 818
face 0.09843925 162 460 201 518
face 0.098366775 319 731 340 775
face 0.0982094 296 844 327 919
face 0.09811703 866 518 890 556
face 0.09811454 253 764 279 813
face 0.0980946 328 590 353 629
face 0.09800884 237 838 264 892
face 0.09778874 298 902 329 966
face 0.097631514 814 504 842 552
face 0.09761542 344 319 491 563
face 0.09761147 325 735 351 787
face 0.097586416 300 594 323 629
face 0.09745475 252 899 281 956
face 0.097413376 164 871 194 923
face 0.097401835 352 605 381 654
face 0.09724174 243 533 269 576
face 0.09722081 313 815 338 860
face 0.09715118 249 811 273 858
face 0.097121395 208 851 245 918
face 0.09707673 177 456 219 512
face 0.09706547 30 35 76 95
face 0.09702688 784 516 823 602
face 0.09701363 209 460 251 515
face 0.09698919 24 16 63 72
face 0.09693245 312 510 346 560
face 0.09690735 56 427 191 608
face 0.096855976 317 799 352 867
face 0.0968018 342 542 381 603
face 0.09675024 312 877 342 930
face 0.096742235 316 632 344 670
face 0.09669431 299 648 325 685
face 0.09653385 165 539 199 590
face 0.0964914 326 713 352 757
face 0.09644666 638 1014 773 1199
face 0.096373156 141 533 176 586
face 0.09626068 340 513 384 577
face 0.09624732 232 468 272 519
face 0.096182056 263 734 289 782
face 0.096161805 13 73 62 156
face 0.09606237 348 629 378 671
face 0.096030876 330 645 358 685
face 0.09602797 667 1187 804 1408
face 0.095973924 87 557 128 611
face 0.095967054 293 668 317 708
face 0.09565542 95 819 122 862
face 0.09536739 61 866 96 932
face 0.09528067 255 476 293 524
face 0.095184624 283 733 307 778
face 0.09512956 148 454 185 507
face 0.09512504 867 574 900 639
face 0.095054425 93 787 120 826
face 0.095020056 55 881 89 950
face 0.09499456 259 925 290 971
face 0.09491154 140 888 172 946
face 0.09488726 322 663 348 707
face 0.09482662 206 530 237 576
face 0.09460118 225 866 259 923
face 0.09451218 67 819 96 868
face 0.094468005 880 511 905 549
face 0.094436795 60 843 90 899
face 0.094399735 322 698 345 738
face 0.09433412 -1 503 39 596
face 0.094323605 798 526 835 593
face 0.09422058 189 861 221 919
face 0.09407548 1042 1374 1072 1430
face 0.09406496 333 526 364 576
face 0.094044246 48 563 91 629
face 0.0939649 269 707 293 747
face 0.0939509 269 592 295 629
face 0.093910486 785 555 822 652
face 0.09381939 278 477 317 523
face 0.09381557 324 833 386 925
face 0.09380583 80 576 121 637
face 0.09367886 352 588 384 633
face 0.09366329 80 511 130 577
face 0.09364327 899 523 927 564
face 0.093489446 105 775 132 816
face 0.09333645 126 771 262 1005
face 0.09326688 89 840 116 892
face 0.09309693 887 571 918 629
face 0.093079455 287 507 317 555
face 0.09305362 234 551 261 600
face 0.09303149 264 622 288 663
face 0.09297828 36 1 84 58
face 0.09291778 994 537 1030 587
face 0.09290944 296 640 431 870
face 0.09284861 313 659 341 700
face 0.092825636 305 921 336 969
face 0.09277303 1052 1370 1093 1442
face 0.09274137 -50 376 84 608
face 0.092714645 285 921 317 968
face 0.092609555 281 659 310 700
face 0.09252089 355 637 388 682
face 0.09244725 148 576 182 617
face 0.09244365 245 782 373 1027
