face 0.9991671 458 821 1247 1882
face 0.12785861 44 314 1899 2250
face 0.118112646 1326 1481 1459 1683
face 0.113784194 1619 1928 1667 2034
face 0.10678382 1644 1895 1696 1996
face 0.09626725 1292 1388 1520 1749
face 0.09373206 1676 1851 1740 1983
face 0.09253795 516 848 834 1255
face 0.0908044 1610 1843 1670 1965
face 0.09001653 220 2161 354 2489
face 0.08945565 1656 1706 1754 1827
face 0.087587856 1660 1885 1734 2043
face 0.087498 1561 1935 1616 2043
face 0.08719375 1356 1441 1466 1579
face 0.08685998 1062 1533 1280 2046
face 0.086763844 1718 1950 1806 2126
face 0.08571908 1767 1929 1868 2139
face 0.083567195 1218 1324 1325 1668
face 0.08265464 1266 1370 1373 1680
face 0.08242685 1791 1839 1911 2113
face 0.08214694 1696 1865 1789 2066
face 0.0820363 1692 1676 1793 1767
face 0.081859544 173 2156 301 2483
face 0.08136324 1668 1802 1734 1944
face 0.080522746 1587 1699 1690 1874
face 0.08051999 1573 1901 1627 1999
face 0.08049858 1327 1423 1416 1610
face 0.08016672 1210 1223 1430 1692
face 0.08008283 1410 1451 1511 1599
face 0.07993353 1609 1947 1670 2087
face 0.079447545 1629 1808 1699 1933
face 0.07925736 1682 1782 1754 1908
face 0.07921257 1695 1719 1778 1823
face 0.07899841 1093 1919 1233 2254
face 0.07874218 1109 1243 1331 1724
face 0.07870166 267 2147 411 2492
face 0.07862513 1652 1947 1739 2115
face 0.07845557 1641 1665 1760 1770
face 0.07827968 1414 1498 1531 1665
face 0.078254886 1359 1999 1496 2332
face 0.07810396 1088 1784 1237 2105
face 0.07794113 1737 2034 1832 2169
face 0.077933006 1576 1948 1635 2065
face 0.07718036 120 2128 257 2372
face 0.077173375 1592 1956 1684 2148
face 0.07695827 1582 1642 1737 1772
face 0.07693881 1149 1516 1279 1902
face 0.076902114 1787 1962 1902 2182
face 0.076634616 436 2260 643 2500
face 0.07660126 1248 2069 1388 2391
face 0.076566316 180 2086 323 2274
face 0.07608233 1710 1822 1800 1973
face 0.07603044 1554 1954 1622 2101
face 0.07599651 232 2142 382 2338
face 0.07596848 1549 1846 1616 1974
face 0.07587841 309 1701 471 2058
face 0.07585357 1630 1746 1855 2187
face 0.07579858 1733 1628 1837 1735
face 0.07524932 1738 1676 1822 1783
face 0.07515217 1837 1775 1932 2077
face 0.07502548 188 2068 403 2441
face 0.07497139 56 2064 202 2320
face 0.07489563 324 1959 460 2275
face 0.07482615 525 835 785 1074
face 0.07478262 1515 1680 1768 2162
face 0.07470035 1043 1949 1187 2228
face 0.07456216 1500 1410 1668 1573
face 0.07412138 1884 -41 1997 179
face 0.07410836 1697 2005 1793 2214
face 0.07407715 1543 1609 1808 1947
face 0.074065216 700 2284 915 2502
face 0.07400663 738 2226 966 2428
face 0.073971935 1744 1713 1836 1877
face 0.07395345 1220 1429 1335 1824
face 0.073873416 179 909 284 1283
face 0.07380178 1752 1794 1856 2020
face 0.07368363 -109 2205 295 2612
face 0.073656835 1889 2434 2015 2602
face 0.07345579 1691 1643 1783 1737
face 0.07345492 1891 1669 1996 1905
face 0.07334222 228 2506 376 2682
face 0.07324885 443 -39 639 133
face 0.07322397 828 1304 1159 1773
face 0.073172905 1513 1921 1589 2045
face 0.07314154 310 1930 487 2130
face 0.07304721 1403 2037 1546 2310
face 0.07295969 1440 2250 1590 2529
face 0.072946824 1340 1551 1484 1797
face 0.072881326 370 1845 511 2201
face 0.072854675 1483 1882 1554 2039
face 0.07261978 1267 2339 1496 2561
face 0.07246486 72 2138 290 2543
face 0.07228377 121 2257 259 2523
face 0.07216166 1625 1962 1711 2101
face 0.07211816 202 914 268 1090
face 0.07207281 1825 2130 1943 2429
face 0.072023876 1052 1641 1206 1998
face 0.07200704 1163 1402 1290 1757
face 0.07198988 366 2232 522 2496
face 0.071937494 1274 1357 1377 1511
face 0.071936995 411 2054 695 2518
