face 0.39777854 325 474 472 656
face 0.24206743 27 1710 201 1963
face 0.14745703 115 1399 325 1731
face 0.12735716 34 271 1590 1887
face 0.12513688 317 579 475 818
face 0.12335215 273 455 500 834
face 0.12276103 641 484 780 641
face 0.11442099 1505 425 1563 558
face 0.111795194 1397 412 1480 555
face 0.10565364 1446 439 1510 567
face 0.10449963 454 1358 522 1539
face 0.10256477 178 827 310 1071
face 0.10180995 595 406 744 614
face 0.10173193 599 1294 820 1609
face 0.09830414 1585 335 1647 476
face 0.09666716 727 517 810 623
face 0.0960663 715 373 788 484
face 0.09587825 673 315 756 436
face 0.09535722 506 1649 648 1875
face 0.0946265 1354 392 1447 542
face 0.09188794 616 1283 795 1442
face 0.09128843 1375 290 1585 651
face 0.09112929 649 1515 853 1680
face 0.09097398 1602 324 1670 433
face 0.0904785 775 537 841 631
face 0.09034601 438 1306 515 1449
face 0.09006861 1536 402 1593 532
face 0.08975629 1540 332 1598 444
face 0.08794427 664 355 756 496
face 0.087922335 708 460 789 579
face 0.087613 1460 413 1526 529
face 0.08752294 1391 490 1503 618
face 0.08715942 218 571 334 756
face 0.08691868 173 954 300 1153
face 0.08685725 707 318 791 442
face 0.08652576 370 453 562 749
face 0.08648195 680 285 739 379
face 0.08591592 426 1376 495 1606
face 0.08587001 1586 276 1649 421
face 0.08575999 435 518 542 687
face 0.085753016 245 635 509 1065
face 0.085617706 612 1340 733 1548
face 0.08537689 496 1376 564 1522
face 0.08526499 1511 333 1573 442
face 0.08501163 477 766 592 1111
face 0.0849454 1583 395 1644 527
face 0.08489139 493 569 581 756
face 0.08475607 592 284 801 599
face 0.084129915 785 291 926 487
face 0.08411961 133 1350 332 1528
face 0.08402102 1295 348 1363 439
face 0.08359878 1430 468 1537 618
face 0.083426006 1318 401 1392 520
face 0.08339965 792 522 874 629
face 0.083187245 171 1278 376 1743
face 0.08310438 1462 332 1529 441
face 0.08283762 573 1484 638 1583
face 0.08276942 623 347 726 505
face 0.0826851 1524 123 1598 311
face 0.08249908 579 444 805 726
face 0.08241026 149 777 269 1008
face 0.08235111 1608 267 1673 371
face 0.08233666 1287 370 1351 475
face 0.08230848 1603 380 1670 484
face 0.08215169 1 1325 202 1626
face 0.08209128 442 1438 536 1694
face 0.082085654 85 954 217 1170
face 0.08205292 207 519 448 949
face 0.08181428 150 1862 347 2146
face 0.081507884 1309 329 1409 455
face 0.081502676 1208 314 1257 389
face 0.08135566 1208 236 1276 321
face 0.081276044 381 1377 453 1616
face 0.08119772 50 954 259 1280
face 0.08112833 555 1687 680 1925
face 0.0811255 220 905 354 1104
face 0.08108701 511 1502 593 1655
face 0.08093415 1355 443 1467 599
face 0.08087807 1202 273 1260 353
face 0.080778606 1451 354 1515 479
face 0.08071996 431 1321 491 1414
face 0.08070811 433 1285 626 1663
face 0.080671996 363 539 500 768
face 0.08057609 548 1518 623 1657
face 0.08054991 1576 444 1645 597
face 0.08032854 281 574 404 761
face 0.080323145 510 1760 705 2118
face 0.080210224 642 319 710 456
face 0.080176875 621 1496 747 1656
face 0.0801654 775 486 838 600
face 0.08009715 489 1278 576 1466
face 0.08008061 1394 316 1486 454
face 0.08007303 1487 387 1562 494
face 0.080061786 267 1552 370 1855
face 0.08005561 434 1342 492 1482
face 0.08005557 1517 384 1584 487
face 0.07996885 326 512 566 946
face 0.07983314 1241 318 1292 394
face 0.07982716 589 1437 796 1713
face 0.0795911 413 1313 473 1452
face 0.079538785 402 1187 584 1557
face 0.079462856 1520 437 1596 613
