face 0.9999331 175 282 691 977
face 0.9925808 21 147 867 1115
face 0.107597396 887 1042 930 1111
face 0.10146722 890 1011 931 1076
face 0.101029314 887 972 931 1042
face 0.096592784 881 1069 931 1149
face 0.08294499 765 969 1004 1147
face 0.08106801 627 887 688 1063
face 0.08016075 650 315 753 535
face 0.077905804 871 -18 931 58
face 0.077079825 199 954 255 1115
face 0.07673856 650 892 713 1053
face 0.07537221 604 858 667 1031
face 0.07460755 0 1244 62 1326
face 0.073478006 12 949 113 1060
face 0.072797894 620 260 692 436
face 0.072741106 760 1039 999 1221
face 0.07251228 850 976 953 1189
face 0.071145095 876 885 921 1013
face 0.07091495 885 899 933 978
face 0.070642635 88 794 222 1010
face 0.07038754 311 1153 430 1265
face 0.070342004 520 963 651 1175
face 0.06971455 286 -10 368 62
face 0.069664575 299 -147 567 325
face 0.06956205 98 913 213 1029
face 0.06921284 887 935 933 1011
face 0.068725675 561 304 691 498
face 0.06870526 440 33 592 228
face 0.068159066 -20 995 112 1264
face 0.06768014 495 -136 755 336
face 0.06761359 553 71 655 173
face 0.067344405 674 902 738 1049
face 0.06723323 582 104 672 199
face 0.06719144 354 46 698 472
face 0.066789046 634 272 717 386
face 0.06672975 218 784 280 950
face 0.066631764 674 239 740 421
face 0.06657304 332 1230 419 1328
face 0.06648721 848 11 953 238
face 0.0664376 395 -12 480 63
face 0.06640831 850 210 952 442
face 0.06618733 137 945 217 1062
face 0.06605272 -3 1212 54 1283
face 0.06602992 98 353 163 577
face 0.06591158 884 830 932 911
face 0.06580684 877 1081 926 1224
face 0.06566768 550 127 736 353
face 0.06549226 885 558 932 638
face 0.065420516 851 518 953 750
face 0.06540105 173 957 235 1101
face 0.0652812 884 625 932 706
face 0.06521082 845 1020 894 1159
face 0.065028675 885 729 933 808
face 0.064969674 876 811 922 949
face 0.06493796 354 640 479 760
face 0.06491671 767 900 1007 1079
face 0.06477436 -84 -43 154 120
face 0.06470957 830 -84 952 138
face 0.0646994 688 957 887 1179
face 0.064558186 885 387 932 467
face 0.06454031 885 353 932 433
face 0.06453297 494 1147 621 1268
face 0.06448387 885 864 932 944
face 0.06435423 876 713 922 846
face 0.06434715 522 362 679 571
face 0.0642904 885 797 932 877
face 0.06424864 884 591 932 672
face 0.064227305 -120 -99 252 243
face 0.06420301 665 833 896 1008
face 0.064156376 -14 -17 50 58
face 0.06400665 885 524 932 603
face 0.06393449 884 318 933 400
face 0.063922785 886 694 933 773
face 0.06389247 884 455 932 536
face 0.06385888 886 763 932 842
face 0.06385038 144 938 250 1130
face 0.063807815 -72 1105 157 1281
face 0.06379511 884 421 932 501
face 0.06372628 872 1147 925 1284
face 0.06368263 885 659 933 739
face 0.06362265 882 282 933 366
face 0.06361687 876 541 922 675
face 0.06359973 885 149 932 228
face 0.06354222 700 372 759 560
face 0.063505575 18 993 110 1093
face 0.063494556 885 489 932 569
face 0.063493356 79 341 138 560
face 0.06348836 553 836 663 1063
face 0.06347499 876 604 923 741
face 0.06341134 863 12 926 97
face 0.063335046 694 906 768 1030
face 0.06331545 15 -21 110 68
face 0.063314274 876 368 922 504
face 0.06330835 -1 947 129 1161
face 0.06317872 884 183 932 263
face 0.0631129 883 215 932 298
face 0.063097395 881 248 932 333
face 0.0630941 353 -8 437 63
face 0.063057944 112 -144 374 334
face 0.0630528 611 862 670 946
face 0.063017406 875 297 922 437
face 0.06300668 886 115 933 193
face 0.062994644 238 1060 315 1206
face 0.06297822 883 80 931 160
face 0.062973015 612 141 693 229
face 0.0629296 589 -14 848 537
face 0.06290974 876 437 922 573
face 0.06290149 640 176 718 267
face 0.06288433 220 986 290 1091
face 0.06281969 696 217 757 376
face 0.06281301 847 866 897 1016
face 0.062767096 87 129 280 347
face 0.062762864 705 753 845 988
face 0.06276141 849 1012 890 1091
face 0.06271581 669 858 746 955
face 0.06271125 124 464 246 705
face 0.06268153 713 921 798 1017
face 0.06266065 288 135 526 347
face 0.06265754 184 792 256 939
