face 0.99998295 610 644 1234 1422
face 0.12161923 34 268 1591 1878
face 0.11397376 390 905 476 1028
face 0.11370136 318 940 450 1068
face 0.11310471 337 711 382 781
face 0.10311724 332 903 428 1019
face 0.09541332 377 843 486 973
face 0.093164116 226 797 305 899
face 0.09160633 159 703 235 832
face 0.08994168 383 701 435 781
face 0.089145534 176 767 261 881
face 0.089137115 330 759 528 1068
face 0.0888854 212 896 347 1014
face 0.08877381 276 711 327 782
face 0.088223964 364 972 469 1111
face 0.08819602 311 730 354 805
face 0.08770262 368 716 416 802
face 0.087695256 297 811 353 890
face 0.0866838 345 872 425 974
face 0.08649631 88 1761 192 1880
face 0.086454794 329 732 377 806
face 0.08630488 303 744 344 826
face 0.08572345 136 943 399 1195
face 0.08555724 180 697 233 783
face 0.085244395 291 866 382 958
face 0.08491442 171 1109 318 1245
face 0.084448636 357 732 401 828
face 0.08436462 247 734 306 817
face 0.084337056 318 801 379 882
face 0.08429897 126 1046 353 1311
face 0.0842421 99 1666 355 1994
face 0.084182456 286 837 345 930
face 0.08396768 355 805 415 899
face 0.08378164 151 1575 349 1722
face 0.08364512 156 886 260 1020
face 0.08361466 3 854 124 1100
face 0.083565824 222 854 335 969
face 0.08356379 136 700 194 823
face 0.083543606 199 648 258 742
face 0.08336946 238 756 301 857
face 0.083225034 54 1097 154 1272
face 0.08282239 179 647 235 738
face 0.08271116 209 698 260 778
face 0.08260225 202 724 276 827
face 0.08254861 302 990 426 1122
face 0.08242989 265 900 382 1006
face 0.082311265 180 1039 363 1203
face 0.08219396 6 794 78 913
face 0.082004674 -1 877 197 1164
face 0.08179426 301 656 348 737
face 0.08175806 379 787 473 928
face 0.081543475 108 825 200 966
face 0.08152148 109 1677 176 1759
face 0.08138318 167 699 373 990
face 0.08103075 100 1738 178 1829
face 0.081012495 136 766 213 879
face 0.081011996 28 935 165 1121
face 0.0809763 397 696 466 787
face 0.0809344 443 860 537 1118
face 0.080833524 345 659 391 740
face 0.08079475 390 800 563 1182
face 0.0806593 82 1665 140 1750
face 0.080589056 85 1733 141 1823
face 0.08034718 346 824 405 935
face 0.08030607 297 1054 405 1177
face 0.080271 387 662 433 746
face 0.08004697 75 1198 148 1322
face 0.080016986 99 1187 185 1294
face 0.07998386 249 652 302 740
face 0.07996863 317 1259 400 1352
face 0.07989182 90 1702 150 1784
face 0.07979334 391 714 448 824
face 0.07978329 199 935 364 1062
face 0.07955021 155 1626 333 1770
face 0.07948265 357 1034 462 1176
face 0.07946232 164 822 255 959
face 0.07944911 105 877 208 1028
face 0.07943183 224 702 286 780
face 0.07936159 446 1665 545 1955
face 0.07925265 -3 517 586 1181
face 0.07914849 3 1023 192 1311
face 0.07914327 235 999 385 1139
face 0.078946725 255 826 476 1086
face 0.078930154 559 619 612 693
face 0.07889376 8 742 67 851
face 0.07884147 104 722 307 1035
face 0.07865612 87 1629 157 1710
face 0.07861877 171 1183 304 1308
face 0.07844394 127 640 180 735
face 0.07829859 68 638 125 745
face 0.07812971 34 1176 114 1336
face 0.078101546 563 655 612 736
face 0.078091614 550 641 625 853
face 0.07784952 0 1694 217 1968
face 0.07778777 149 1137 254 1287
face 0.07776315 29 667 92 771
face 0.07772029 558 585 620 659
face 0.07755846 108 1247 184 1344
face 0.07748249 267 1127 368 1234
face 0.07747768 591 648 641 735
face 0.07725124 128 1753 255 1898
face 0.077230915 56 878 163 1042
face 0.07720984 51 808 155 971
face 0.07719226 72 750 407 1161
face 0.07713257 953 1526 1163 1880
face 0.07697883 595 595 646 682
face 0.076873265 2 674 58 790
face 0.07677628 396 940 489 1136
face 0.07675332 422 686 508 796
face 0.0767243 -89 907 232 1251
face 0.07661469 146 812 370 1067
face 0.07661372 150 1723 310 1927
face 0.07650931 93 1291 179 1400
face 0.076273605 -17 894 81 1124
face 0.07612556 161 1507 441 1785
face 0.076071136 8 802 117 985
face 0.0760335 1475 1830 1602 2139
face 0.075998574 431 660 478 745
face 0.07597018 51 752 151 909
face 0.07570453 72 1581 152 1692
