face 0.9970291 1282 141 2039 1120
face 0.12602685 419 47 2154 1894
face 0.117634326 564 53 1004 460
face 0.1103954 702 131 1110 598
face 0.09682009 368 -11 839 367
face 0.09558511 826 304 1136 692
face 0.09264694 198 -9 975 604
face 0.09102683 117 -14 578 436
face 0.08850959 1479 1539 1825 1875
face 0.08750436 -77 -44 592 696
face 0.086985886 898 196 1082 489
face 0.08484609 840 103 1002 318
face 0.08338932 188 808 501 1195
face 0.08231895 310 -124 637 349
face 0.08181844 964 233 1146 566
face 0.08146596 -6 -17 134 84
face 0.08104953 -24 -3 111 208
face 0.07959957 476 997 1002 1333
face 0.07939408 616 -25 1304 806
face 0.078903586 -25 352 112 592
face 0.07816052 428 114 596 456
face 0.07797278 717 -4 852 139
face 0.07751296 827 151 1023 430
face 0.077486955 2058 1009 2394 1409
face 0.07698055 1021 266 1225 607
face 0.076773524 -2 266 793 1082
face 0.07663013 323 593 549 807
face 0.07596928 2409 1058 2559 1353
face 0.07570213 887 370 1100 624
face 0.075389594 114 704 496 966
face 0.07535487 2423 990 2550 1231
face 0.07454309 1580 613 1979 951
face 0.07439521 2492 1111 2635 1322
face 0.07423872 771 -12 932 85
face 0.0742224 -22 1260 111 1532
face 0.07401768 760 27 938 171
face 0.07395169 0 720 242 930
face 0.0738024 949 115 1155 254
face 0.073737204 58 758 367 1242
face 0.07359743 1609 3 1859 152
face 0.07351591 2488 1236 2625 1416
face 0.073323615 42 -11 171 157
face 0.07305686 329 -75 903 206
face 0.07279549 2404 1204 2556 1434
face 0.072468385 837 561 1041 795
face 0.072373316 1238 682 1401 1019
face 0.072308905 1813 -143 2145 332
face 0.07221394 657 -16 794 136
face 0.07186355 821 244 1024 558
face 0.071804985 7 1398 178 1718
face 0.07168691 1586 122 1972 509
face 0.07153582 192 766 424 1030
face 0.07150726 820 1332 1137 1721
face 0.07140441 891 131 1033 273
face 0.07138329 810 78 984 197
face 0.071262226 587 921 1102 1222
face 0.07106905 1387 136 1821 480
face 0.071041785 1179 194 1358 476
face 0.070963524 239 -25 374 148
face 0.070809774 2524 1095 2654 1214
face 0.070739284 2502 943 2617 1101
face 0.07061515 2493 -26 2654 87
face 0.070578195 790 11 908 130
face 0.07049828 69 -19 265 342
face 0.07016252 363 47 526 361
face 0.07015561 541 1141 1205 1412
face 0.07007565 617 364 796 705
face 0.07000368 8 1106 189 1456
face 0.069970384 821 550 1152 906
face 0.069751054 -19 1435 109 1686
face 0.069730125 410 10 592 303
face 0.06963903 902 141 1056 373
face 0.0696355 2492 1341 2628 1518
face 0.069547445 876 473 1099 723
face 0.069457464 -33 481 120 716
face 0.069442034 90 1004 593 1343
face 0.069414295 65 223 1236 743
