face 0.9999198 328 810 1089 1840
face 0.12834318 50 312 1904 2260
face 0.120437495 1293 2170 1559 2587
face 0.1114498 898 1717 1138 2183
face 0.10493417 216 1037 354 1410
face 0.10113671 879 1784 1036 2088
face 0.096004464 1106 1445 1229 1787
face 0.0937097 -11 -40 79 178
face 0.08776903 1500 21 1752 442
face 0.08549754 1413 86 1839 553
face 0.085347526 1208 844 1342 1318
face 0.08332681 47 1587 264 1807
face 0.08087561 5 2398 268 2599
face 0.079959355 711 2124 1049 2483
face 0.07960359 1666 1937 1904 2440
face 0.07890461 1551 2044 1713 2443
face 0.0778783 880 2338 1061 2566
face 0.07724376 1672 1716 1909 2210
face 0.077191256 1152 1481 1277 1883
face 0.0771622 1651 43 1916 473
face 0.0770781 633 1 882 445
face 0.07704879 434 -22 1035 1094
face 0.076685265 282 2419 507 2605
face 0.076595135 952 2476 1183 2701
face 0.07561403 970 2340 1240 2565
face 0.075466014 1265 517 1478 1064
face 0.07522915 1489 137 1745 857
face 0.075162284 762 2276 1036 2588
face 0.07513607 1031 1836 1186 2113
face 0.07512378 1552 152 1717 440
face 0.074920826 1650 2003 1823 2344
face 0.07457938 1602 2079 1762 2396
face 0.074449904 1619 1582 1856 2071
face 0.07427848 1249 773 1381 1236
face 0.07361003 738 8 979 447
face 0.07358618 142 2355 394 2560
face 0.073577546 266 -81 769 1128
face 0.07339449 1027 1458 1198 1770
face 0.07337602 1890 2509 2017 2677
face 0.07312208 270 1522 386 1842
face 0.07267314 37 2481 245 2695
face 0.07253167 1093 1610 1240 1904
face 0.07246653 184 980 308 1323
face 0.07240109 843 -1 1080 467
face 0.072287686 1139 1658 1289 1977
face 0.072179236 739 2504 896 2680
face 0.07210111 7 1453 323 1810
face 0.071993135 1679 -42 1875 139
face 0.0719451 842 2278 1081 2491
face 0.07166456 1562 700 1706 1179
face 0.07147094 1663 2149 1820 2458
face 0.071314186 1366 124 1593 609
face 0.07124861 976 656 1229 1068
face 0.0711544 41 1300 220 1562
face 0.07114743 1615 845 1757 1289
face 0.071119 1674 1089 1899 1596
face 0.071028695 1568 1721 1807 2207
face 0.0709492 168 1132 321 1421
face 0.07080968 -14 2415 122 2600
face 0.07079721 1631 874 1851 1395
face 0.07055894 1454 557 1602 990
face 0.07055083 627 491 774 812
face 0.070453 -3 442 282 829
face 0.070406474 892 2493 1064 2689
face 0.0703987 833 710 1084 1150
face 0.07035411 1875 -43 2016 125
face 0.07032315 1384 1296 1598 1825
face 0.07023881 86 1375 264 1618
face 0.0700202 1612 1134 1767 1544
face 0.06994274 539 -25 670 119
face 0.069908634 1905 2025 2017 2193
face 0.069887854 1047 146 1667 1243
face 0.06982966 1157 899 1284 1270
face 0.069827564 18 -21 123 203
face 0.069795474 825 1860 995 2067
face 0.06979165 1487 1062 1735 1853
face 0.069782235 207 2269 450 2502
face 0.06972051 1895 2441 2009 2592
face 0.069652006 1244 978 1388 1452
face 0.06954936 1507 1968 1657 2359
