face 0.99997663 671 134 1509 1339
face 0.11573905 228 1716 366 2082
face 0.11478338 358 1650 598 2108
face 0.10433957 408 1715 550 2055
face 0.09644469 201 1752 314 2057
face 0.09589845 1600 2028 1758 2460
face 0.09077396 206 1760 291 1904
face 0.08978515 454 494 673 942
face 0.08917807 1285 2098 1546 2536
face 0.08859188 284 1732 486 2160
face 0.08826853 1550 2126 1799 2582
face 0.0870031 976 1391 1251 1828
face 0.086012594 526 119 777 647
face 0.08479908 478 682 620 1010
face 0.08458997 1181 1366 1339 1619
face 0.083991885 521 643 675 972
face 0.08292645 181 1758 262 1929
face 0.08269279 289 1512 483 1756
face 0.08251048 1897 2420 2006 2606
face 0.08198887 1488 2297 1676 2580
face 0.08147549 1561 264 1690 634
face 0.08063392 1123 1253 1386 1639
face 0.0806234 355 1519 611 1746
face 0.08061833 591 1270 703 1549
face 0.08008864 412 1736 662 2249
face 0.079978205 244 314 505 759
face 0.07989919 256 1568 442 1832
face 0.07989733 1263 1434 1388 1662
face 0.079551 1326 2263 1585 2580
face 0.07928489 333 1440 531 1685
face 0.079157256 205 1719 284 1838
face 0.07897537 197 1782 889 2600
face 0.07825016 157 1810 252 2011
face 0.077771544 1536 2222 1712 2535
face 0.07757282 1503 2112 1666 2491
face 0.0775602 93 1697 163 1850
face 0.07755112 9 2428 101 2606
face 0.07754632 1359 2413 1496 2588
face 0.0774707 189 1898 610 2377
face 0.07692207 1695 1673 1877 1858
face 0.07691588 1658 2140 1886 2574
face 0.07685516 1509 205 1656 588
face 0.07665134 535 1213 752 1628
face 0.0766376 99 1751 169 1905
face 0.076635614 1418 2498 1552 2669
face 0.07651674 1052 742 1404 1202
face 0.07612327 1470 2492 1613 2670
face 0.07603706 131 1670 209 1778
face 0.07599375 575 78 746 446
face 0.07590903 152 1722 229 1838
face 0.07589125 1306 1448 1408 1593
face 0.07572213 117 1734 188 1864
face 0.075621225 305 79 565 538
face 0.07554682 431 437 560 837
face 0.07552578 591 20 820 223
face 0.07543376 391 1804 517 2220
face 0.07530907 129 1852 247 2104
face 0.075223304 1716 1753 1858 1954
face 0.0751904 152 1751 367 2246
face 0.07518047 1808 2326 1933 2563
face 0.07515685 765 1577 919 1808
face 0.07515389 -25 812 362 1245
face 0.075129084 1028 1291 1295 1686
face 0.074877255 80 1619 164 1786
face 0.07482397 1298 1863 1549 2410
face 0.07453207 88 1636 314 2060
face 0.0743839 256 1528 527 1940
face 0.07424113 990 1620 1221 1851
face 0.07410302 459 1694 612 2034
face 0.07403287 573 714 691 1044
face 0.073996894 1828 1867 1911 2061
face 0.07397751 1889 2502 2017 2676
face 0.07372416 96 414 372 1085
face 0.07367639 681 1373 910 1610
face 0.07363627 696 -22 867 130
face 0.073631555 1822 2059 1939 2409
face 0.07361056 175 1685 245 1810
face 0.073529035 1045 1719 1270 1951
face 0.07347215 197 1382 593 1797
face 0.07337335 1546 165 1700 487
face 0.07321819 997 1520 1306 1955
face 0.07320419 519 404 670 778
face 0.0731326 216 1700 337 1852
face 0.073129654 4 2511 116 2673
face 0.073106736 20 1902 323 2463
face 0.07309934 638 1179 725 1443
face 0.07302026 416 1403 559 1610
face 0.072886325 146 1766 231 1903
face 0.072883666 1650 2096 1819 2414
