face 0.9983974 534 833 1132 1536
face 0.13230915 34 268 1594 1881
face 0.12301572 10 1771 224 2166
face 0.12031117 1116 1305 1331 1683
face 0.119722776 521 1749 649 2013
face 0.11603676 679 817 985 1160
face 0.11518318 459 1906 616 2147
face 0.10197335 1319 1895 1569 2162
face 0.086948246 514 1851 643 2082
face 0.086227216 989 1352 1180 1709
face 0.08531783 1370 1309 1599 1730
face 0.08472865 1421 1621 1553 1875
face 0.08358611 826 1043 1092 1454
face 0.08335204 259 -90 1499 580
face 0.08263128 686 1762 915 2106
face 0.08249497 566 1801 801 2135
face 0.08113961 682 1740 840 1986
face 0.0810526 1169 1190 1296 1519
face 0.07938784 485 1313 603 1617
face 0.07780756 1326 2079 1507 2260
face 0.074680224 1258 1573 1376 1849
face 0.07467778 446 1276 545 1549
face 0.073777564 567 1624 682 1927
face 0.073740594 1563 1731 1683 1895
face 0.07311789 92 1768 296 2135
face 0.0729151 941 1801 1164 2146
face 0.072399825 1569 2090 1680 2233
face 0.07226466 1575 2034 1675 2163
face 0.07217014 607 1873 756 2088
face 0.0718472 913 1659 1123 2034
face 0.07129449 1208 998 1336 1340
face 0.071239345 1275 1802 1491 2144
face 0.07080306 622 1759 744 1988
face 0.070700765 1137 1931 1249 2141
face 0.0705001 974 920 1195 1319
face 0.0704301 1358 1668 1534 1838
face 0.07041857 1088 1383 1222 1661
face 0.070295624 612 1611 718 1926
face 0.07006216 505 2081 682 2257
face 0.06999319 1462 1696 1600 1924
face 0.06980004 541 1362 738 1555
face 0.06939865 1576 1673 1687 1837
face 0.06933602 429 1816 571 2069
face 0.06926661 1234 1605 1607 1998
face 0.069102466 1364 1496 1530 1772
face 0.06899865 1514 1660 1622 1955
face 0.06886421 1592 1345 1686 1480
face 0.06884077 865 903 1127 1287
face 0.06880162 1046 1621 1233 2033
face 0.06859815 612 1953 817 2143
face 0.06836531 1300 1582 1423 1841
face 0.06834364 1271 1926 1398 2149
face 0.068324015 591 2015 771 2169
face 0.06802403 417 1253 517 1455
face 0.06787539 1570 1792 1685 1951
face 0.06776701 1216 1631 1421 1962
face 0.067747906 1205 1134 1339 1466
face 0.067711994 436 1389 643 1775
face 0.067682214 1267 1778 1382 2094
face 0.067666516 746 1937 921 2149
face 0.06755825 319 1933 509 2141
face 0.06741776 1254 1073 1378 1407
face 0.0673769 517 1364 650 1692
face 0.06731646 1021 1380 1170 1572
face 0.06731023 187 1930 377 2140
face 0.06727411 1417 1764 1560 1962
face 0.06726498 1128 944 1254 1285
face 0.06721353 1587 1282 1687 1421
