face 0.9998217 117 84 354 414
face 0.12587439 81 40 507 616
face 0.11827563 502 3 568 51
face 0.10935353 32 73 177 401
face 0.09594224 4 56 21 82
face 0.09536575 229 225 323 331
face 0.09205104 144 554 209 613
face 0.0905422 209 631 249 673
face 0.08611093 3 617 30 657
face 0.08561218 352 441 402 522
face 0.08345931 -2 632 23 683
face 0.08250291 206 -8 271 36
face 0.08230889 12 610 45 656
face 0.081771135 9 51 30 84
face 0.081440486 132 519 195 578
face 0.08105202 11 146 34 187
face 0.08055353 8 175 40 230
face 0.080249526 44 32 70 98
face 0.079381995 184 629 230 676
face 0.079134814 508 75 552 116
face 0.07909192 361 338 414 419
face 0.07905855 485 1 514 45
face 0.078915976 134 511 221 622
face 0.07890986 0 143 18 182
face 0.07849481 173 488 242 541
face 0.07844607 5 633 36 671
face 0.07809596 445 632 481 673
face 0.078039534 297 315 440 411
face 0.077982485 54 16 88 111
face 0.07783958 536 632 573 674
face 0.077055976 4 71 22 99
face 0.07673873 333 -4 543 459
face 0.07658853 181 490 259 599
face 0.076568596 335 344 387 425
face 0.076362915 300 350 448 444
face 0.07623713 555 614 594 654
face 0.07617816 125 48 206 168
face 0.076160915 511 98 553 168
face 0.0760836 270 42 347 158
face 0.076035514 25 48 47 93
face 0.07550471 223 614 266 653
face 0.07547203 452 -2 564 120
face 0.07546487 544 148 609 251
face 0.07545177 4 196 44 261
face 0.07543418 3 174 24 220
face 0.075311534 366 425 413 508
face 0.07487472 562 53 595 104
face 0.0747127 15 48 37 77
face 0.074664064 200 614 244 652
face 0.07460242 555 630 596 674
face 0.07458609 0 194 25 250
face 0.074554056 6 110 33 162
face 0.07452588 9 171 31 202
face 0.074291185 2 83 22 128
face 0.07422256 45 7 78 46
face 0.074140295 541 163 576 248
face 0.07411399 196 587 247 641
face 0.07392083 74 2 153 116
face 0.073799595 202 280 315 391
face 0.073698916 138 30 279 154
face 0.07361365 371 354 522 449
face 0.0734111 9 71 30 102
face 0.07337499 230 632 265 672
face 0.073224895 49 42 76 81
face 0.073200494 383 329 425 422
face 0.07316437 8 158 28 184
face 0.0731505 561 170 593 235
face 0.07313796 555 -10 593 36
face 0.073066615 44 20 76 65
face 0.072858214 543 124 574 211
face 0.072842985 560 135 593 207
face 0.07282333 488 12 537 71
face 0.07277611 340 463 384 552
face 0.07268928 -29 6 43 120
face 0.07267707 2 162 20 201
face 0.07263983 401 321 442 417
face 0.07263902 437 -5 583 287
face 0.072461724 0 115 20 161
face 0.07237244 515 -8 577 37
face 0.072361745 3 139 23 165
face 0.07229379 185 95 280 211
face 0.07227743 470 1 501 36
face 0.072275385 28 370 81 445
face 0.07213713 -5 278 28 357
face 0.07209338 214 233 290 302
face 0.07207919 370 391 523 484
face 0.07196462 2 437 71 554
face 0.071845576 500 -8 575 159
face 0.071803614 404 84 564 340
face 0.07180276 562 83 596 152
face 0.071786106 304 389 457 482
face 0.07177202 337 421 386 499
face 0.07176366 537 51 575 105
face 0.07173617 18 160 48 225
face 0.07172658 307 357 356 425
face 0.07170732 464 173 535 304
face 0.0715726 459 633 495 673
face 0.07150114 200 542 280 640
face 0.0714519 22 132 48 184
face 0.07118715 439 438 492 514
face 0.071169496 48 -3 77 27
face 0.07116643 2 33 23 66
face 0.07113069 4 215 34 253
face 0.071129784 165 633 209 676
face 0.0711225 481 -5 523 30
face 0.07100718 -42 -34 81 71
face 0.07099524 338 56 412 172
face 0.070963755 58 -4 93 28
face 0.07094637 492 -7 544 32
face 0.07092335 425 633 464 674
face 0.07080145 -29 90 44 209
face 0.07074979 269 282 423 381
face 0.070687756 528 -42 612 63
face 0.07063453 56 302 111 378
face 0.070622645 375 9 454 177
face 0.07058621 150 569 228 650
face 0.07056351 473 6 527 52
face 0.070559 519 634 555 675
face 0.07055866 23 66 46 113
face 0.07055575 27 7 85 117
face 0.07055506 294 466 368 590
face 0.07048727 564 408 600 447
face 0.07046379 539 28 612 130
face 0.070445634 557 599 600 641
face 0.070367105 268 46 325 118
face 0.07036545 66 -7 112 32
face 0.07035688 540 75 576 159
face 0.07034937 356 4 429 115
face 0.07034628 170 613 223 656
face 0.07034385 355 364 401 452
face 0.07031197 497 104 541 154
face 0.07029103 7 25 35 68
face 0.07027369 476 284 559 382
face 0.070250824 423 -1 506 96
face 0.07025054 423 393 504 511
face 0.070245825 61 187 109 283
face 0.07014821 570 531 597 571
face 0.07007627 561 370 598 410
face 0.07004807 387 291 427 386
