face 0.999998 372 1039 1086 1979
face 0.30191016 1773 1083 1941 1410
face 0.12875222 48 321 1916 2248
face 0.12469341 802 1188 1095 1764
face 0.12353718 743 557 1043 914
face 0.11852539 1830 1829 1917 1991
face 0.10768485 1136 331 1647 723
face 0.1046756 842 2131 903 2305
face 0.10372216 1888 1823 1984 1998
face 0.0955473 1767 1851 1855 2000
face 0.09170251 1179 408 1439 634
face 0.09112418 173 1517 323 1836
face 0.09034577 1899 1879 1992 2078
face 0.08973116 1887 669 1987 876
face 0.086977825 1899 1687 1993 1899
face 0.08537821 1887 757 1996 988
face 0.08362251 1223 1339 1584 1851
face 0.08108509 1479 1093 1753 1830
face 0.080820754 245 1479 388 1772
face 0.0805671 861 1958 964 2222
face 0.080264345 732 1814 992 2255
face 0.080134235 1895 2510 2014 2673
face 0.0796475 1650 1649 1919 2046
face 0.07964018 814 2172 915 2469
face 0.07849684 1638 738 1932 1141
face 0.07808988 331 656 781 1048
face 0.07784133 1798 1871 1901 2064
face 0.077653416 1909 1773 2012 1915
face 0.07740985 1657 226 1896 423
face 0.07622622 1929 1970 2020 2111
face 0.075858854 39 511 486 989
face 0.07585825 1903 172 2009 325
face 0.075835176 736 1302 976 1552
face 0.07579817 1368 1105 1641 1808
face 0.075345695 1575 1851 1698 2129
face 0.075163744 115 2096 358 2519
face 0.074852064 651 2163 926 2581
face 0.07456042 1017 2202 1308 2573
face 0.07449658 846 2176 975 2431
face 0.07443516 1906 1966 1994 2171
face 0.07439026 1737 1793 1852 1953
face 0.07411769 1647 613 1939 971
face 0.07411405 1344 -92 1838 271
face 0.07407558 -15 172 75 337
face 0.07405321 264 1695 392 2104
face 0.07393675 738 1179 988 1390
face 0.07389061 1733 727 1877 891
face 0.07383298 690 1180 1020 1604
face 0.07379606 1929 2042 2021 2180
face 0.07379265 331 1389 453 1850
face 0.073787205 1617 821 1734 952
face 0.07374358 777 2236 935 2531
face 0.07373789 837 2055 904 2224
face 0.07333724 1109 862 1287 1033
face 0.07311734 1901 508 2018 662
face 0.073043175 -18 226 88 415
face 0.0730219 1896 2440 2009 2596
face 0.07297003 1910 1410 2020 1564
face 0.072866865 1389 281 1877 700
face 0.072768286 381 740 650 958
face 0.07276826 1525 2508 1669 2679
face 0.07262735 213 1575 368 1894
face 0.072480276 1827 147 1938 410
face 0.07243939 1126 1869 1303 2070
face 0.07226131 74 1486 316 1901
face 0.07223778 787 2136 858 2277
face 0.072207086 1222 219 1880 1195
face 0.072122835 858 2053 961 2337
face 0.07203237 1919 1693 2024 1841
face 0.071976304 -1 2243 66 2447
face 0.07193049 1897 -15 1985 166
face 0.07183636 1894 920 2018 1091
face 0.07174418 982 751 1119 981
face 0.07167755 1746 1904 1836 2069
face 0.07162157 949 2506 1117 2695
face 0.071593806 789 2324 1009 2568
face 0.0714594 1898 233 2014 395
face 0.07129298 253 796 677 1252
face 0.071198344 33 361 209 704
face 0.071184754 652 1952 919 2429
face 0.071161084 156 584 676 939
face 0.071147084 160 2330 408 2566
face 0.07111684 1139 1686 1298 1977
face 0.070994064 1234 478 1501 701
face 0.070957586 1833 1943 1927 2130
face 0.070934705 1924 2110 2020 2253
face 0.07083792 1325 369 1488 535
face 0.07083379 1826 1672 1937 1928
face 0.07077658 1894 588 1992 799
face 0.07072727 1903 2111 1991 2325
face 0.0707137 114 1551 265 1815
face 0.07066885 259 1297 406 1659
face 0.07064675 653 682 886 889
