face 0.99916434 270 210 523 599
face 0.11654611 14 114 700 836
face 0.1151841 385 359 515 546
face 0.10819802 676 184 757 347
face 0.10656209 636 659 726 870
face 0.08731965 671 490 761 655
face 0.085573815 695 522 744 642
face 0.08525245 637 179 726 348
face 0.08420198 -10 923 39 1005
face 0.08400865 429 213 536 400
face 0.0827998 695 577 747 673
face 0.08250024 622 734 709 938
face 0.082389385 611 879 807 1011
face 0.08027554 325 786 434 956
face 0.08017463 700 624 746 735
face 0.079595864 446 717 534 917
face 0.07899872 498 598 593 763
face 0.078681976 283 593 402 758
face 0.07729098 311 377 423 581
face 0.07725406 97 692 191 898
face 0.07708756 79 660 172 821
face 0.0768849 674 574 723 668
face 0.07642502 627 531 702 614
face 0.07620055 632 576 692 673
face 0.07619526 534 604 638 771
face 0.0758082 620 263 803 398
face 0.07534001 569 572 747 703
face 0.07447452 680 572 763 727
face 0.07421196 698 186 744 312
face 0.07262152 12 848 76 953
face 0.07194996 625 432 726 609
face 0.071764596 462 673 550 860
face 0.07160801 425 643 473 783
face 0.07155387 671 767 722 944
face 0.07143942 629 216 695 322
face 0.07092268 678 114 761 283
face 0.070743255 169 1 382 395
face 0.0706814 585 240 726 406
face 0.07064912 666 511 724 632
face 0.07044977 675 667 762 848
face 0.07042315 229 794 322 950
face 0.07029854 625 497 721 787
face 0.07006999 -73 876 116 1012
face 0.070002176 -33 889 55 1039
face 0.06984441 97 781 198 954
face 0.06933069 31 614 167 797
face 0.06922299 505 520 590 593
face 0.069082625 671 607 724 757
face 0.0690391 318 102 491 274
face 0.06893037 446 658 496 818
face 0.06892927 -8 892 38 966
face 0.06868616 677 744 762 924
face 0.06857509 670 144 723 301
face 0.06854297 697 -15 749 46
face 0.068509124 586 608 692 888
face 0.06828647 562 690 651 863
face 0.068232946 675 418 761 581
face 0.068135746 610 246 672 342
face 0.06802703 70 932 121 994
face 0.06801316 258 657 346 752
face 0.06792398 701 144 743 258
face 0.06784823 702 311 750 378
face 0.067834705 291 681 384 772
face 0.06781679 700 284 749 351
face 0.06779691 705 85 745 202
face 0.067658864 625 675 807 812
face 0.06764337 46 395 203 583
face 0.06743462 269 381 328 512
face 0.06722253 533 622 602 738
face 0.06720618 624 622 808 758
face 0.06708761 698 831 742 943
face 0.067041285 174 623 269 789
face 0.066989146 401 96 569 269
face 0.066885315 495 322 614 537
face 0.06666329 698 677 743 792
face 0.06659097 654 601 715 704
face 0.066545844 42 928 97 994
face 0.06644774 18 925 80 998
face 0.06643243 209 774 266 937
face 0.06623804 43 639 338 914
face 0.066068016 18 704 231 948
face 0.06601605 3 791 56 940
face 0.0658618 699 756 742 871
face 0.06577568 19 718 106 893
face 0.065733 595 673 650 808
face 0.06568963 702 337 749 405
face 0.065666676 700 446 744 558
face 0.06564676 697 256 748 329
