face 0.99998593 255 232 543 647
face 0.11423148 15 115 702 838
face 0.113595046 180 506 269 685
face 0.11222547 373 439 511 600
face 0.10783718 673 639 722 768
face 0.083225496 282 225 403 383
face 0.08268505 341 395 455 568
face 0.08213121 672 574 764 741
face 0.08153046 520 483 574 616
face 0.081012994 242 6 355 165
face 0.08085354 324 142 386 243
face 0.08044367 556 457 615 586
face 0.07911026 699 645 739 731
face 0.07868344 703 626 745 684
face 0.078030854 427 122 511 209
face 0.077426575 303 135 411 265
face 0.077105545 708 602 747 657
face 0.076126814 699 -13 746 43
face 0.07597798 533 563 598 680
face 0.07571122 538 467 593 583
face 0.07529557 578 447 633 593
face 0.07524456 409 99 492 185
face 0.074016534 421 301 536 453
face 0.07386248 702 570 738 654
face 0.07369149 404 389 533 558
face 0.073294885 675 645 763 813
face 0.07298163 675 584 720 693
face 0.071921475 -5 891 37 963
face 0.071577914 325 349 436 520
face 0.071571425 357 10 466 160
face 0.07154634 213 176 269 311
face 0.071537 496 496 589 678
face 0.07129332 232 157 289 285
face 0.07113108 442 140 536 285
face 0.070613526 641 606 727 800
face 0.070564345 5 862 96 948
face 0.07045765 677 9 762 181
face 0.07005601 348 224 471 381
face 0.0697666 699 854 745 960
face 0.06964305 231 445 283 603
face 0.06947159 267 235 341 355
face 0.06933776 678 318 762 488
face 0.06923942 621 623 805 757
face 0.06920063 699 687 740 783
face 0.068665765 315 107 393 182
face 0.068641126 692 8 743 74
face 0.06836188 375 102 453 182
face 0.06816861 621 566 711 722
face 0.0680315 276 418 402 600
face 0.06789063 -56 -89 171 242
face 0.06785327 -4 821 30 916
face 0.06762513 560 543 657 707
face 0.067621134 703 341 748 406
face 0.067381136 700 397 743 508
face 0.06727285 522 298 570 446
face 0.06723621 701 365 747 433
face 0.06716647 679 391 762 564
face 0.06714219 699 499 742 609
face 0.06706347 676 310 721 457
face 0.066983506 675 395 721 555
face 0.06698142 592 615 687 790
face 0.06696401 255 592 375 735
face 0.06684582 339 402 420 497
face 0.0668085 560 502 613 660
face 0.06676269 668 -61 763 104
face 0.06663704 192 609 277 689
face 0.06662037 274 102 362 183
face 0.06655163 681 467 763 626
face 0.066539824 679 161 762 327
face 0.06624235 24 925 89 997
face 0.06600007 495 160 558 273
face 0.0659686 673 24 721 171
face 0.06588167 205 488 269 618
face 0.065859444 701 278 742 382
face 0.06581479 288 140 348 239
face 0.06580077 468 147 547 233
face 0.06567218 703 234 750 301
face 0.065615766 621 673 804 809
face 0.06551521 2 895 70 962
face 0.06551121 107 211 290 686
face 0.06544139 206 762 280 841
face 0.06543711 -7 21 33 159
face 0.06539913 539 357 587 433
face 0.06533523 395 62 466 170
face 0.06526162 501 199 555 335
face 0.06521489 395 -82 611 264
face 0.06515157 296 128 381 200
face 0.065038964 573 604 648 694
face 0.064928 703 750 749 813
face 0.06486142 540 261 591 423
face 0.06486068 608 3 710 164
face 0.06478714 633 607 704 696
face 0.06478007 703 160 748 226
face 0.064729564 679 242 764 406
face 0.064704895 704 262 749 327
