face 0.999969 156 268 441 618
face 0.12363451 14 96 650 696
face 0.113686934 475 395 606 512
face 0.11199523 218 8 315 110
face 0.10453549 249 0 277 34
face 0.10415125 245 5 301 61
face 0.09731485 231 1 258 35
face 0.09280325 652 338 680 380
face 0.09246381 260 1 289 45
face 0.09071812 196 1 222 35
face 0.08892409 651 33 684 107
face 0.088642366 213 2 238 34
face 0.08774788 505 2 585 114
face 0.08755767 278 3 309 51
face 0.08739173 427 373 547 532
face 0.08711521 642 39 669 96
face 0.08605729 446 430 535 579
face 0.085914955 211 -46 299 74
face 0.08560768 490 -5 532 38
face 0.0853101 656 298 681 344
face 0.0852596 629 340 657 378
face 0.085021675 152 2 182 50
face 0.08467281 480 -1 526 66
face 0.084239155 516 0 547 43
face 0.08390575 218 9 276 60
face 0.08376167 616 42 651 100
face 0.08359712 507 2 553 73
face 0.08354915 651 353 682 396
face 0.083509 177 -3 213 32
face 0.08265041 587 5 667 130
face 0.08250807 179 6 281 103
face 0.08245509 155 -3 195 36
face 0.08239137 660 319 685 358
face 0.08208327 608 11 657 91
face 0.08181679 194 10 238 57
face 0.08157364 460 -7 509 38
face 0.08100638 278 0 334 69
face 0.080803856 650 367 686 433
face 0.08065555 431 5 481 73
face 0.080474295 623 293 708 416
face 0.08038644 185 626 294 756
face 0.08037179 271 -5 317 38
face 0.08023183 138 1 172 42
face 0.08020069 647 -5 679 55
face 0.07974787 439 1 471 50
face 0.079710945 173 2 200 46
face 0.07954428 29 -3 75 37
face 0.0794222 393 246 565 487
face 0.07923045 144 8 189 83
face 0.07918153 391 66 453 159
face 0.07907578 249 -43 335 75
face 0.07864581 566 231 664 351
face 0.07857749 125 -1 162 36
face 0.07842751 251 15 324 85
face 0.07832222 630 324 654 358
face 0.07826788 161 -45 248 77
face 0.07816712 377 -1 408 32
face 0.07806389 658 203 691 248
face 0.07805051 453 -4 488 49
face 0.077651784 662 72 695 118
face 0.077529974 172 -21 357 145
face 0.07746804 73 623 123 764
face 0.0774311 370 2 395 36
face 0.077365816 392 5 418 39
face 0.07716014 187 23 235 85
face 0.07707439 168 9 213 55
face 0.077073924 634 5 706 135
face 0.07705103 191 46 229 98
face 0.076976754 89 -45 177 75
face 0.07692349 123 35 281 163
face 0.07684427 627 26 666 82
face 0.07679672 627 246 711 371
face 0.07670735 508 369 652 521
face 0.07645552 660 247 691 289
face 0.07645391 14 -4 53 32
face 0.07645222 403 4 431 51
face 0.07643726 126 0 204 100
face 0.07641432 325 4 368 66
face 0.076343715 585 17 643 84
face 0.07625484 479 445 540 544
face 0.0761353 424 3 452 50
face 0.076037176 658 95 693 142
face 0.07598761 109 483 189 633
face 0.07583309 197 39 261 98
face 0.07562413 457 -46 543 74
face 0.0752749 355 1 381 36
face 0.07513787 653 248 681 306
face 0.07509497 657 270 689 311
face 0.07486864 597 42 637 99
face 0.07475216 456 492 554 635
face 0.07466919 334 -2 365 39
face 0.07463926 439 18 515 225
face 0.07449274 289 1 373 111
face 0.07440911 448 70 499 163
face 0.07433451 657 160 684 222
face 0.074327454 142 70 197 141
face 0.07427815 427 30 478 129
face 0.074272856 410 -2 446 34
face 0.07422951 418 70 476 163
face 0.07418317 497 65 612 239
face 0.07403052 302 -1 350 81
face 0.07393438 0 256 55 371
face 0.073919594 556 1 637 106
face 0.07390329 623 289 654 331
face 0.07388122 662 183 692 225
face 0.0738409 633 54 665 139
face 0.07378723 461 63 563 227
face 0.07376124 39 653 124 798
face 0.073679514 123 8 171 56
face 0.07364001 11 0 43 50
face 0.073564924 147 40 189 118
face 0.07354852 547 297 641 364
face 0.07337177 344 57 415 128
face 0.07335773 305 -8 355 39
