face 0.99997604 441 689 1114 1629
face 0.11925411 39 266 1584 1866
face 0.11734639 1240 -11 1478 291
face 0.112594694 257 1390 316 1484
face 0.10789176 1296 -2 1487 177
face 0.1069286 234 1393 322 1567
face 0.09021577 281 1396 336 1517
face 0.08948094 261 1365 319 1441
face 0.08747506 1202 -6 1271 133
face 0.08539109 262 1488 345 1654
face 0.08482384 1232 9 1356 205
face 0.08443845 1237 -17 1350 104
face 0.08245957 1158 -7 1328 312
face 0.08239487 1259 -31 1392 149
face 0.08238723 214 1380 286 1539
face 0.081980176 1216 25 1309 158
face 0.081647426 1192 5 1287 217
face 0.080512546 1552 2071 1692 2250
face 0.08045058 977 94 1389 436
face 0.079960294 237 1354 297 1440
face 0.07975676 316 1514 390 1664
face 0.07975162 1163 -2 1232 102
face 0.07848741 1356 -36 1505 115
face 0.078339435 1583 -28 1670 116
face 0.07767104 322 1459 394 1609
face 0.07762736 325 1408 399 1554
face 0.07754345 264 1314 324 1388
face 0.07727542 276 1345 340 1436
face 0.077057436 1401 1822 1602 2172
face 0.07691912 291 1326 363 1412
face 0.07683347 1199 106 1283 272
face 0.0768044 185 1284 369 1621
face 0.076708175 1150 105 1238 283
face 0.0765721 1084 25 1269 357
face 0.07629277 -28 1913 86 2152
face 0.076285034 261 1284 330 1358
face 0.07608518 2 1856 134 2170
face 0.07585705 256 1353 439 1703
face 0.07579368 1577 1806 1680 1944
face 0.07571957 21 1810 334 2158
face 0.07532661 21 1324 280 1742
face 0.075306036 1553 2015 1680 2174
face 0.07516379 1373 6 1498 273
face 0.07509599 324 1614 414 1911
face 0.07509382 146 -63 1058 366
face 0.074805535 169 1366 246 1543
face 0.07471218 1242 1789 1420 2160
face 0.07464904 1142 9 1242 185
face 0.074516155 318 1540 396 1771
face 0.07447972 1113 -13 1213 96
face 0.07419459 443 1525 555 1772
face 0.07405964 393 1478 530 1701
face 0.07396308 403 1430 575 1615
face 0.07385339 1164 1734 1285 2040
face 0.07381565 849 742 1115 1127
face 0.0735797 1524 -20 1628 98
face 0.07355313 276 1774 368 2083
face 0.073542416 1043 1638 1160 1917
face 0.073449396 598 1617 834 2005
face 0.07334294 341 1376 400 1479
face 0.07326779 1563 23 1670 160
face 0.07297187 442 1021 688 1447
face 0.072827734 1421 -31 1547 99
face 0.07247384 283 1291 357 1381
face 0.07246906 1431 1812 1555 2076
face 0.07246631 1573 1969 1685 2123
face 0.07236547 372 1506 462 1679
face 0.07219725 1485 -34 1584 160
face 0.072158344 1075 0 1200 193
face 0.072148204 1578 1857 1681 2000
face 0.071945965 1288 1881 1380 2094
face 0.07183903 279 1514 360 1734
face 0.07176638 170 1770 294 2088
face 0.07169257 298 1920 442 2152
face 0.07160898 357 1640 458 1926
face 0.07153887 998 1475 1115 1718
face 0.071517296 1226 79 1338 276
face 0.07149537 28 1262 101 1428
face 0.07146998 -20 2025 99 2169
face 0.07117136 1584 1916 1686 2059
face 0.07113212 1389 1853 1522 2120
face 0.07099966 224 1449 326 1654
face 0.07095605 1509 1909 1624 2184
face 0.07085669 351 1246 467 1375
face 0.07080911 209 1855 338 2118
face 0.0707573 1586 1754 1685 1887
face 0.07074601 1028 1574 1175 1721
face 0.07058693 1156 34 1508 457
face 0.07054211 1084 1650 1207 1921
face 0.07036583 1588 1122 1678 1247
face 0.07028523 339 1330 412 1433
face 0.07027805 1430 -119 1636 234
face 0.07020107 1082 85 1200 307
face 0.070193864 1072 -132 1279 214
