face 0.99999607 343 167 902 971
face 0.12126178 394 497 650 867
face 0.11740023 54 252 1572 1896
face 0.1157117 551 1107 645 1266
face 0.11060007 414 946 572 1086
face 0.09175111 386 996 597 1381
face 0.09077216 408 889 583 1033
face 0.089940585 515 1095 613 1261
face 0.08859733 309 1236 522 1607
face 0.088352285 710 385 956 807
face 0.08823276 571 1146 671 1337
face 0.08797466 394 955 524 1148
face 0.087886274 456 1016 561 1130
face 0.08690186 307 769 412 934
face 0.086257406 439 1018 575 1209
face 0.08607236 454 1028 657 1336
face 0.0857888 483 1056 597 1300
face 0.08533647 342 218 570 597
face 0.08457831 347 302 481 574
face 0.08418124 777 -18 920 105
face 0.08375265 563 1072 653 1190
face 0.08371265 731 1457 876 1701
face 0.08344982 377 1157 588 1553
face 0.082434535 615 1182 704 1345
face 0.082315475 494 1034 587 1184
face 0.08152325 728 1371 877 1572
face 0.08114623 285 819 388 981
face 0.08031663 604 1087 723 1275
face 0.080162674 723 1337 789 1434
face 0.07988754 828 358 1018 760
face 0.07972324 1069 12 1279 174
face 0.07970643 301 869 430 1014
face 0.07952892 684 1218 757 1342
face 0.0789185 506 1149 638 1310
face 0.078717604 911 405 1096 786
face 0.077568114 882 632 985 886
face 0.077339455 359 917 572 1193
face 0.07726068 701 1309 759 1420
face 0.07722102 329 344 447 514
face 0.077176325 74 890 138 1015
face 0.07686155 236 825 334 980
face 0.0765747 760 1338 829 1434
face 0.07656451 250 800 337 903
face 0.07629643 752 12 933 162
face 0.076189056 114 979 162 1058
face 0.07618174 1007 298 1099 481
face 0.07592557 80 803 138 901
face 0.07552149 149 796 255 901
face 0.07546514 71 953 131 1069
face 0.07539142 349 1114 477 1417
face 0.07533138 123 806 201 892
face 0.075310715 -10 783 50 955
face 0.07519457 112 832 188 950
face 0.07500129 626 1248 700 1398
face 0.07498515 240 746 324 839
face 0.07470853 83 835 147 954
face 0.07469299 758 1307 840 1401
face 0.074329585 724 1307 793 1392
face 0.0742303 176 827 283 967
face 0.07421981 44 798 100 939
face 0.07396197 318 1597 399 1798
face 0.07374907 804 1322 881 1434
face 0.07352819 433 1097 562 1396
face 0.07343755 575 1279 926 1618
face 0.07335091 375 820 630 1100
face 0.07329869 557 1063 763 1398
face 0.07327013 268 1559 370 1803
face 0.07322419 729 -16 846 91
face 0.073111326 478 1157 602 1412
face 0.0729403 534 1068 599 1176
face 0.07288726 286 1131 376 1382
face 0.07280578 175 748 284 872
face 0.07272451 115 922 174 1037
face 0.07268985 509 1023 598 1124
face 0.07258993 147 831 241 960
face 0.07256287 350 884 487 1016
face 0.072494514 35 698 101 838
face 0.07228146 319 221 437 558
face 0.07204496 516 1489 656 1682
face 0.07192899 690 1518 831 1733
face 0.07189388 9 454 116 744
face 0.07185693 121 776 184 857
face 0.07182307 75 512 159 667
face 0.07177482 318 1118 427 1387
face 0.071735665 258 1112 337 1265
face 0.071675144 427 425 557 715
face 0.07166361 418 1578 582 1715
face 0.07164391 376 921 495 1071
face 0.07159377 891 57 1060 223
face 0.0715534 1002 320 1105 648
face 0.07150576 84 1521 490 1833
face 0.07145697 955 386 1057 713
face 0.071372434 966 895 1071 1010
face 0.07135209 157 984 212 1069
face 0.07127713 699 1276 769 1357
face 0.071201816 911 534 1030 846
face 0.07115532 161 1130 488 1527
face 0.07096751 1588 1561 1691 1715
face 0.07096334 318 692 417 885
face 0.070909984 166 1007 216 1104
face 0.07086803 190 1339 288 1608
face 0.070709944 84 784 136 860
face 0.070576936 699 1408 838 1627
face 0.07057282 23 7 207 185
face 0.0705575 129 756 203 835
