face 0.9999349 231 157 579 663
face 0.45222417 691 922 750 996
face 0.1140992 229 588 327 778
face 0.10931364 690 854 748 962
face 0.10201768 -8 -15 32 62
face 0.10081309 649 347 723 547
face 0.08114696 558 396 646 579
face 0.0803427 673 547 726 701
face 0.079630926 -35 -62 47 108
face 0.07952746 673 306 721 497
face 0.0793876 -27 1 50 182
face 0.07899976 669 838 726 962
face 0.078902304 15 -62 98 189
face 0.0788332 680 520 763 704
face 0.078684635 82 -4 122 52
face 0.07696775 108 -41 275 455
face 0.07691194 7 -20 48 87
face 0.07641338 695 592 746 712
face 0.07627646 26 -23 204 417
face 0.07562178 358 393 478 575
face 0.07547007 194 476 252 601
face 0.07491291 454 -14 532 51
face 0.07488475 589 -82 683 144
face 0.074638344 575 466 634 578
face 0.07457695 414 440 549 605
face 0.07457687 658 289 709 457
face 0.074415274 699 260 745 394
face 0.07434838 155 497 252 679
face 0.073927104 655 602 711 745
face 0.07344373 74 1 128 90
face 0.07329433 701 656 742 763
face 0.072822265 -9 1 35 138
face 0.072765425 596 477 654 620
face 0.07273397 42 600 163 790
face 0.07257385 597 585 655 662
face 0.07248733 103 -2 191 198
face 0.07231546 675 592 763 763
face 0.072217524 634 562 696 680
face 0.072161235 616 -35 809 92
face 0.07167589 367 169 485 342
face 0.07157305 543 791 661 948
face 0.07150767 697 750 745 868
face 0.07141448 -4 509 21 600
face 0.07115423 473 94 625 267
face 0.071147874 675 635 721 775
face 0.07085275 699 311 744 446
face 0.07069532 -10 916 37 1012
face 0.070692584 -84 95 166 401
face 0.070545465 702 492 746 614
face 0.07006704 680 407 763 584
face 0.06993106 65 -11 108 72
face 0.06944574 654 523 713 677
face 0.06939865 124 928 185 996
face 0.06900521 -7 197 256 506
face 0.0689731 -5 748 35 862
face 0.0688296 487 644 602 823
face 0.06872116 460 0 554 74
face 0.06854538 681 238 762 417
face 0.0684885 654 921 723 999
face 0.068488345 45 346 88 500
face 0.06830417 576 573 632 675
face 0.068279825 409 192 514 361
face 0.06825441 -1 922 67 999
face 0.06823567 353 138 461 285
face 0.06820882 68 192 154 391
face 0.06819092 696 820 751 895
face 0.06801043 -50 34 86 215
face 0.06797797 55 5 330 318
face 0.06782313 -3 818 37 893
face 0.06774688 675 777 762 949
face 0.06772789 7 93 53 298
face 0.06767994 698 -14 750 46
face 0.067667164 700 437 744 558
face 0.06763205 -6 547 24 655
face 0.06744999 -50 142 86 317
face 0.06742822 195 413 277 592
face 0.06736184 625 266 804 402
face 0.0673273 -77 368 104 505
face 0.067287214 -11 855 36 956
face 0.06726103 28 267 68 417
face 0.067217916 592 382 685 566
face 0.06720718 627 417 809 555
face 0.06714037 555 486 619 609
face 0.06707487 461 331 548 415
face 0.0669776 698 562 752 641
