face 0.9999206 608 499 1139 1171
face 0.11729399 37 268 1595 1890
face 0.11698263 926 561 1159 944
face 0.11550675 615 690 728 982
face 0.11072284 866 668 1129 1073
face 0.09151609 482 1264 559 1350
face 0.08950288 760 1144 1009 1446
face 0.08896438 874 475 1140 815
face 0.088918984 503 1243 571 1318
face 0.08842692 146 439 730 1139
face 0.08690325 564 760 673 988
face 0.08623086 531 602 732 976
face 0.08622023 473 1254 535 1325
face 0.08506177 1155 1560 1381 1727
face 0.083600976 254 1790 495 2074
face 0.083584316 1569 1929 1670 2152
face 0.082950756 1584 1774 1667 1992
face 0.08275752 1526 1730 1618 2022
face 0.082230136 1594 1748 1679 1880
face 0.08188982 1073 882 1192 1161
face 0.08095799 500 1281 578 1388
face 0.079567224 879 1695 1043 1829
face 0.07936517 586 843 754 1022
face 0.07907731 1577 1657 1665 1873
face 0.07869154 473 1227 541 1298
face 0.07776496 1578 1849 1663 2069
face 0.07772154 506 1214 586 1293
face 0.076563075 306 1901 522 2097
face 0.076381184 702 523 972 843
face 0.07623844 1597 1864 1685 2000
face 0.07623533 475 1282 542 1385
face 0.07621205 445 1861 639 2026
face 0.07612052 590 1070 745 1290
face 0.07545587 299 1834 438 2045
face 0.07487453 403 1765 666 2049
face 0.0745344 979 1213 1069 1391
face 0.07432462 287 1649 448 1840
face 0.07401122 395 1798 581 1964
face 0.07374924 890 1175 1025 1410
face 0.07368901 428 1178 663 1445
face 0.07330195 181 597 631 983
face 0.07310435 579 719 677 895
face 0.07266524 351 1615 556 1780
face 0.072440535 1038 985 1180 1231
face 0.07233369 1527 1607 1621 1899
face 0.07216292 1167 1185 1285 1413
face 0.072010666 920 1435 1108 1606
face 0.071782194 1577 -30 1681 98
face 0.07134581 1222 1510 1401 1662
face 0.071269676 1209 1306 1336 1521
face 0.071196586 523 586 662 734
face 0.071180575 1095 527 1293 929
face 0.071111396 -4 1872 144 2163
face 0.07094188 457 615 563 724
face 0.070924126 528 647 631 795
face 0.07069014 505 1143 592 1236
face 0.0706892 754 1216 960 1387
face 0.07043695 355 1537 598 2059
face 0.07041438 192 -5 695 889
face 0.07033041 572 629 673 827
face 0.07026164 779 473 995 658
face 0.070245154 1125 648 1248 1006
face 0.07004772 522 1265 632 1384
face 0.06998193 388 1895 606 2093
face 0.069918826 1137 1155 1237 1345
face 0.06978527 1092 484 1208 755
face 0.06977793 742 1015 1019 1343
face 0.069651835 958 1377 1150 1553
face 0.06951984 455 1183 525 1262
face 0.0695088 106 1458 325 1808
face 0.06939681 -18 -25 67 83
face 0.069293655 -7 1742 211 2144
face 0.0692437 1157 1321 1300 1493
face 0.06919093 1127 1062 1238 1285
face 0.06918988 1212 1464 1357 1601
face 0.069145635 1588 1635 1678 1768
face 0.068821475 26 -23 113 81
face 0.06875912 788 1695 959 1833
face 0.06861663 77 947 542 1230
face 0.06856418 -20 79 61 348
face 0.06838593 1019 528 1157 861
face 0.06796003 781 1316 986 1489
face 0.067822 1093 1078 1193 1298
face 0.067764275 976 1360 1211 1666
face 0.067649476 458 1593 610 1778
face 0.06753968 565 1017 951 1374
face 0.067432046 617 638 857 1007
face 0.06741075 649 1564 859 1727
face 0.06725303 7 36 121 397
face 0.06716035 -21 1997 89 2179
face 0.067151025 1041 744 1225 1195
face 0.06711493 256 1593 499 1885
face 0.06704013 1525 1846 1623 2111
face 0.066971436 917 1726 1020 1855
face 0.06696318 249 1782 422 1966
face 0.06694126 368 495 974 1123
face 0.06684604 836 767 1024 1000
face 0.06677606 1005 1164 1108 1351
face 0.06674083 828 1637 1093 1904
face 0.06669566 90 1385 306 1561
face 0.066651285 157 1360 305 1498
face 0.066640526 905 1587 1059 1711
face 0.06653171 624 1026 826 1212
face 0.06646729 185 1669 288 1952
face 0.0664628 624 493 852 834
face 0.06645957 916 1063 1108 1426
