face 0.99757296 677 269 879 546
face 0.12939227 30 166 967 1148
face 0.12381332 127 327 158 371
face 0.12149782 140 312 172 358
face 0.11349399 -3 209 139 384
face 0.11203801 131 297 160 339
face 0.10796623 132 316 177 379
face 0.10784071 151 281 182 323
face 0.10696098 66 266 118 328
face 0.10385717 609 584 687 779
face 0.103656076 162 288 193 329
face 0.10358991 88 314 151 392
face 0.098222874 562 439 684 620
face 0.09674841 132 2 198 111
face 0.095222935 123 335 165 399
face 0.09465241 154 310 182 356
face 0.09438461 139 -5 188 67
face 0.092979655 700 580 823 800
face 0.09213256 91 298 145 360
face 0.09162346 449 887 508 1068
face 0.09110249 130 256 159 298
face 0.09069858 170 277 212 327
face 0.0905922 124 0 161 78
face 0.090262555 98 289 135 335
face 0.08973371 125 267 154 316
face 0.08946785 163 263 191 302
face 0.08901942 581 565 699 859
face 0.08865538 609 481 697 581
face 0.08841024 148 248 176 287
face 0.088169806 83 249 199 418
face 0.087971285 161 -4 212 71
face 0.087455824 115 -3 172 129
face 0.08729929 37 209 85 296
face 0.087289825 47 8 116 111
face 0.08714788 119 160 167 230
face 0.08642819 49 -9 169 179
face 0.08614392 126 204 159 253
face 0.086009555 432 63 500 184
face 0.08558091 154 233 184 283
face 0.08480112 124 220 156 273
face 0.08465548 68 4 109 64
face 0.08461992 169 247 202 288
face 0.08432501 42 287 179 474
face 0.08401922 77 -3 124 53
face 0.08393148 146 160 192 228
face 0.08364018 182 262 250 328
face 0.08338451 47 -4 101 55
face 0.08307895 156 212 187 258
face 0.08294644 67 313 128 397
face 0.08290246 512 309 671 562
face 0.08277435 571 629 642 831
face 0.0824397 522 652 634 873
face 0.081996955 178 257 215 304
face 0.08194713 56 241 102 295
face 0.081829906 446 838 554 1092
face 0.08168985 140 200 173 247
face 0.081619374 101 1 137 59
face 0.08158818 95 15 197 208
face 0.08126912 63 211 102 271
face 0.08112659 140 336 190 413
face 0.081110165 97 226 130 278
face 0.08105392 18 -77 143 137
face 0.08094929 -7 132 118 333
face 0.08093507 88 7 144 104
face 0.08083535 102 208 136 257
face 0.0807556 621 948 690 1117
face 0.08059566 854 713 915 889
face 0.08033214 634 485 744 575
face 0.08025818 591 554 665 738
face 0.080202006 155 14 289 211
face 0.07990655 96 287 232 483
face 0.079806 872 698 946 909
face 0.07979446 134 49 203 183
face 0.079595745 83 11 505 512
face 0.079581685 169 307 212 362
face 0.079436965 636 590 717 769
face 0.07934001 593 640 672 809
face 0.07929587 87 338 142 433
face 0.079199925 598 1017 759 1292
face 0.07909874 156 0 223 134
face 0.07893449 0 -9 51 52
face 0.07888957 519 148 574 224
face 0.07872666 96 254 126 292
face 0.0787121 374 513 512 743
face 0.07865945 506 453 637 663
face 0.07858818 299 240 427 354
face 0.07831214 164 202 200 248
face 0.0782704 477 96 522 174
face 0.07788857 931 -21 988 68
face 0.07787699 409 19 527 224
face 0.07773925 29 -6 81 52
face 0.07768569 16 184 76 287
face 0.07762233 79 377 146 473
face 0.07761821 22 237 70 323
face 0.0773939 39 278 85 349
face 0.07731074 101 161 146 230
face 0.077193506 433 943 508 1121
face 0.077106185 332 168 409 276
face 0.07695539 370 259 518 464
face 0.07678344 564 912 645 1102
face 0.076663844 59 87 175 274
face 0.07659375 624 536 690 680
face 0.0765784 18 1 61 82
face 0.07644246 313 200 426 313
face 0.07644237 804 1043 958 1242
face 0.076434344 54 325 125 446
face 0.07636678 84 -19 340 262
face 0.07636154 181 243 224 289
face 0.07636042 498 119 545 190
face 0.0763244 192 242 243 308
