face 0.37637278 665 394 832 662
face 0.12963799 639 356 866 800
face 0.12740885 550 691 629 945
face 0.12503822 97 180 125 241
face 0.123811685 91 164 119 226
face 0.122331925 867 1412 915 1503
face 0.118248075 106 188 134 254
face 0.10767452 103 165 135 228
face 0.10701665 88 188 116 265
face 0.10615483 66 172 94 237
face 0.10504875 846 554 985 811
face 0.1043313 853 1179 906 1276
face 0.104030736 54 178 82 256
face 0.10398776 74 124 109 186
face 0.10003141 947 1392 983 1557
face 0.09843732 850 1415 890 1507
face 0.0976324 47 170 75 237
face 0.09759312 124 187 154 251
face 0.097457275 95 146 133 208
face 0.09691726 713 31 769 134
face 0.09623505 971 1253 1005 1353
face 0.09407172 133 189 166 259
face 0.092857204 390 1462 422 1536
face 0.09239294 715 15 751 91
face 0.092265286 63 146 95 206
face 0.092215955 855 721 918 856
face 0.09205047 149 164 191 237
face 0.09198016 742 11 777 82
face 0.091898195 124 155 166 227
face 0.09173338 866 1441 922 1544
face 0.09092505 34 181 63 260
face 0.090775624 722 2 767 80
face 0.090528384 87 225 121 298
face 0.08977785 670 524 858 954
face 0.089760594 368 1454 401 1535
face 0.08942047 750 1 792 74
face 0.0892583 331 1453 368 1540
face 0.08921506 735 22 768 106
face 0.089200646 329 1413 364 1516
face 0.08868023 345 1446 379 1534
face 0.08859353 471 684 543 887
face 0.088545755 946 1224 975 1314
face 0.088443674 950 1259 976 1339
face 0.08836924 287 594 432 859
face 0.08793876 158 193 192 260
face 0.087863095 745 37 796 128
face 0.08784412 370 1419 400 1502
face 0.08778511 575 165 746 578
face 0.08767317 681 13 720 118
face 0.087166704 953 1331 983 1449
face 0.08709607 103 220 137 292
face 0.08695003 616 74 660 273
face 0.08691968 885 732 945 853
face 0.086897954 982 1310 1021 1400
face 0.08688861 911 1412 950 1531
face 0.086814225 860 1373 906 1460
face 0.086702265 966 1214 1003 1321
face 0.086503506 14 165 45 243
face 0.08642294 841 1441 884 1537
face 0.08619739 615 204 651 361
face 0.08618571 963 1328 1000 1455
face 0.086181276 849 657 975 916
face 0.08615751 610 15 660 158
face 0.0859756 227 44 262 122
face 0.08588132 856 1451 905 1572
face 0.08585044 870 578 970 730
face 0.08580095 834 1246 882 1336
face 0.085534826 370 1495 401 1577
face 0.08529621 958 1403 1003 1570
face 0.08520217 880 1339 921 1427
face 0.08519615 945 1488 982 1665
face 0.085141145 977 211 1010 307
face 0.08509858 28 214 58 298
face 0.08504366 309 892 443 1196
face 0.084912315 986 190 1021 279
face 0.0848972 813 1247 860 1339
face 0.08486504 879 1374 919 1466
face 0.08472362 361 842 485 1149
face 0.08471491 630 216 812 611
face 0.084676266 323 717 399 863
face 0.08466728 226 16 263 90
face 0.0846607 856 1269 903 1373
face 0.084634036 612 682 826 1041
face 0.08451132 594 305 735 804
face 0.08446894 699 58 772 193
face 0.08422518 960 1502 1003 1663
face 0.08418189 2 169 34 269
face 0.08415356 39 140 72 209
face 0.084104784 369 641 506 919
face 0.08408945 381 1421 412 1500
face 0.084058896 967 1041 1013 1166
face 0.08400311 890 1440 939 1544
face 0.08399959 7 88 136 358
face 0.08390472 767 2 811 75
face 0.08388761 79 247 114 335
face 0.083886564 330 663 386 784
face 0.08385932 958 1599 1003 1765
face 0.08383549 48 262 85 355
face 0.08381742 824 672 907 819
face 0.08369593 931 881 982 1029
face 0.08369347 697 -1 743 80
face 0.08345409 847 1207 890 1293
face 0.0834084 150 1089 292 1335
face 0.083198406 328 1389 362 1458
face 0.08316088 55 118 90 184
face 0.08314699 232 -1 277 76
face 0.0831177 777 21 817 91
face 0.08310965 976 127 1015 231
face 0.0831022 959 837 1009 980
face 0.08308908 257 14 292 90
face 0.08308095 846 1517 912 1652
face 0.08306567 121 610 339 919
face 0.08304345 120 780 279 1049
face 0.08300864 770 37 828 133
face 0.08298431 54 240 90 317
face 0.08294029 975 1503 1020 1612
face 0.08288036 922 1209 958 1311
face 0.08286237 863 681 944 808
face 0.082836755 876 1199 920 1296
face 0.08281252 863 1246 918 1346
face 0.08277866 973 1363 1018 1463
face 0.08270385 181 944 238 1048
face 0.08263569 843 1179 886 1256
face 0.08245141 818 1433 946 1737
