face 0.99942786 7 1038 521 1796
face 0.22751284 742 897 1133 1604
face 0.18035081 757 816 1031 1306
face 0.13192908 563 886 996 1711
face 0.13152096 816 843 1191 1202
face 0.12963219 1066 392 1383 827
face 0.128927 828 1168 1182 1622
face 0.1158901 672 701 996 1130
face 0.11520516 978 910 1235 1453
face 0.106310405 1194 327 1440 739
face 0.10473057 1006 651 1204 1339
face 0.10196352 803 975 1201 1358
face 0.09939664 988 465 1258 995
face 0.0986217 688 972 1274 2000
face 0.09831101 905 696 1139 1332
face 0.09357722 955 629 1079 942
face 0.08870937 862 951 1043 1176
face 0.08639975 841 708 1217 1074
face 0.08527776 695 620 1258 1374
face 0.0845912 924 508 1116 890
face 0.08430992 1083 294 1204 572
face 0.083887175 732 2094 841 2482
face 0.08372154 787 1436 1459 2134
face 0.08359272 712 1798 909 2263
face 0.08328179 1102 960 1330 1300
face 0.08290428 806 537 1122 997
face 0.08242411 1196 1774 1426 2165
face 0.0821693 495 1596 613 1913
face 0.081706636 853 424 1042 847
face 0.08164388 688 904 833 1145
face 0.08055385 1120 1170 1324 1365
face 0.07950781 629 1910 793 2347
face 0.07939854 480 1731 610 2012
face 0.078738086 1407 778 1485 954
face 0.078236826 1034 551 1160 846
face 0.07818753 1147 540 1488 923
face 0.07789422 1001 158 1114 541
face 0.0772978 1047 143 1233 564
face 0.07727235 1017 837 1381 1209
face 0.07699967 1208 864 1442 1229
face 0.07663261 1288 1001 1437 1268
face 0.07619899 738 957 926 1180
face 0.07605257 993 711 1112 956
face 0.07546112 1083 1780 1304 2407
face 0.0753531 892 1126 1293 1495
face 0.07527888 658 1040 1023 1529
face 0.074977174 1403 841 1479 1051
face 0.07486659 693 2147 807 2455
face 0.07485099 701 289 1312 1097
face 0.074649096 659 1992 766 2268
face 0.074484214 1074 1176 1232 1352
face 0.074313454 535 1484 753 1870
