face 0.9991252 446 213 564 369
face 0.99239326 192 204 310 357
face 0.12995835 15 119 709 836
face 0.12287044 333 337 379 422
face 0.12152681 661 325 703 379
face 0.118921824 292 291 383 435
face 0.10891385 681 388 714 499
face 0.10727279 677 733 758 896
face 0.099608 678 355 715 449
face 0.09718055 700 758 745 871
face 0.09708932 42 261 92 321
face 0.09676699 699 834 744 941
face 0.09527639 451 387 533 562
face 0.094546825 624 346 667 396
face 0.09443435 91 342 131 402
face 0.094051786 675 324 714 395
face 0.093523785 643 332 691 405
face 0.09285698 374 17 404 72
face 0.09202198 660 760 709 853
face 0.091948025 520 24 547 74
face 0.09192477 644 334 683 372
face 0.09136646 525 0 550 36
face 0.09096857 367 43 391 89
face 0.0908739 518 8 541 47
face 0.09050948 465 18 501 79
face 0.09017386 699 337 737 413
face 0.09011558 702 511 737 612
face 0.09007332 84 281 181 435
face 0.089719124 701 392 736 482
face 0.089644246 683 393 761 558
face 0.08964355 86 376 129 476
face 0.0896182 423 23 454 75
face 0.089393534 698 321 738 375
face 0.08931934 254 710 348 899
face 0.08917272 704 430 737 518
face 0.08905978 64 380 101 474
face 0.088952094 435 19 470 68
face 0.088806584 708 746 746 818
face 0.088648915 665 408 704 539
face 0.088366635 705 552 741 661
face 0.088061705 382 44 405 88
face 0.08793352 66 319 106 392
face 0.08748958 70 350 107 409
face 0.087485015 663 352 707 426
face 0.087429516 380 5 404 48
face 0.0871824 286 293 345 392
face 0.086769894 52 360 126 530
face 0.08654273 407 21 438 67
face 0.08636837 472 5 500 50
face 0.086366974 348 -7 435 142
face 0.08634741 0 -8 32 63
face 0.086181134 56 395 86 491
face 0.08605503 480 -2 512 38
face 0.08603404 447 12 490 78
face 0.086032726 38 250 80 297
face 0.08602692 61 615 100 747
face 0.08581057 58 256 105 332
face 0.08552168 569 336 638 401
face 0.08540923 688 525 763 694
face 0.08515534 427 9 452 51
face 0.08466212 61 321 149 471
face 0.084423654 57 678 100 793
face 0.084257364 430 -1 460 38
face 0.08412366 618 306 713 423
face 0.08405766 406 -2 436 36
face 0.083888434 640 261 724 400
face 0.08379963 683 537 716 670
face 0.083648145 708 396 744 454
face 0.08364219 514 36 543 100
face 0.08359516 450 353 496 462
face 0.08352174 675 806 759 961
face 0.08337405 717 474 747 526
face 0.08323555 616 357 667 441
face 0.08308456 673 311 706 366
face 0.08307646 397 9 424 60
face 0.08304043 371 -2 400 37
face 0.08286871 362 6 390 61
face 0.08282565 646 371 716 531
face 0.08271203 705 362 741 428
face 0.08264231 102 325 143 376
face 0.08255743 690 502 718 610
face 0.08240334 498 23 527 73
face 0.08234844 592 323 689 458
face 0.08233661 6 322 42 377
face 0.08230918 417 290 450 372
face 0.082060784 502 6 526 44
face 0.081989616 534 -2 635 162
face 0.08179947 704 467 735 552
face 0.081748255 359 21 394 84
face 0.08161227 708 544 744 606
face 0.08154708 673 298 761 439
face 0.08154405 259 214 354 378
face 0.08152961 442 40 474 91
face 0.081483975 57 356 96 439
face 0.081464104 312 366 371 455
face 0.08140808 687 449 716 552
face 0.08138767 399 302 425 350
face 0.08117764 5 5 60 84
face 0.08116965 414 279 434 314
face 0.08110332 402 -8 496 147
face 0.08105944 39 275 127 427
face 0.08099084 497 348 556 447
