face 0.99998796 517 576 1125 1408
face 0.21250607 -9 10 454 280
face 0.1216832 38 267 1583 1872
face 0.119484134 901 1582 1034 1826
face 0.11589882 7 1474 177 1612
face 0.1118385 881 1407 964 1632
face 0.104231305 857 1423 933 1615
face 0.09657491 912 1438 1020 1662
face 0.09318227 868 1353 1061 1703
face 0.09299505 807 1361 969 1698
face 0.090116754 921 1512 1028 1734
face 0.089484245 1586 1 1653 129
face 0.08891721 1313 1953 1503 2115
face 0.087718114 489 59 995 296
face 0.08764377 1595 -22 1685 86
face 0.086705714 1350 130 1625 389
face 0.08593073 559 18 795 165
face 0.08524455 807 59 1054 216
face 0.083980255 804 1476 895 1666
face 0.08379226 1152 -16 1324 109
face 0.08341282 817 1519 1012 1862
face 0.08326102 957 1458 1052 1663
face 0.0829911 1577 2024 1663 2169
face 0.08285904 556 155 801 327
face 0.082605004 580 -27 772 119
face 0.082072854 947 1514 1134 1874
face 0.08195576 625 119 874 281
face 0.08170628 1323 1879 1500 2034
face 0.08132458 951 182 1173 328
face 0.08130186 17 1435 167 1560
face 0.080815226 1123 31 1343 160
face 0.08041661 1148 70 1411 218
face 0.07962666 1440 34 1594 161
face 0.0795816 18 1527 209 1715
face 0.0795487 -3 53 248 234
face 0.07891203 63 1390 160 1531
face 0.07883204 867 1510 942 1641
face 0.07837825 855 1936 973 2140
face 0.078172095 1578 1923 1659 2094
face 0.07803175 514 61 758 217
face 0.077917755 5 1122 281 1573
face 0.07785081 762 115 1014 273
face 0.077761546 743 1405 921 1745
face 0.07770104 710 1854 907 2002
face 0.07742376 679 33 897 160
face 0.077366814 667 71 913 218
face 0.07713975 1539 -9 1624 83
face 0.076981366 768 1949 932 2127
face 0.076918446 1480 -11 1596 98
face 0.0767319 852 1516 943 1759
face 0.07662799 846 16 1105 170
face 0.07639249 1513 1967 1613 2128
face 0.076271385 1203 180 1439 332
face 0.07618785 85 988 374 1416
face 0.07614231 989 127 1223 277
face 0.07605823 23 1474 118 1584
face 0.07605202 1089 1375 1188 1679
face 0.075753756 962 1355 1073 1622
face 0.07566587 -14 -25 104 101
face 0.075639255 1161 132 1400 273
face 0.07559415 817 167 1057 329
face 0.075555936 17 1381 107 1524
face 0.07545027 213 -38 417 128
face 0.07530468 1039 1759 1155 1979
face 0.075262286 1578 48 1656 192
face 0.07519902 1343 -28 1540 122
face 0.07506062 823 1457 906 1593
face 0.07498957 1352 2027 1485 2160
face 0.074604794 1574 2085 1681 2229
face 0.07459449 1027 24 1252 161
face 0.074589156 1017 1492 1106 1722
face 0.074550495 1399 232 1592 393
face 0.074464746 874 1583 960 1710
face 0.0744579 1000 -25 1193 118
face 0.07438012 1088 1752 1202 1990
face 0.07426448 402 1204 499 1404
face 0.074027754 1229 10 1507 170
face 0.07386429 624 1473 856 1798
face 0.07375875 1601 430 1687 549
face 0.0733196 1002 1341 1118 1608
face 0.07317196 731 1000 1016 1327
face 0.073046245 346 1110 469 1358
face 0.073043756 1539 14 1612 135
face 0.07301434 996 1794 1120 2036
face 0.07300715 1326 120 1576 279
face 0.0729809 1375 2090 1481 2228
face 0.07286392 1593 1874 1683 1995
face 0.07273431 19 1598 192 1775
face 0.072710395 706 -17 883 111
face 0.07270834 948 1756 1090 1968
face 0.07268905 405 117 624 272
face 0.07262891 410 1338 485 1490
face 0.07259577 189 1033 447 1343
face 0.072532296 414 1409 500 1577
face 0.072528325 1402 2023 1535 2159
face 0.07247374 17 1517 120 1635
face 0.072367966 363 1219 453 1402
face 0.072297744 454 1177 552 1423
face 0.07211125 1050 1439 1155 1759
face 0.07202722 522 1905 711 2077
face 0.071927935 765 24 1011 162
face 0.07192584 877 1620 974 1789
face 0.07191397 1593 1818 1687 1941
