face 0.99982196 393 26 1482 1731
face 0.9923757 1555 405 1843 1046
face 0.3473746 146 2119 445 2430
face 0.32200873 209 2229 373 2387
face 0.26389015 -12 1645 354 2060
face 0.23278321 1467 230 1790 875
face 0.13674259 217 2170 433 2359
face 0.1229319 1594 574 1787 971
face 0.11891761 201 2211 285 2324
face 0.112642705 115 1761 375 2143
face 0.11241094 50 1657 211 2001
face 0.10588647 465 1664 642 1997
face 0.103714615 415 2195 547 2426
face 0.090483315 194 1948 468 2349
face 0.088940464 99 2317 279 2489
face 0.088383034 1864 1514 2021 1712
face 0.087736964 323 919 451 1345
face 0.08762486 1369 464 1709 1043
face 0.08757556 79 1982 185 2167
face 0.086681366 303 2100 462 2308
face 0.08657905 341 2188 507 2400
face 0.0856232 225 2106 331 2270
face 0.08561076 137 2168 235 2277
face 0.085476615 3 2113 64 2243
face 0.08522455 64 1812 222 2091
face 0.08508499 193 2159 307 2263
face 0.08468391 -6 2030 54 2168
face 0.08440399 231 2195 335 2336
face 0.08428438 369 2091 522 2294
face 0.08355864 1610 359 1764 753
face 0.08326315 69 2194 187 2365
face 0.08233782 486 2211 615 2427
face 0.08155166 296 2011 559 2367
face 0.081393056 201 2283 305 2397
face 0.08125044 72 289 1881 2325
face 0.08107066 60 2266 187 2477
face 0.08094642 323 1929 467 2144
face 0.08071993 1355 141 1842 536
face 0.0806825 544 2227 641 2428
face 0.080463916 1348 1359 1600 1807
face 0.08036492 85 2145 201 2259
face 0.08036092 1390 684 1881 1059
face 0.08023275 17 2141 96 2248
face 0.08012825 419 1464 576 1762
face 0.07987074 19 2333 261 2561
face 0.07982536 147 2207 240 2310
face 0.079713486 187 2269 344 2441
face 0.07967899 417 2099 585 2270
face 0.07947679 319 2012 467 2228
face 0.07910353 44 2028 119 2174
face 0.079079576 242 2070 607 2571
face 0.07883434 1382 832 1871 1214
face 0.07880909 18 2083 85 2179
face 0.07864871 1460 738 1780 1455
face 0.07857083 25 2229 144 2457
face 0.078567095 144 2282 255 2410
face 0.078240246 411 2158 561 2319
face 0.07785837 471 1552 623 1868
face 0.07776325 207 1930 350 2158
face 0.077696085 -4 2219 80 2437
face 0.077671215 186 2361 372 2537
face 0.07756763 420 2496 558 2672
