face 0.99999785 245 219 596 717
face 0.57488894 14 113 698 838
face 0.11400219 187 2 295 148
face 0.10593176 110 195 288 688
face 0.10514358 174 505 264 675
face 0.102809414 442 453 565 632
face 0.08051731 364 475 458 574
face 0.0802632 434 20 536 176
face 0.08026128 533 8 635 161
face 0.07934078 280 219 399 385
face 0.07892664 160 118 246 295
face 0.078841105 471 37 543 149
face 0.07878458 233 532 284 668
face 0.07809925 675 631 721 772
face 0.07773754 598 468 652 621
face 0.07715319 698 -14 746 44
face 0.07693992 -10 892 38 965
face 0.07680664 677 12 762 182
face 0.07678884 680 617 764 788
face 0.07654102 700 684 741 785
face 0.07554574 359 70 461 158
face 0.07444246 265 1 365 81
face 0.07442636 21 924 88 997
face 0.07371835 -5 806 32 861
face 0.072604276 -13 927 45 996
face 0.07244464 3 0 94 166
face 0.07177456 602 402 693 583
face 0.071772225 573 305 630 383
face 0.07125187 329 219 457 391
face 0.07116423 563 481 610 621
face 0.07095291 673 29 720 170
face 0.07091234 674 362 721 540
face 0.07041614 475 298 593 458
face 0.07041161 700 565 739 664
face 0.070244536 12 894 91 965
face 0.06967647 619 495 670 646
face 0.0694135 692 8 742 74
face 0.06938467 580 478 630 618
face 0.06935209 634 474 688 627
face 0.06934683 150 615 223 690
face 0.069287874 612 0 709 168
face 0.06895761 514 32 586 145
face 0.06894537 -9 828 32 886
face 0.068480834 307 20 401 108
face 0.068452545 700 614 740 717
face 0.068434276 594 305 655 383
face 0.06840898 704 542 749 610
face 0.068305984 702 669 748 737
face 0.06827898 -1 850 66 949
face 0.068257645 -2 779 35 835
face 0.068136014 532 84 597 188
face 0.06803449 678 82 761 261
face 0.068021946 707 725 748 786
face 0.06796112 679 547 763 724
face 0.0679545 160 8 258 180
face 0.06791917 0 106 54 282
face 0.06787925 489 74 568 159
face 0.0676955 614 283 674 397
face 0.067674145 210 479 262 627
face 0.06747345 701 392 744 516
face 0.067201436 335 -13 410 50
face 0.067188405 -6 -13 26 58
face 0.06717279 460 15 553 108
face 0.06715436 77 1 170 147
face 0.067083046 556 533 613 676
face 0.067037776 570 593 636 710
face 0.06697214 700 344 744 461
face 0.06679341 -59 -90 168 243
face 0.06672013 699 50 741 153
face 0.06658301 166 578 267 719
face 0.06642666 -11 849 38 915
face 0.066422135 675 306 721 453
face 0.06636825 327 7 445 154
face 0.06632937 81 305 174 497
face 0.066238865 384 499 467 605
face 0.06622695 580 541 667 716
face 0.066179916 398 497 534 662
face 0.06616647 682 364 762 540
face 0.06613922 270 663 355 747
face 0.06613425 207 554 266 686
face 0.06611596 463 385 554 464
face 0.06609594 430 48 600 208
face 0.06607762 680 466 763 631
face 0.066070795 676 470 722 618
face 0.066069886 701 513 749 584
face 0.06605328 678 538 722 676
face 0.065926835 332 379 407 479
