face 0.9999521 148 127 364 408
face 0.22117472 -1 124 56 282
face 0.12978172 442 395 589 613
face 0.1250059 681 251 702 288
face 0.1217733 658 252 676 284
face 0.11783208 690 256 709 292
face 0.117756635 657 288 674 321
face 0.11717417 683 278 701 310
face 0.11699032 496 216 510 244
face 0.11655535 646 254 663 285
face 0.11585722 663 281 680 311
face 0.11540092 503 210 517 237
face 0.115368694 649 281 664 308
face 0.114476874 673 253 692 288
face 0.11414957 639 281 655 309
face 0.11398825 653 258 672 299
face 0.113956176 493 203 507 229
face 0.113927536 501 220 516 248
face 0.11367357 489 232 504 260
face 0.11353428 703 250 728 295
face 0.113385096 503 230 517 257
face 0.112911075 687 289 706 324
face 0.11278037 642 292 658 323
face 0.1123814 518 315 535 339
face 0.11126098 519 221 533 246
face 0.11108403 651 247 668 277
face 0.11105603 563 335 579 362
face 0.11077208 565 325 582 349
face 0.11057649 643 269 659 302
face 0.11046011 490 218 504 246
face 0.11041377 622 286 638 314
face 0.110412836 676 264 697 305
face 0.11035196 677 295 696 328
face 0.11022055 504 320 520 344
face 0.10980776 475 242 489 269
face 0.10967402 484 315 500 340
face 0.10959389 510 211 524 237
face 0.10945704 692 280 711 311
face 0.10940802 482 285 497 312
face 0.10937935 485 250 499 281
face 0.109350376 520 258 535 286
face 0.10934586 504 249 518 278
face 0.109334506 680 306 698 336
face 0.10922312 520 296 538 320
face 0.10911627 524 239 538 264
face 0.10904456 534 233 549 259
face 0.1090214 657 238 675 267
face 0.108784385 626 264 643 292
face 0.108502865 479 220 494 248
face 0.10845804 466 264 481 294
face 0.1083657 540 315 558 341
face 0.108280815 519 234 533 261
face 0.108091086 503 287 518 313
face 0.108063675 546 326 563 350
face 0.1079718 527 212 542 238
face 0.10789037 617 298 634 329
face 0.1078809 487 299 503 322
face 0.10761367 667 308 685 336
face 0.10737286 506 300 522 322
face 0.107251644 597 260 615 287
face 0.10711948 642 246 658 276
face 0.10687825 502 333 520 360
face 0.106842935 484 265 499 290
face 0.106692515 522 266 539 290
face 0.1066846 518 287 534 313
face 0.10656389 560 314 577 340
face 0.10635213 523 324 540 347
face 0.106168 508 266 524 290
face 0.10612795 490 318 507 342
face 0.10607021 519 334 536 360
face 0.10588073 660 228 675 253
face 0.10581985 484 329 501 358
face 0.105795965 599 286 617 314
face 0.10561979 510 314 528 339
face 0.105491295 499 259 514 285
face 0.10547496 533 317 551 341
face 0.10531256 541 335 558 363
face 0.10516197 468 238 483 268
face 0.104910605 709 274 733 315
face 0.10487988 541 297 559 321
face 0.1048772 577 316 594 342
face 0.10479929 569 314 587 340
face 0.10460445 632 306 650 336
face 0.10450028 594 298 612 328
face 0.10439094 646 231 662 257
face 0.10424536 658 308 676 336
face 0.104108736 539 286 556 313
face 0.10397425 639 238 657 266
face 0.10396404 613 284 630 312
face 0.10390085 693 247 709 277
face 0.10383556 593 274 612 304
face 0.103721276 670 238 687 267
face 0.10365874 614 254 633 283
face 0.10365129 539 264 557 289
face 0.10348915 499 190 514 216
face 0.103445426 596 312 613 339
face 0.10336404 453 250 469 277
face 0.10334518 541 241 557 266
face 0.103007756 535 258 552 285
face 0.102896355 685 238 703 268
face 0.10289345 100 25 123 59
face 0.10286906 552 233 569 260
face 0.102860555 542 224 557 248
face 0.10280616 646 307 663 335
face 0.10250775 518 202 534 229
face 0.10250558 563 296 580 321
face 0.102463335 574 328 591 357
face 0.10240235 595 328 613 359
face 0.102267474 508 190 524 216
face 0.10211882 558 279 576 308
face 0.10202327 447 269 462 297
face 0.10184441 549 256 569 284
face 0.10172413 625 245 642 274
face 0.10152333 678 222 694 250
face 0.10125838 530 287 549 313
face 0.100874685 474 258 492 286
face 0.10049486 613 325 631 358
face 0.10044047 549 213 565 239
face 0.10016421 690 306 709 337
face 0.10015702 583 257 603 285
face 0.10001321 547 340 565 367
face 0.09995494 693 232 710 267
face 0.09988195 582 289 600 316
face 0.09976648 606 305 625 334
face 0.099681534 563 259 582 287
face 0.09966378 707 235 730 276
face 0.09965009 616 241 634 273
face 0.0995854 462 302 481 332
face 0.099576674 573 253 593 283
face 0.09953066 550 287 570 314
face 0.099355415 503 347 524 386
face 0.099252865 654 216 671 242
face 0.099081896 579 271 600 303
face 0.09899186 462 286 479 315
face 0.09889761 115 11 137 44
face 0.09868848 571 286 591 314
face 0.09861719 575 231 596 261
face 0.09846845 505 340 525 370
face 0.098422356 475 201 492 230
face 0.09835485 22 113 700 840
face 0.09833454 94 46 119 81
face 0.09823973 113 24 133 59
face 0.09818005 619 229 637 257
face 0.0981079 472 286 491 313
face 0.098072216 669 215 686 240
face 0.098009884 685 213 701 239
face 0.09799952 526 341 543 366
face 0.09793524 166 3 194 40
face 0.09789898 125 46 150 83
face 0.09780856 79 12 103 48
face 0.09733807 158 5 180 38
face 0.09722227 446 244 463 273
face 0.09699868 83 31 106 64
face 0.0969843 91 5 119 41
face 0.09694842 137 9 158 41
face 0.09682786 512 353 539 396
face 0.09657456 454 259 475 290
face 0.09644116 583 308 602 336
face 0.096377924 75 21 97 58
face 0.09606844 525 189 543 216
face 0.096045725 638 315 656 348
face 0.095919035 693 219 709 248
face 0.09580112 554 352 578 387
face 0.095800176 486 190 504 218
face 0.09575628 709 304 734 344
face 0.09569048 453 225 471 254
face 0.09560693 468 215 484 247
face 0.09556636 588 284 607 312
face 0.09519866 145 1 171 35
face 0.09507447 123 3 149 37
face 0.094841026 467 385 565 537
face 0.09478774 488 332 510 365
face 0.0947436 541 349 559 380
face 0.09465318 106 45 133 82
face 0.09453381 155 13 176 50
face 0.09452342 408 314 549 490
face 0.094433285 564 239 582 266
face 0.09441248 532 354 557 389
face 0.09441218 591 239 611 269
face 0.09433351 695 211 711 238
face 0.094264925 121 28 145 61
face 0.09404227 630 216 649 244
face 0.09390557 604 235 624 264
face 0.0938706 183 3 214 43
face 0.09384089 134 22 153 55
face 0.093812406 157 10 205 71
face 0.09374786 714 228 740 269
face 0.093654975 585 394 636 451
face 0.09360976 572 342 593 378
face 0.09360655 500 197 517 228
face 0.09335183 597 416 649 482
face 0.09334603 467 418 533 509
face 0.093315125 103 15 125 48
face 0.09325411 519 350 537 381
face 0.09322879 467 311 487 338
