face 0.99997246 1344 860 1980 1701
face 0.99996233 2108 602 2701 1490
face 0.13004881 700 58 3561 2803
face 0.120101966 1095 2358 1601 2815
face 0.119542554 2029 645 2500 1228
face 0.110383466 2800 713 3289 1251
face 0.101811744 2143 2034 2592 2561
face 0.10094754 1180 1898 1450 2397
face 0.096635915 811 1546 1096 2024
face 0.09610489 2635 2236 2953 2604
face 0.09432349 1716 1611 2001 2027
face 0.093874335 2374 1855 2702 2281
face 0.09103399 2309 501 2785 1064
face 0.09021179 748 330 1350 775
face 0.088961296 2089 1827 2376 2331
face 0.08853956 1764 283 2063 583
face 0.08850544 2184 1830 2650 2349
face 0.08840167 1440 1569 1955 2078
face 0.08824885 3382 96 4053 776
face 0.08735398 1492 2273 1778 2681
face 0.08702572 1517 326 2032 864
face 0.08697915 1746 90 1995 455
face 0.08669076 2524 600 2832 1123
face 0.08616872 2779 776 3052 1233
face 0.08611637 3450 1918 3720 2371
face 0.08605072 2013 1762 2246 2235
face 0.08584709 1382 1174 1761 1690
face 0.08529138 2964 657 3460 1158
face 0.08514965 2641 107 2953 436
face 0.085109174 80 169 263 417
face 0.08498241 1389 773 1954 1252
face 0.08418293 2099 1249 2599 1814
face 0.08417686 1440 120 1703 401
face 0.08409213 2559 2049 3025 2558
face 0.08384512 6 191 151 411
face 0.083803125 3546 1998 3829 2338
face 0.08375083 1079 2483 1369 2798
face 0.083606884 835 2375 1347 2832
face 0.08358454 2647 1792 2914 2264
face 0.08307435 680 483 1274 926
face 0.082915254 1079 1973 1348 2457
face 0.08291395 569 7 718 169
face 0.08263137 3923 2083 4170 2388
face 0.08248335 1693 324 1979 521
face 0.08239699 1504 45 1785 432
face 0.0822844 2405 1705 2698 2126
face 0.082082696 3678 2008 3949 2371
face 0.081892915 2395 323 2902 870
face 0.08180842 1589 1548 1945 1894
face 0.08160071 -6 -7 153 186
face 0.0815596 2525 1791 2819 2236
face 0.081444025 1865 2187 2354 2726
face 0.08126384 1664 75 1894 438
face 0.08112596 2662 697 2913 1156
face 0.081067145 514 1541 984 2047
face 0.081020914 672 17 832 183
face 0.0810081 350 2294 679 2647
face 0.080911376 3086 1995 3409 2311
face 0.0808358 3442 2279 3703 2658
face 0.08083008 4037 2043 4255 2461
face 0.08057531 3852 2052 4080 2298
face 0.08045233 3262 -19 3493 235
face 0.08041053 2177 530 2522 1029
face 0.08026985 825 1731 1099 2277
face 0.08026482 1370 2309 1692 2698
face 0.08020354 2868 38 3159 477
face 0.07993173 530 316 755 645
face 0.07988357 614 -11 798 109
face 0.07986309 2633 311 2944 774
face 0.079799786 2559 35 3046 522
face 0.07964989 2210 2172 2680 2709
face 0.07961234 1592 2384 1891 2711
face 0.07954721 728 -9 930 118
face 0.07946589 650 197 800 336
face 0.0794416 1661 250 1905 601
face 0.07942396 2555 138 2814 399
face 0.0793898 3289 381 3773 1262
face 0.07924368 784 20 947 188
face 0.07913037 550 169 719 420
face 0.07891941 68 634 598 1412
face 0.078898616 1848 112 2114 459
face 0.078773744 2089 1394 2412 1860
face 0.07871646 2941 1673 3395 2202
face 0.0785495 1657 -28 2082 413
face 0.07849839 2652 1617 2929 2085
face 0.078368425 14 -19 216 123
face 0.078312345 21 492 542 936
face 0.078035995 2513 2273 2852 2598
face 0.07801452 1284 1621 1786 2189
face 0.07800948 929 1534 1201 1994
face 0.07796309 918 316 1499 1026
face 0.07794598 1680 -22 1888 202
