face 0.40284103 598 421 734 602
face 0.12979615 35 270 1588 1891
face 0.12573008 509 411 755 800
face 0.12093158 564 536 706 750
face 0.12032984 434 503 711 950
face 0.11908604 157 1488 405 1809
face 0.10840245 322 480 366 555
face 0.108318344 1084 494 1140 587
face 0.10501228 439 532 514 660
face 0.1026865 762 468 812 554
face 0.10253357 481 512 585 680
face 0.10092028 336 503 388 581
face 0.10045991 1122 477 1177 558
face 0.099943876 914 493 1019 602
face 0.09993553 309 445 355 513
face 0.09820431 331 436 380 510
face 0.098196514 732 513 804 661
face 0.09710951 1132 488 1192 582
face 0.09673039 794 540 846 645
face 0.09579683 772 431 820 507
face 0.09544554 479 841 583 1047
face 0.09524605 796 1845 1041 2173
face 0.0945545 762 497 814 609
face 0.09403207 451 738 562 1052
face 0.09384602 342 470 388 538
face 0.09359601 452 456 551 654
face 0.09355138 1055 493 1112 579
face 0.09335548 251 1634 526 2128
face 0.093329325 534 460 642 676
face 0.09315874 768 526 823 649
face 0.093111664 979 483 1075 597
face 0.092481874 1063 446 1122 550
face 0.09245873 399 512 458 597
face 0.09215933 858 442 1074 730
face 0.09214696 493 356 702 654
face 0.09209133 815 458 859 539
face 0.091991395 442 402 634 713
face 0.09165625 791 510 838 599
face 0.091499016 1040 433 1098 538
face 0.0914593 417 358 539 498
face 0.09128568 241 1387 484 1806
face 0.09125138 555 1374 628 1552
face 0.09119792 658 402 751 506
face 0.09094532 933 329 1007 438
face 0.09039332 305 415 360 489
face 0.090327926 994 287 1057 374
face 0.08996695 818 519 863 614
face 0.0896749 733 437 790 542
face 0.08945903 880 509 992 668
face 0.08939881 374 516 431 602
face 0.08925292 927 367 1000 486
face 0.08848259 803 408 852 481
face 0.08836008 899 468 981 575
face 0.08812752 1054 306 1132 427
face 0.08761116 260 418 316 501
face 0.087290734 12 1684 137 1941
face 0.08711733 1063 478 1137 621
face 0.08709759 946 496 1066 663
face 0.087089114 -1 1264 308 1616
face 0.08703251 824 419 873 497
face 0.08700516 818 489 861 566
face 0.08688354 967 439 1034 547
face 0.08685733 347 437 545 763
face 0.08675818 582 1369 655 1562
face 0.08656645 777 1481 1000 1818
face 0.0863041 396 544 475 653
face 0.08630268 827 542 880 641
face 0.086195365 9 1990 143 2166
face 0.086085044 1016 309 1097 455
face 0.08604514 790 469 835 541
face 0.086041465 361 535 442 659
face 0.08603374 1031 475 1110 629
face 0.08601724 839 1022 921 1258
face 0.0860006 366 619 625 1113
face 0.085849494 979 331 1050 458
face 0.08581311 694 708 808 1068
face 0.0857837 624 1341 707 1623
face 0.08564034 348 410 404 485
face 0.08520753 382 482 436 563
face 0.08519707 1076 416 1136 512
face 0.08515805 420 875 533 1028
face 0.0851 956 313 1039 420
face 0.08505296 860 434 911 528
face 0.08499231 617 1215 710 1504
face 0.08497855 428 496 499 633
face 0.084938735 973 408 1047 516
face 0.08493251 561 1267 630 1490
face 0.084835835 269 468 328 563
face 0.08480271 926 444 1000 550
face 0.084701255 -11 1879 229 2146
face 0.08465764 420 449 505 578
face 0.08461183 982 302 1073 419
face 0.084435835 891 420 963 536
face 0.08423611 622 531 755 778
face 0.084215745 436 329 540 442
face 0.08418742 168 1286 452 1686
face 0.084183805 1107 462 1184 605
face 0.08403185 733 405 794 485
face 0.08401206 458 565 546 716
face 0.08378633 733 753 838 1120
face 0.0836862 492 572 617 722
face 0.08367785 306 503 364 583
face 0.08345241 737 373 786 446
face 0.08344297 867 343 911 427
face 0.08341405 536 403 660 585
face 0.083397314 843 399 897 479
face 0.083316475 530 542 849 922
face 0.08330326 572 1348 638 1472
face 0.08321288 666 1055 844 1414
face 0.083050996 585 1270 662 1475
face 0.08302606 715 561 800 747
face 0.082800716 401 392 473 485
face 0.08261953 572 1643 642 1753
face 0.08248843 716 488 787 600
face 0.08240362 260 407 468 705
face 0.08240235 266 1796 371 2063
face 0.08189979 583 1219 734 1626
face 0.08188879 889 345 954 436
face 0.08185854 53 1150 389 1495
face 0.081853144 616 1719 719 1938
face 0.081792936 273 1200 537 1511
face 0.081688695 471 379 594 611
face 0.08167113 327 525 415 644
face 0.0816078 1014 270 1066 351
face 0.081604205 1602 264 1664 375
