face 0.99990976 547 645 1151 1475
face 0.11796464 32 261 1579 1876
face 0.11568467 388 757 583 1180
face 0.11424663 507 1755 640 1989
face 0.11340195 133 1165 333 1510
face 0.09057122 1390 1873 1606 2175
face 0.08870197 908 887 1156 1320
face 0.08589001 469 1702 609 1949
face 0.08357775 937 1483 1168 1812
face 0.082993686 314 1081 423 1377
face 0.08240961 479 1801 611 2050
face 0.08224508 1409 2074 1592 2262
face 0.0813543 714 1704 948 2028
face 0.08093653 -15 1994 83 2178
face 0.07969883 1340 1518 1464 1764
face 0.079327025 1039 1866 1258 2154
face 0.07842641 431 1740 571 1994
face 0.0780063 1130 1222 1331 1633
face 0.07736085 179 1210 396 1607
face 0.077115335 567 1738 678 1997
face 0.07623641 1316 1734 1514 2121
face 0.07596556 1341 1903 1487 2151
face 0.07524314 403 1869 617 2160
face 0.07469259 1029 1723 1240 2076
face 0.07422065 339 1573 476 1825
face 0.07347475 1302 1518 1411 1745
face 0.0721415 350 992 472 1330
face 0.07193304 1426 1584 1553 1841
face 0.071903884 873 1877 1139 2147
face 0.07095442 478 2086 638 2254
face 0.07039644 532 1885 726 2095
face 0.07029116 -11 2088 100 2237
face 0.06993417 523 797 677 989
face 0.06956281 1264 1277 1363 1588
face 0.06939789 -38 1943 100 2129
face 0.06905516 346 1685 489 1931
face 0.06886724 801 1704 966 1928
face 0.0687676 1291 1938 1450 2126
face 0.06874891 1210 1701 1337 2056
face 0.06854199 815 1306 1056 1494
face 0.06835899 250 1112 381 1361
face 0.068202935 1371 1617 1530 1784
face 0.06816648 601 1103 876 1453
face 0.06812752 1455 1710 1597 1935
face 0.06810597 1575 1736 1685 1891
face 0.068100795 1565 2029 1677 2168
face 0.068056665 569 1597 680 1901
face 0.06797739 385 1719 519 2003
face 0.06783796 481 1198 605 1501
face 0.06779846 1069 1468 1223 1718
face 0.06768377 627 1244 827 1438
face 0.06755283 -3 1875 143 2154
face 0.06733775 665 1784 851 1971
face 0.06719136 481 928 601 1306
face 0.06717204 827 642 1082 990
face 0.06715234 286 1940 469 2143
face 0.0669802 478 747 601 1069
face 0.06676005 1564 -36 1685 105
face 0.066706106 -3 1083 264 1573
face 0.06656821 268 1110 456 1517
face 0.06646554 -109 -100 242 227
face 0.06641997 602 1753 740 1980
face 0.066398464 436 1175 563 1536
face 0.06638004 399 687 526 998
face 0.06621989 1572 1970 1684 2120
face 0.0662136 512 1631 650 1894
face 0.06613616 790 498 895 737
face 0.06610797 248 1452 397 1707
face 0.06606077 310 991 437 1260
face 0.06602497 126 1681 464 2148
face 0.065931566 1013 1906 1171 2130
face 0.0659145 379 1915 521 2142
face 0.06586572 410 2088 540 2242
face 0.06581007 296 1523 432 1765
face 0.065721855 916 1652 1103 1846
face 0.06554482 1213 1840 1426 2156
face 0.06545042 723 980 1047 1375
face 0.06544985 1118 1759 1569 2083
