face 0.9999852 313 531 1008 1553
face 0.13069268 43 258 1577 1879
face 0.123596594 177 908 295 1341
face 0.11512298 351 1391 473 1637
face 0.10548958 1520 726 1619 986
face 0.10443387 220 535 354 790
face 0.08827723 314 1350 523 1683
face 0.08692557 307 1330 423 1595
face 0.08654037 251 1461 382 1695
face 0.084479444 333 1059 575 1466
face 0.083849855 259 1331 380 1627
face 0.08360604 287 1209 493 1563
face 0.081675515 233 587 339 925
face 0.07946235 186 1103 373 1507
face 0.07939846 67 2 323 375
face 0.07884274 1572 2089 1683 2236
face 0.0779573 700 -99 1592 340
face 0.07789768 171 1289 371 1666
face 0.0777023 238 496 429 854
face 0.07732734 184 571 302 854
face 0.07687759 211 1286 341 1541
face 0.07616615 1569 738 1667 976
face 0.075765945 303 1452 422 1716
face 0.075740434 1056 1857 1224 2118
face 0.075429834 392 1435 522 1739
face 0.07516039 1572 2026 1681 2167
face 0.07443978 713 1031 963 1465
face 0.07429552 71 802 376 1179
face 0.07427605 145 482 352 843
face 0.07422732 314 904 545 1345
face 0.07380153 1204 930 1423 1325
face 0.07376769 1569 1959 1685 2122
face 0.073750265 152 604 263 827
face 0.0737036 -18 -45 65 150
face 0.07359764 16 678 114 1016
face 0.073493175 225 933 331 1313
face 0.07344141 145 865 251 1274
face 0.072959326 277 612 388 957
face 0.072616614 -9 734 63 971
face 0.072595045 1591 616 1657 773
face 0.07257783 1071 1686 1281 2086
face 0.0725154 867 556 987 895
face 0.07250673 420 1358 665 1567
face 0.072098106 60 1199 159 1524
face 0.071987964 1593 937 1689 1074
face 0.07194867 993 1457 1114 1791
face 0.07189911 316 1318 458 1485
face 0.071820684 107 1185 200 1501
face 0.07150843 862 729 991 1002
face 0.07139154 216 1204 348 1398
face 0.07126109 801 593 932 851
face 0.07124701 205 1411 411 1753
face 0.07120029 1610 614 1681 724
face 0.07113912 138 1318 262 1627
face 0.07109042 1098 1434 1282 1857
face 0.071031354 8 573 102 835
face 0.07095319 1485 1189 1587 1510
face 0.070641264 -18 2091 106 2242
face 0.070601076 641 849 914 1189
face 0.070508584 -1 1813 138 2162
face 0.0704993 1136 931 1355 1468
face 0.07046912 1356 7 1597 392
face 0.07043581 444 546 725 905
face 0.070352145 149 1111 255 1463
face 0.07031292 60 564 155 804
face 0.070223 330 664 488 939
face 0.07014585 195 1430 348 1627
face 0.070061356 1041 1424 1156 1762
face 0.069879554 122 1230 315 1584
face 0.06983422 348 603 558 829
face 0.06975966 -11 -84 891 343
face 0.06968442 1407 1034 1588 1447
face 0.06965636 1606 548 1683 668
face 0.06965625 1077 727 1208 1054
face 0.06950827 727 810 919 986
face 0.069398716 1587 541 1656 714
face 0.069310665 1539 528 1612 721
face 0.06924078 1568 -34 1681 100
face 0.06916404 1445 1158 1547 1448
face 0.06913993 194 702 292 979
