face 0.9999584 453 654 1181 1663
face 0.16667709 34 256 1575 1876
face 0.12028621 585 -44 1094 605
face 0.11263503 1331 1442 1555 1816
face 0.10834037 1522 1047 1607 1232
face 0.106725775 1252 965 1479 1265
face 0.0971054 1519 1031 1594 1147
face 0.09653527 1301 1157 1446 1310
face 0.09324075 1522 1117 1612 1366
face 0.09089372 1579 1111 1662 1283
face 0.09072804 1456 1644 1580 1815
face 0.084724136 1457 1073 1534 1221
face 0.084554456 1579 1025 1656 1171
face 0.08379264 1507 1095 1590 1272
face 0.08372772 729 -32 873 103
face 0.08352597 1464 1177 1542 1317
face 0.08346933 1488 1078 1564 1180
face 0.083357126 1336 900 1470 1030
face 0.08324363 1449 1016 1631 1383
face 0.082789 1454 1024 1530 1145
face 0.08176701 1255 1132 1468 1421
face 0.08127705 1446 1206 1541 1388
face 0.08104115 1593 967 1673 1073
face 0.08024161 1281 879 1436 1040
face 0.08007234 1478 1132 1546 1247
face 0.079480894 1534 1001 1596 1097
face 0.07943353 1198 783 1437 1158
face 0.079362616 1579 1794 1670 1957
face 0.079312235 1504 957 1568 1038
face 0.079295956 1330 1240 1457 1460
face 0.078811325 1551 2079 1688 2247
face 0.07846953 1259 1360 1494 1793
face 0.07844502 1572 1749 1676 1875
face 0.078392446 1533 1292 1605 1545
face 0.07822304 1388 1209 1494 1377
face 0.07820681 1504 1004 1572 1089
face 0.07813216 1444 1003 1517 1086
face 0.07786324 1602 1406 1663 1581
face 0.077836156 1601 1477 1661 1645
face 0.077627026 719 -18 937 310
face 0.07757472 1440 952 1513 1037
face 0.077500105 1390 920 1494 1019
face 0.077273436 1588 1588 1659 1760
face 0.07715943 1582 1652 1656 1811
face 0.07705674 1395 981 1591 1280
face 0.07671106 1603 912 1682 1014
face 0.0766695 1621 1416 1685 1528
face 0.07657783 1622 1476 1685 1585
face 0.076532125 1616 1353 1682 1472
face 0.07604668 1520 1646 1604 1823
face 0.07588407 1421 1562 1613 1862
face 0.075868785 1617 1531 1684 1644
face 0.07584829 479 1944 664 2137
face 0.07557001 1539 956 1599 1044
face 0.075559445 1421 1709 1577 1889
face 0.075555354 1499 1026 1566 1128
face 0.075535335 1223 798 1406 993
face 0.07542297 1584 1216 1659 1413
face 0.07541888 1609 1590 1683 1704
face 0.07532903 1489 1182 1590 1405
face 0.075207844 407 1953 596 2136
face 0.074997425 1242 937 1409 1105
face 0.07496433 487 2078 627 2241
face 0.07495456 1459 1278 1550 1423
face 0.07480681 1509 1783 1620 1939
face 0.074683495 1290 1030 1442 1214
face 0.07453763 1407 1535 1553 1777
face 0.07448535 1603 1234 1680 1363
face 0.074211426 -16 1576 74 1844
face 0.07407447 1539 1455 1600 1648
face 0.07400918 1493 1722 1614 1884
face 0.07391196 752 -5 900 175
face 0.07388481 1306 812 1480 986
face 0.07378868 1405 985 1494 1082
face 0.07377829 1553 2025 1679 2173
face 0.07369122 1345 967 1455 1091
face 0.073538914 1609 1295 1677 1416
face 0.07348951 30 1460 107 1660
face 0.0734351 1596 1174 1681 1302
face 0.073380664 1396 1015 1493 1126
face 0.07331267 1395 1062 1489 1187
face 0.07327555 1342 1174 1527 1531
face 0.07326137 60 1386 161 1595
face 0.07308588 121 1561 269 1820
face 0.07301356 1477 1579 1576 1753
face 0.072994955 22 1543 120 1824
face 0.07274454 1590 1852 1681 2005
face 0.072380565 1394 1277 1500 1423
face 0.07215791 264 1403 381 1766
face 0.0720402 416 -82 825 891
face 0.07180747 1398 1117 1577 1461
face 0.071766585 1575 1911 1667 2106
face 0.071710266 1534 1589 1603 1731
face 0.07156246 676 -23 786 91
face 0.07154491 1313 1085 1537 1389
face 0.071499564 1266 735 1516 1070
