face 0.9999933 289 148 643 628
face 0.14237337 803 397 912 506
face 0.12208337 89 202 229 432
face 0.11810922 24 254 68 333
face 0.11690126 86 345 121 391
face 0.11490585 33 282 71 344
face 0.108326875 11 222 60 296
face 0.10467741 43 307 73 353
face 0.10435126 87 317 117 359
face 0.10275691 -9 185 98 383
face 0.10202421 102 337 140 388
face 0.10132734 0 237 41 336
face 0.10103874 75 339 107 384
face 0.10078005 46 361 76 412
face 0.10065188 51 340 81 385
face 0.10001003 35 337 62 380
face 0.09937318 77 282 110 328
face 0.09834872 34 225 85 288
face 0.097569734 76 357 112 412
face 0.0974566 30 355 58 407
face 0.097121246 66 371 105 420
face 0.09612947 63 309 92 351
face 0.09608887 130 96 822 1173
face 0.095406316 125 285 168 340
face 0.09501649 60 238 105 289
face 0.093751945 13 338 39 388
face 0.093373656 106 288 137 333
face 0.093338445 105 301 142 355
face 0.09255321 52 383 86 425
face 0.092198946 52 263 93 320
face 0.092182696 1 350 30 413
face 0.09175535 704 208 737 285
face 0.09159395 86 735 138 880
face 0.09100468 734 230 760 290
face 0.090190776 50 396 80 440
face 0.09005784 115 293 166 375
face 0.089773685 -2 176 37 256
face 0.089162305 92 251 129 298
face 0.08905722 1 296 32 374
face 0.089035034 93 269 127 319
face 0.087883815 729 213 756 266
face 0.08770529 15 299 45 361
face 0.08753341 24 375 52 422
face 0.08747744 733 191 762 257
face 0.08739272 28 277 151 444
face 0.08727263 89 363 134 417
face 0.08712566 10 377 37 427
face 0.086805336 35 382 64 426
face 0.086452045 8 200 53 257
face 0.086412236 2 386 30 448
face 0.08637683 97 311 135 375
face 0.08598241 0 206 38 291
face 0.08591774 130 239 196 306
face 0.08589788 59 394 114 456
face 0.085854426 10 338 159 502
face 0.085757956 122 256 167 308
face 0.08568642 9 437 151 610
face 0.085571125 707 167 738 255
face 0.08549255 -47 255 75 465
face 0.08527773 1 415 31 480
face 0.08500831 21 180 147 344
face 0.08493848 10 410 40 461
face 0.08487376 23 404 55 454
face 0.08449612 129 264 194 349
face 0.083940946 -46 93 77 295
face 0.08387264 668 177 719 274
face 0.08387158 825 483 934 576
face 0.08376884 735 154 763 222
face 0.0837298 40 206 81 253
face 0.083370775 53 181 92 223
face 0.083360404 753 220 782 272
face 0.08317368 759 241 784 296
face 0.08301274 61 204 107 249
face 0.08264567 812 434 941 541
face 0.08261412 28 189 65 239
face 0.082188666 83 203 133 255
face 0.08217286 54 197 88 238
face 0.081764415 670 198 732 326
face 0.08150831 117 817 184 937
face 0.08150345 87 730 135 807
face 0.08143691 112 505 227 741
face 0.08126674 729 94 765 165
face 0.08082851 57 735 120 867
face 0.08065742 830 520 930 606
face 0.080585025 636 15 710 157
face 0.08045366 723 272 764 329
face 0.080443576 103 717 156 834
face 0.08031792 825 205 863 254
face 0.079312675 65 177 109 223
face 0.0792361 729 254 759 307
face 0.079166815 108 759 172 850
face 0.07906544 86 797 144 947
face 0.07904397 848 194 898 255
face 0.07899445 786 245 814 298
face 0.0787535 60 773 168 966
face 0.07868006 46 412 85 466
face 0.078565165 679 87 725 171
face 0.07848467 759 207 789 253
face 0.07808261 130 741 201 884
face 0.07807167 671 22 731 163
face 0.07798119 11 174 52 224
face 0.07792023 701 246 739 329
face 0.077902004 664 125 770 320
face 0.0778081 0 440 34 517
face 0.07769827 43 423 104 486
face 0.07767572 8 435 42 496
face 0.07752264 234 377 297 602
face 0.077501945 795 209 828 255
face 0.07736181 711 141 736 193
face 0.07731812 754 94 797 171
face 0.077124946 79 677 188 903
face 0.07700648 313 823 617 1306
face 0.07692088 785 224 817 275
face 0.07673379 262 399 320 602
face 0.0766643 230 259 298 461
face 0.07662523 442 112 598 296
face 0.076423265 107 203 165 261
face 0.07628015 25 701 133 913
face 0.07621161 81 892 265 1224
face 0.07616721 757 297 813 350
face 0.07595502 26 420 58 473
face 0.07595218 674 158 718 227
face 0.07595198 693 356 831 547
face 0.075748354 832 694 929 783
face 0.07562389 7 760 148 1120
face 0.07533662 73 384 140 466
face 0.07517643 706 96 738 174
face 0.07500078 929 861 989 1010
face 0.07493724 699 28 747 163
face 0.07491068 641 -20 750 191
face 0.074896775 10 486 120 585
face 0.07484041 686 0 722 94
face 0.07481801 738 140 766 183
face 0.07480294 805 683 947 849
face 0.07473664 11 163 225 512
face 0.07468554 173 212 293 457
face 0.074621394 111 778 224 966
