face 0.99557674 870 91 1124 417
face 0.1256933 574 242 621 325
face 0.1212153 613 241 657 323
face 0.12079852 517 240 551 286
face 0.11642556 594 243 664 352
face 0.108161725 524 267 566 338
face 0.107863426 537 211 666 366
face 0.107727885 629 241 669 302
face 0.10606874 521 231 556 269
face 0.10508912 501 238 535 286
face 0.10403696 532 242 572 295
face 0.1030824 593 206 736 359
face 0.10149483 540 260 589 330
face 0.101209916 635 246 705 332
face 0.10042114 537 275 574 316
face 0.100420296 35 158 92 236
face 0.10041761 680 202 739 306
face 0.09993877 589 263 646 322
face 0.09991998 531 296 572 350
face 0.09919833 554 270 601 320
face 0.09869581 521 306 567 378
face 0.09832052 662 224 703 283
face 0.09824095 642 226 677 268
face 0.097704135 56 179 113 258
face 0.09726429 47 264 86 318
face 0.09691789 594 222 638 269
face 0.096853934 601 246 644 293
face 0.09489425 680 220 721 269
face 0.0946026 495 268 530 314
face 0.09432766 40 237 82 308
face 0.09406201 624 223 662 279
face 0.094033405 483 238 523 301
face 0.09398036 43 207 89 271
face 0.093930565 749 -6 918 132
face 0.09338132 487 214 525 281
face 0.09324887 517 276 549 314
face 0.093195245 26 137 88 209
face 0.09308022 479 214 603 375
face 0.09304368 518 324 559 364
face 0.09303913 524 304 560 342
face 0.09303326 34 292 79 345
face 0.09270966 71 273 108 315
face 0.09266332 549 224 592 269
face 0.09262985 495 303 530 346
face 0.092432685 787 4 877 78
face 0.09204346 98 261 150 325
face 0.091513634 215 63 258 120
face 0.09148684 31 265 75 332
face 0.09137196 67 239 109 305
face 0.09119368 534 321 576 365
face 0.090701096 -8 -2 51 51
face 0.09038411 508 204 557 270
face 0.09031601 574 216 616 286
face 0.09013718 471 176 527 242
face 0.090047844 87 271 129 317
face 0.08976105 755 48 933 300
face 0.08974454 37 193 79 243
face 0.089733586 500 165 558 240
face 0.08938876 -1 333 41 388
face 0.08931863 577 292 674 391
face 0.08918841 573 165 628 250
face 0.08892837 58 295 102 339
face 0.08862821 0 137 48 215
face 0.088618524 -6 146 122 321
face 0.08846648 767 90 858 188
face 0.08840457 479 268 520 330
face 0.088374965 487 199 527 247
face 0.08822503 156 -2 308 173
face 0.088040285 651 160 781 329
face 0.08780985 924 415 1094 575
face 0.087808095 156 86 223 240
face 0.08777569 782 4 833 60
face 0.08768446 512 328 562 404
face 0.087683395 611 195 656 259
face 0.08755893 489 323 532 371
face 0.08755773 491 161 547 212
face 0.08734332 981 14 1159 144
face 0.086763844 656 246 746 374
face 0.08657952 19 320 70 373
face 0.08643725 11 298 57 347
face 0.086419925 28 169 75 219
face 0.0863855 10 123 57 179
face 0.0863609 479 302 521 361
face 0.08632894 662 23 801 156
face 0.08610491 693 340 836 520
face 0.08601209 698 51 843 195
face 0.086011134 798 0 859 44
face 0.08596997 528 446 599 541
face 0.08596875 79 138 146 198
face 0.0859687 536 325 602 399
face 0.08593323 230 20 286 66
face 0.085506715 79 185 136 253
face 0.08543804 124 271 179 328
face 0.085400954 192 161 266 271
face 0.08535002 1102 -2 1252 149
face 0.085319 -5 208 43 285
face 0.08515546 651 64 705 116
face 0.08506911 159 164 226 266
face 0.085033774 610 68 665 119
face 0.08500499 297 65 445 222
face 0.084868364 626 433 765 621
face 0.0847895 248 -1 310 39
face 0.08469907 650 245 689 293
face 0.08465255 94 243 143 304
face 0.08464264 1175 576 1259 730
face 0.08463489 550 292 607 345
face 0.084617004 762 39 860 130
face 0.08439212 692 69 765 130
face 0.08438868 44 123 109 200
face 0.08432761 229 65 284 132
face 0.08430311 618 130 673 200
face 0.08426932 71 289 119 341
face 0.08423358 807 541 952 706
face 0.084141396 729 145 816 260
face 0.08409947 647 199 691 277
face 0.08409407 899 583 1052 670
face 0.08405247 344 130 424 207
face 0.08404962 316 42 395 145
face 0.08400055 9 164 53 226
face 0.08392588 17 206 160 369
face 0.083803914 124 209 178 272
face 0.08379186 612 151 668 225
face 0.08363203 430 191 562 350
face 0.08359574 0 353 43 413
face 0.083392695 205 43 256 101
face 0.083339795 591 -2 650 38
face 0.083152495 217 -1 279 41
face 0.08308399 663 200 707 263
face 0.083067924 212 27 268 80
face 0.08295192 118 109 183 232
face 0.08288339 13 144 65 195
face 0.08285002 86 245 126 290
face 0.08268781 836 575 911 686
face 0.0826277 688 199 734 247
face 0.08251695 614 289 717 394
face 0.08251008 1040 4 1238 238
face 0.08251006 78 215 125 265
face 0.082346134 471 319 523 387
face 0.08228005 732 67 801 166
face 0.082201704 319 -3 390 69
face 0.08212632 692 90 773 197
face 0.08191618 466 108 523 169
face 0.08189961 -50 111 98 281
face 0.08189045 88 205 144 284
