face 0.9998043 220 100 560 561
face 0.13732973 62 376 140 475
face 0.1171437 620 189 707 333
face 0.112773746 444 580 495 738
face 0.11010353 641 781 726 961
face 0.099857986 431 317 530 495
face 0.09845249 584 449 691 582
face 0.09709833 611 4 711 167
face 0.09496109 675 474 721 617
face 0.09021225 -36 363 107 522
face 0.090094835 675 801 759 958
face 0.08785113 571 269 630 370
face 0.08515255 699 212 739 296
face 0.084796034 697 830 743 951
face 0.0836043 695 494 742 613
face 0.08295893 688 893 746 964
face 0.08293105 576 183 674 342
face 0.082864195 673 235 720 339
face 0.08160237 5 384 111 620
face 0.08154796 379 339 500 505
face 0.08103175 628 188 703 265
face 0.08060126 617 224 672 346
face 0.079631895 699 913 745 1008
face 0.0786465 701 311 740 401
face 0.07828791 463 288 548 469
face 0.077661425 588 238 649 345
face 0.077450536 698 246 742 341
face 0.0772529 396 585 475 755
face 0.0770931 632 440 718 606
face 0.07692867 460 593 512 726
face 0.07681268 451 136 564 314
face 0.076746896 382 487 454 555
face 0.07666118 669 304 714 396
face 0.07660923 595 275 717 492
face 0.076596715 676 266 761 429
face 0.0765896 699 543 744 659
face 0.0765174 -7 520 31 638
face 0.07643398 701 159 740 245
face 0.07591775 623 653 707 877
face 0.07591699 674 445 759 621
face 0.07582801 556 209 644 374
face 0.07567424 19 344 72 493
face 0.07532279 703 366 746 427
face 0.07513745 517 182 683 494
face 0.07513727 -69 321 110 454
face 0.07509282 616 231 710 415
face 0.07469405 673 660 721 820
face 0.07453403 23 358 129 501
face 0.07442821 702 603 744 707
face 0.07442639 675 882 763 1033
face 0.074304596 596 191 660 293
face 0.07422722 700 657 743 765
face 0.07411635 637 -61 772 119
face 0.074080765 575 271 667 419
face 0.07365107 47 325 91 435
face 0.073643036 676 623 761 795
face 0.07360352 699 472 737 561
face 0.07357472 431 621 479 761
face 0.073210664 426 560 481 708
face 0.07317328 98 856 175 955
face 0.07314449 481 603 536 712
face 0.07313683 665 210 713 296
face 0.07310642 673 217 761 362
face 0.07298885 650 349 711 474
face 0.07289174 545 201 595 339
face 0.0728649 -8 720 143 895
face 0.07282325 674 531 723 669
face 0.072783336 640 229 694 325
face 0.07276134 553 556 709 726
face 0.07263565 650 922 718 997
face 0.07261654 426 350 506 447
face 0.07248729 412 615 461 729
face 0.07214032 521 538 568 617
face 0.071995266 580 491 656 562
face 0.07198937 635 38 784 208
face 0.07187178 679 539 762 701
