face 0.99899334 253 227 637 755
face 0.8647166 98 164 286 703
face 0.112601146 267 438 379 607
face 0.10953666 326 474 439 625
face 0.107814975 445 30 560 177
face 0.10552295 97 2 188 160
face 0.09319997 607 1 708 143
face 0.08935983 341 0 449 139
face 0.08856496 516 388 637 543
face 0.08561307 3 54 238 510
face 0.085535765 20 0 111 148
face 0.08507785 72 3 142 124
face 0.085046835 363 366 420 476
face 0.082164265 310 321 425 463
face 0.08155903 693 767 750 842
face 0.08137641 24 325 362 590
face 0.08091475 701 -14 739 66
face 0.078642234 465 794 584 947
face 0.07808018 575 925 650 1001
face 0.07734734 3 356 90 555
face 0.07517308 31 219 368 490
face 0.07484336 598 651 695 831
face 0.07462861 698 356 744 488
face 0.07440534 444 260 568 432
face 0.07439319 675 197 720 348
face 0.07402499 532 38 600 153
face 0.07379608 344 518 462 681
face 0.071116135 680 316 761 485
face 0.07083647 246 -1 345 147
face 0.07076589 -69 882 124 1013
face 0.069984615 24 -10 79 46
face 0.069971174 350 228 475 388
face 0.069950245 132 2 228 159
face 0.06965685 615 176 701 347
face 0.06941494 700 169 742 279
face 0.06938132 422 56 628 195
face 0.069336355 680 158 764 331
face 0.069155134 321 504 411 596
face 0.06909479 548 63 617 175
face 0.06899437 574 694 635 814
face 0.06887243 397 156 505 316
face 0.068823315 678 12 761 174
face 0.06874414 676 749 764 909
face 0.06868124 378 398 447 509
face 0.06854391 523 51 716 198
face 0.06849826 701 159 747 226
face 0.06848274 -1 1 56 184
face 0.06792978 338 282 450 441
face 0.06787645 553 1 664 133
face 0.06785901 -9 -11 37 43
face 0.06779901 669 3 721 144
face 0.06777568 701 719 749 789
face 0.06758535 701 814 743 913
face 0.06746642 197 208 291 390
face 0.06735443 334 374 405 467
face 0.06725335 675 336 722 495
face 0.06722541 667 -61 763 105
face 0.06717899 699 37 745 154
face 0.06678792 440 1 539 81
face 0.06675314 177 255 269 437
face 0.066714294 406 0 595 429
face 0.06668896 485 210 684 356
face 0.06668485 619 520 806 657
face 0.06652831 213 477 260 607
face 0.06637219 0 493 56 660
face 0.06621725 487 441 575 518
face 0.066216074 278 505 367 596
face 0.066191986 398 12 499 106
face 0.065988325 12 895 92 965
face 0.065952 565 73 641 156
face 0.06591982 0 204 53 390
face 0.06591586 -10 14 33 162
face 0.06588852 558 776 748 923
