face 0.99997854 115 68 459 579
face 0.13690871 340 301 712 820
face 0.12012464 116 68 647 918
face 0.1115474 525 895 592 960
face 0.11060998 460 259 511 398
face 0.09653422 164 514 243 592
face 0.08922231 479 0 574 186
face 0.08615398 157 554 212 683
face 0.0856021 464 194 513 355
face 0.08494979 169 544 232 645
face 0.0838276 524 920 582 989
face 0.08332412 419 14 469 80
face 0.08299045 500 931 544 989
face 0.082276836 184 286 255 400
face 0.08172156 384 -12 443 44
face 0.080239 334 -16 413 48
face 0.07897435 700 646 745 762
face 0.0778124 446 57 489 128
face 0.076047026 379 1 448 81
face 0.07590209 107 89 201 249
face 0.0754011 609 878 802 1015
face 0.0753068 362 32 516 213
face 0.074375354 481 216 528 372
face 0.07416541 0 931 47 994
face 0.074028544 564 846 602 915
face 0.07342691 485 164 530 313
face 0.07241251 171 579 230 710
face 0.072225526 427 183 511 381
face 0.07204561 696 -14 746 44
face 0.071988575 423 44 473 124
face 0.07180696 142 147 257 291
face 0.07125656 -72 880 123 1014
face 0.07014544 142 552 192 651
face 0.07008438 616 625 803 756
face 0.06994122 98 102 160 232
face 0.06987464 556 926 604 987
face 0.069854386 611 932 660 995
face 0.06981316 -6 904 41 965
face 0.06970842 358 -50 459 88
face 0.069108695 585 931 632 990
face 0.06877828 616 575 805 707
face 0.06875799 119 191 230 349
face 0.06866691 683 645 762 815
face 0.06865828 460 51 510 140
face 0.06860053 438 10 538 181
face 0.06860004 127 297 240 470
face 0.06833002 583 812 624 917
face 0.068278916 220 609 303 693
face 0.06822352 306 100 424 253
face 0.067981154 478 34 541 154
face 0.06797852 308 -87 504 154
face 0.067897886 398 16 462 106
face 0.06785853 428 -7 472 40
face 0.067832835 549 864 581 916
face 0.06779536 437 35 488 98
face 0.06751315 515 907 555 954
face 0.06743934 -94 -64 202 197
face 0.06719812 619 624 717 894
face 0.06710588 410 -9 451 62
face 0.06699802 554 871 599 931
face 0.06691045 464 137 514 287
face 0.06688291 619 522 809 656
face 0.06679581 157 353 247 446
face 0.06667944 334 310 443 492
face 0.06657827 196 509 292 592
face 0.06641516 624 317 810 451
face 0.06638399 583 858 617 938
face 0.06637892 699 863 742 965
face 0.06627616 187 598 253 698
face 0.0661792 622 367 810 504
face 0.06615937 348 521 465 683
face 0.06613673 204 251 268 352
face 0.06609897 447 151 529 330
face 0.06606086 675 621 721 748
face 0.06603351 35 577 227 702
face 0.066010535 482 -101 679 278
face 0.06596819 -81 303 182 603
face 0.06591229 700 624 745 686
face 0.06581625 4 3 91 81
face 0.06578738 561 612 717 772
face 0.065772526 149 196 211 314
face 0.06576989 479 226 568 419
face 0.065737 213 300 302 393
face 0.065656155 548 -4 581 65
face 0.065582916 444 79 493 195
face 0.06551322 23 81 118 256
face 0.06549353 158 485 208 594
face 0.06543289 633 708 779 881
face 0.06542647 617 675 802 809
face 0.06539503 508 865 612 964
face 0.06532836 13 -12 86 50
face 0.06530311 525 871 579 922
face 0.06526407 318 197 443 341
face 0.065210916 528 -3 565 65
face 0.065116614 507 888 551 941
face 0.065081924 96 558 148 652
face 0.06508004 -67 577 117 704
face 0.065059856 275 55 391 205
face 0.065009296 621 469 810 604
face 0.06485715 703 695 745 818
