face 0.9999448 16 66 379 566
face 0.4294354 174 297 541 803
face 0.124483004 126 90 672 927
face 0.11692664 344 225 442 393
face 0.11336642 448 890 511 957
face 0.10326064 340 -9 400 46
face 0.09327122 428 886 518 1030
face 0.09204696 450 919 499 994
face 0.09120128 356 34 409 97
face 0.086262956 337 8 405 85
face 0.085890956 489 874 517 919
face 0.08358303 475 872 505 918
face 0.082726724 379 40 419 93
face 0.08248918 694 925 744 992
face 0.08172829 696 902 742 965
face 0.08029575 405 70 438 127
face 0.07994974 388 59 423 120
face 0.078624405 4 90 103 263
face 0.078555465 9 -16 94 54
face 0.078049995 34 188 140 363
face 0.07797896 97 551 158 650
face 0.07772804 485 856 519 902
face 0.077670865 113 556 172 689
face 0.075578704 433 860 534 972
face 0.07456597 461 875 510 932
face 0.07443894 435 928 481 997
face 0.07439579 1 88 55 244
face 0.073461436 508 856 537 917
face 0.073349774 697 -14 746 44
face 0.07264866 636 673 684 821
face 0.0723152 406 138 455 289
face 0.0722199 384 208 441 355
face 0.072203465 470 848 507 887
face 0.07211846 -71 879 123 1015
face 0.072051466 -9 -14 46 43
face 0.07128606 -7 23 34 115
face 0.07111991 382 19 427 69
face 0.07106722 -9 146 36 281
face 0.07098843 302 26 406 183
face 0.07069604 126 58 238 208
face 0.07061262 -1 438 103 591
face 0.07045091 -6 129 46 206
face 0.07028487 21 390 117 540
face 0.0701743 426 148 475 295
face 0.06969902 377 13 469 175
face 0.06958111 -9 840 29 963
face 0.06938371 364 53 413 118
face 0.06935196 617 655 668 795
face 0.06925731 483 842 526 888
face 0.0691494 379 483 450 561
face 0.06914279 226 -90 423 145
face 0.068873994 716 834 747 884
face 0.06873239 405 75 447 161
face 0.06867042 -7 904 40 966
face 0.068627715 454 858 489 915
face 0.06857509 -1 931 47 995
face 0.0683147 38 524 91 634
face 0.06824316 255 262 371 440
face 0.06820956 454 266 572 507
face 0.068156466 8 479 91 566
face 0.068072595 299 -13 375 49
face 0.06804952 434 866 472 917
face 0.06794553 -4 53 31 149
face 0.06792024 353 449 400 597
face 0.06788317 675 616 762 795
face 0.06785672 415 933 466 994
face 0.0676838 -10 242 37 388
face 0.067670316 437 877 482 936
face 0.06760487 1 602 52 762
face 0.06759341 82 553 133 660
face 0.06758597 71 271 186 431
face 0.067480706 -66 -28 126 89
face 0.06744993 293 491 406 657
face 0.06741075 716 808 748 859
face 0.06739832 679 861 720 969
face 0.067310296 -17 231 43 306
face 0.06728813 51 188 108 318
face 0.06727255 299 -46 407 92
face 0.06723869 701 697 747 764
face 0.06723546 123 512 207 588
face 0.06714683 704 879 746 941
face 0.06705646 705 831 736 906
face 0.06690115 714 858 747 911
face 0.06685235 703 724 747 788
face 0.06679855 -9 2 45 76
face 0.06677268 123 555 205 642
face 0.06671369 269 11 548 298
face 0.06668717 358 165 452 346
face 0.06651341 336 35 401 139
face 0.06644807 97 326 191 414
face 0.06643293 507 880 536 935
face 0.06641768 59 552 113 666
face 0.066388845 365 463 424 575
face 0.06633402 403 48 440 107
face 0.066324316 85 79 208 232
face 0.0663093 377 577 572 703
face 0.066300355 529 -8 566 34
face 0.06629084 701 671 746 738
face 0.06628091 708 753 747 812
face 0.066198274 713 780 748 834
face 0.066114694 66 230 141 316
face 0.06582452 423 877 466 947
face 0.06581136 436 2 539 192
face 0.06579732 27 512 102 588
face 0.06572603 680 823 764 985
