face 0.99999714 154 460 927 1503
face 0.12145289 73 312 1907 2305
face 0.118111454 1389 2100 1464 2211
face 0.10995584 106 2367 299 2542
face 0.0946861 105 2518 215 2668
face 0.092678234 1469 -10 1897 441
face 0.09162119 128 2423 253 2570
face 0.09155697 576 909 892 1347
face 0.08827341 1542 595 1900 1170
face 0.08488116 1222 2123 1290 2253
face 0.08432777 79 2445 178 2576
face 0.08419764 787 2525 885 2663
face 0.08277808 1370 2032 1454 2153
face 0.08273313 1307 2081 1391 2214
face 0.082717136 13 2447 100 2597
face 0.08227676 211 2344 448 2546
face 0.08222458 1221 2032 1307 2178
face 0.082040474 1339 2074 1433 2188
face 0.08101149 47 2438 141 2580
face 0.08089048 439 2279 527 2449
face 0.080640145 781 1300 981 1742
face 0.080560654 147 2418 333 2591
face 0.08053874 1406 2078 1503 2253
face 0.079656176 1168 2126 1249 2264
face 0.079576746 344 2266 476 2392
face 0.079563946 1349 2088 1452 2254
face 0.079539396 1289 2094 1367 2247
face 0.07890658 57 2521 162 2668
face 0.07855705 1367 2116 1485 2415
face 0.078537315 306 2279 427 2393
face 0.078336924 1401 2144 1537 2541
face 0.07804225 1792 -38 1964 140
face 0.0778468 3 2395 91 2545
face 0.07729268 1166 2051 1251 2185
face 0.07729 781 2456 886 2586
face 0.077286445 1548 1979 1698 2264
face 0.077268034 397 2349 552 2558
face 0.0772561 1146 2138 1262 2332
face 0.07724989 1321 2134 1447 2365
face 0.077205576 1279 1998 1373 2171
face 0.077177025 1221 1976 1330 2135
face 0.07702601 1244 2517 1351 2669
face 0.07679328 1252 2078 1337 2184
face 0.07661186 408 2252 489 2376
face 0.076499924 139 2508 264 2671
face 0.07616701 66 2267 344 2585
face 0.07589273 62 1515 317 1977
face 0.07575708 1458 2110 1592 2499
face 0.07559878 1355 2042 1584 2487
face 0.07546308 1184 90 1672 552
face 0.075457156 1126 1842 1410 2245
face 0.07534025 368 2294 512 2471
face 0.075008705 372 776 709 1239
face 0.0749037 1193 2152 1295 2339
face 0.07487928 821 2190 913 2346
face 0.074878536 763 1765 940 2028
face 0.07484962 392 2213 490 2318
face 0.07463768 144 2324 232 2457
face 0.074550845 1048 2139 1182 2491
face 0.07436945 815 2145 894 2245
face 0.074368566 12 959 154 1350
face 0.074130744 846 1156 976 1575
face 0.07412105 734 2526 834 2665
face 0.07411868 266 2316 353 2420
face 0.07407522 583 494 890 906
face 0.07405351 995 2108 1134 2441
face 0.0740401 822 2525 925 2666
face 0.07403903 433 2245 511 2347
face 0.07393659 1293 2520 1397 2663
face 0.07376147 234 2243 666 2585
face 0.073706605 -17 1792 83 1984
face 0.073688984 74 2169 213 2330
face 0.07363416 1464 2025 1585 2258
face 0.073488414 488 2290 569 2460
face 0.07348397 1418 1999 1512 2157
face 0.07319202 880 1688 1026 1959
face 0.07311007 181 2499 320 2675
face 0.07306727 841 2157 916 2274
face 0.07295985 1522 1920 1865 2460
face 0.07288648 3 2515 119 2674
face 0.07283936 816 1690 969 1947
face 0.072813086 -13 1005 87 1295
face 0.072763525 842 2083 937 2223
face 0.072741225 78 2394 189 2533
face 0.072740816 288 2296 388 2444
face 0.07267259 695 2198 920 2588
face 0.072656885 940 481 1068 850
face 0.07261305 186 2328 271 2457
face 0.072606586 -6 2338 66 2520
face 0.07259012 848 2222 946 2474
face 0.07258845 1874 -59 1997 182
face 0.072343804 1405 805 1834 1258
face 0.072320335 1499 2030 1656 2421
face 0.072284274 -18 1748 105 1911
face 0.0721787 745 2282 873 2516
face 0.072142184 537 2387 643 2528
face 0.072089344 830 353 981 691
face 0.072081186 1604 1977 1749 2240
face 0.071900725 1224 2439 1337 2583
face 0.07188096 480 2257 588 2391
face 0.071865484 1156 1992 1262 2142
face 0.07185307 1266 2158 1378 2354
face 0.071842715 673 2297 797 2472
face 0.071840525 1115 2015 1214 2173
face 0.07178049 1415 2144 1545 2337
face 0.071747705 705 2194 815 2404
face 0.07168218 1296 1975 1413 2113
