face 0.9973405 469 923 1267 1946
face 0.12778282 829 1124 1090 1487
face 0.12543744 40 311 1897 2253
face 0.123680994 549 -10 848 406
face 0.11289159 456 1105 743 1525
face 0.11107158 1131 24 1928 837
face 0.10791855 478 1072 655 1384
face 0.10043669 890 8 1162 452
face 0.096945934 471 2034 627 2305
face 0.096201465 181 2312 384 2580
face 0.095888115 1069 353 1631 1593
face 0.09117426 307 2047 568 2458
face 0.087989114 -11 -22 77 166
face 0.08670148 624 2077 958 2543
face 0.08637255 320 2174 470 2484
face 0.08348862 516 1002 848 1385
face 0.08193779 268 142 762 1383
face 0.08105679 971 231 1783 1096
face 0.08104046 527 1866 673 2187
face 0.079806104 556 1396 897 1792
face 0.07883925 1886 -35 1993 177
face 0.07848436 499 1032 728 1286
face 0.078394875 661 159 953 592
face 0.07801912 -6 25 288 464
face 0.07796333 334 2326 545 2562
face 0.07790108 966 -90 1619 576
face 0.077114634 58 2317 300 2562
face 0.076767616 782 1260 1060 1697
face 0.07651949 510 2087 673 2386
face 0.07626813 361 2183 649 2565
face 0.075983785 357 2109 532 2365
face 0.075911075 1294 6 1575 369
face 0.07511611 365 2504 536 2698
face 0.075103015 416 2252 587 2515
face 0.074567065 721 8 983 392
face 0.07424842 292 173 649 724
face 0.07400748 660 -92 1111 280
face 0.07362208 -21 2510 111 2681
face 0.0734396 1575 -195 1849 397
face 0.073343724 15 -25 159 122
face 0.07324237 332 4 627 395
face 0.07323616 1364 1543 1866 1912
face 0.07286 1002 -94 1383 318
face 0.07283125 145 2377 328 2604
face 0.07249109 277 2064 501 2284
face 0.072197706 1645 29 1928 435
face 0.072141916 654 -68 1242 931
face 0.072054125 764 233 945 535
face 0.072034396 418 2076 578 2400
face 0.07188033 492 1665 761 2080
face 0.07184001 -19 2436 104 2597
face 0.071833394 487 155 969 1414
face 0.07175466 477 2506 643 2687
face 0.07142201 365 1023 634 1409
face 0.07135594 693 1941 928 2158
face 0.07109044 1474 2469 1610 2602
