face 0.9999864 775 565 1368 1397
face 0.12598772 37 271 1598 1875
face 0.11609384 1352 904 1604 1214
face 0.11114078 1386 977 1574 1155
face 0.10874977 589 1336 646 1425
face 0.092362955 1580 1593 1674 1821
face 0.09148247 227 1284 653 1579
face 0.08985808 656 1414 726 1531
face 0.08747501 584 1306 645 1391
face 0.08677879 226 1068 597 1396
face 0.08665974 680 1413 754 1550
face 0.08594851 623 1341 705 1459
face 0.08587355 1566 1552 1682 1714
face 0.085690685 1568 1918 1673 2054
face 0.08564978 125 1099 236 1234
face 0.084585354 560 1331 626 1426
face 0.08433279 553 1297 619 1383
face 0.084038705 566 1330 663 1466
face 0.084009536 335 1230 569 1513
face 0.08387382 1575 1975 1683 2109
face 0.08349725 178 1237 401 1609
face 0.08323715 375 1216 525 1430
face 0.08277594 1488 1303 1593 1660
face 0.0822474 626 1320 684 1425
face 0.08220752 1577 1871 1670 1999
face 0.082124576 491 1250 585 1410
face 0.08180453 1587 1692 1664 1868
face 0.08135464 669 1345 753 1485
face 0.08107316 101 1117 210 1371
face 0.08103105 -15 1504 72 1772
face 0.080812566 2 1668 240 2132
face 0.08079012 1594 1784 1657 1925
face 0.08063415 1248 1452 1457 1751
face 0.0804107 414 1154 642 1514
face 0.08002664 568 1376 670 1526
face 0.07962805 1392 1603 1501 1817
face 0.079362094 -21 1633 77 1890
face 0.07915548 1571 2031 1678 2163
face 0.079072766 1528 1571 1623 1819
face 0.07903338 511 1260 709 1532
face 0.07829817 1494 1945 1615 2117
face 0.07786394 1191 1353 1285 1591
face 0.07759753 1587 1024 1674 1229
face 0.07726129 1504 1543 1628 1715
face 0.07720149 229 933 584 1265
face 0.07693483 1483 1694 1580 1867
face 0.07676207 625 1255 691 1368
face 0.07668871 658 1299 741 1442
face 0.07657183 701 1388 803 1574
face 0.076555036 254 1325 499 1643
face 0.07645595 247 1036 346 1135
face 0.07643613 1533 1687 1611 1864
face 0.075793 1520 1362 1618 1710
face 0.07575262 362 1342 537 1554
face 0.07574588 1288 1512 1430 1709
face 0.07558991 677 887 774 1173
face 0.07524886 1345 1567 1458 1786
face 0.0751669 568 1300 761 1601
face 0.07496323 1587 907 1654 1077
face 0.07490674 66 1070 250 1413
face 0.07469185 694 1469 824 1667
face 0.07466212 720 1131 806 1356
face 0.07463152 1423 1926 1576 2124
face 0.07457687 529 1319 638 1506
face 0.07456511 130 1191 555 1485
face 0.07445737 1434 1695 1550 1879
face 0.074409194 458 1307 601 1509
face 0.07433749 169 1516 321 1727
face 0.07431872 1098 526 1360 862
face 0.0742495 137 1051 209 1131
face 0.074205264 638 1433 718 1588
face 0.07414161 369 1138 529 1330
face 0.07409924 295 1317 463 1517
face 0.0739701 1605 899 1682 1015
face 0.07387502 37 1715 171 1933
face 0.07385451 1477 1300 1552 1449
face 0.073706806 1600 1763 1680 1877
face 0.07369172 1565 2084 1684 2235
face 0.07367974 170 1083 281 1212
face 0.073258795 1588 -28 1681 94
face 0.07318027 52 1552 152 1751
face 0.07308767 1512 1284 1585 1489
face 0.073078215 750 1223 850 1371
face 0.073017515 1352 1817 1582 2121
face 0.07300142 134 1154 247 1484
face 0.07276919 718 1333 803 1497
face 0.07276697 1489 1850 1594 2029
face 0.072732806 605 1208 692 1335
face 0.07262693 688 1452 776 1580
face 0.072410844 1089 2097 1235 2242
face 0.072356254 219 1337 342 1536
face 0.072223134 1443 1613 1561 1789
face 0.07203048 1402 1804 1580 1964
face 0.07198307 1395 1255 1597 1674
face 0.071979 452 1151 606 1294
face 0.0719727 1587 1102 1671 1305
face 0.07192807 719 1295 801 1416
face 0.071918175 162 1047 248 1131
face 0.07191402 0 4 229 431
face 0.07191165 1453 1353 1551 1611
face 0.07180934 1021 1538 1248 1864
