face 0.9999788 180 225 374 484
face 0.119071916 12 88 529 624
face 0.11867654 364 369 450 482
face 0.11812734 505 676 537 726
face 0.11812221 172 430 216 505
face 0.10285918 312 148 356 204
face 0.09767933 90 417 152 543
face 0.09515716 465 475 532 611
face 0.09227211 2 684 25 726
face 0.08493451 116 405 183 548
face 0.083343826 -5 573 24 669
face 0.08321274 462 478 504 579
face 0.082921654 342 140 384 185
face 0.08270831 155 169 205 244
face 0.08220412 342 160 379 200
face 0.082106225 -4 622 21 695
face 0.08187466 -1 657 22 716
face 0.08180303 175 562 265 681
face 0.080850095 363 399 431 465
face 0.08037056 277 214 361 332
face 0.079387 447 483 487 583
face 0.07916424 464 275 602 379
face 0.07863982 160 401 201 504
face 0.07738595 77 263 138 416
face 0.076399684 398 299 468 439
face 0.076145165 523 504 559 553
face 0.0759866 33 617 101 719
face 0.07558413 148 311 188 412
face 0.07527047 468 237 604 339
face 0.07518858 143 393 188 516
face 0.07481661 149 245 186 341
face 0.074806705 171 395 211 478
face 0.074417226 17 694 60 745
face 0.074044876 149 180 189 288
face 0.07386812 -5 695 26 741
face 0.07300367 185 413 228 496
face 0.07296561 30 658 74 721
face 0.07274842 505 488 570 613
face 0.07267689 332 167 367 227
face 0.07241933 9 678 42 719
face 0.07234179 422 317 483 456
face 0.07153666 410 276 537 380
face 0.07126191 380 357 444 427
face 0.071107864 337 184 369 264
face 0.07084783 521 660 552 724
face 0.07066475 348 405 398 459
face 0.07014741 46 693 95 750
face 0.07014485 18 607 57 709
face 0.07007151 522 521 560 573
face 0.069992825 318 179 355 272
face 0.06992275 525 486 559 534
face 0.06988882 6 696 41 742
face 0.06979912 521 -10 559 33
face 0.06967565 -21 557 36 678
face 0.06966076 -4 150 26 249
face 0.06946708 358 388 415 443
face 0.06941967 98 216 165 353
face 0.069255 131 199 170 278
face 0.06913192 94 456 145 524
face 0.06887099 -33 608 72 727
face 0.06873434 418 345 463 439
face 0.068633296 128 375 172 499
face 0.06861903 354 417 416 479
face 0.0685922 305 156 346 239
face 0.068559594 160 275 205 371
face 0.068480745 364 198 395 291
face 0.068188116 363 194 425 326
face 0.06812995 415 252 454 318
face 0.068048276 -31 411 109 713
face 0.06792697 399 284 447 352
face 0.06789835 181 444 231 523
face 0.06789287 71 -26 490 189
face 0.06783898 131 255 171 337
face 0.06754624 -9 557 29 613
face 0.06749139 26 627 77 696
face 0.06745297 133 320 196 453
face 0.06733239 360 260 470 392
face 0.06723932 459 432 598 530
face 0.06723431 112 429 159 523
face 0.067157365 459 471 597 567
face 0.067023955 316 139 348 181
face 0.06697579 0 590 41 683
face 0.06694313 408 307 460 365
