face 0.9966197 434 990 938 1709
face 0.12513307 817 22 1405 821
face 0.11826862 946 23 1144 420
face 0.11639562 1388 2408 1469 2590
face 0.11123876 917 1520 1037 1833
face 0.10924163 883 1456 995 1762
face 0.10646199 1142 1621 1239 1744
face 0.0948366 962 1507 1066 1872
face 0.089565754 849 1559 963 1822
face 0.088296264 1177 1614 1276 1781
face 0.086996116 1221 1574 1326 1795
face 0.086206034 1108 1804 1303 2185
face 0.08574741 963 1578 1151 2007
face 0.08407903 1350 2395 1436 2576
face 0.08204214 -18 1694 222 2133
face 0.08173523 1145 1671 1260 1926
face 0.08020976 1027 2213 1275 2552
face 0.07831882 1026 1802 1221 2204
face 0.07799182 1099 1548 1219 1698
face 0.077597454 736 957 907 1181
face 0.07755593 1407 -34 1492 112
face 0.077513 1256 1543 1370 1825
face 0.07708952 871 1615 1000 1883
face 0.076346196 561 -25 1203 914
face 0.07606943 779 894 926 1095
face 0.07450766 1087 -16 1413 450
face 0.07423265 1313 1504 1417 1867
face 0.07394978 994 1732 1119 2019
face 0.07329903 1136 1659 1233 1826
face 0.07314594 1226 1721 1405 2166
face 0.07290985 932 22 1107 218
face 0.072697535 662 931 896 1353
face 0.07261622 877 1535 1245 1890
face 0.072536334 892 1282 984 1675
face 0.072525494 1004 1659 1371 2017
face 0.07250846 787 1023 911 1247
face 0.0722833 1101 1938 1235 2224
face 0.07210391 990 13 1211 740
face 0.07208305 1046 1901 1198 2125
face 0.071824625 948 1647 1080 1961
face 0.071806826 654 -72 1336 543
face 0.07165903 926 1878 1151 2307
face 0.07153905 1038 1669 1160 1935
face 0.07146533 838 1494 964 1704
face 0.071423024 1188 1653 1299 1964
face 0.07121163 942 2064 1178 2457
face 0.07106124 1157 1581 1242 1693
face 0.07091516 509 951 753 1364
face 0.07089542 1199 1600 1270 1724
face 0.07064408 991 -27 1115 124
face 0.07063237 1087 1820 1251 2058
face 0.07061207 341 1458 682 1903
face 0.07044704 783 1666 1165 2022
face 0.07031594 953 1805 1081 2087
face 0.07015206 1228 1657 1337 1998
face 0.06984305 982 124 1388 535
face 0.06979651 1213 1864 1341 2150
face 0.06970138 1173 1920 1303 2216
face 0.0696785 1396 22 1486 194
face 0.06964953 1083 1519 1395 1929
face 0.06963415 1054 2171 1251 2421
face 0.069624335 998 1596 1112 1879
face 0.06956551 18 1637 205 1871
face 0.06951262 1149 1993 1268 2321
