face 0.9989009 576 954 945 1469
face 0.99589586 1655 1025 2061 1572
face 0.12620547 557 819 748 1260
face 0.12614551 614 1189 952 1824
face 0.11914618 66 3435 271 3758
face 0.11765006 1329 2278 1595 2980
face 0.10150089 860 922 1208 1508
face 0.09988371 764 1371 945 1699
face 0.093636945 2022 905 2224 1247
face 0.092700794 1298 1844 1471 2409
face 0.09196446 711 789 969 1213
face 0.0919348 680 1494 1001 2192
face 0.09139842 2036 967 2337 1565
face 0.09028868 389 1090 631 1551
face 0.090111606 2049 1085 2215 1559
face 0.090005286 2033 461 2351 1044
face 0.089548774 1971 1320 2184 1716
face 0.08942554 1330 1997 1599 2712
face 0.08707985 801 438 1153 1122
face 0.085131615 2259 422 2434 853
face 0.08474266 487 1139 832 1840
face 0.08301357 1051 2579 1353 3339
face 0.08243937 2199 311 2486 957
face 0.0811556 1681 414 1946 854
face 0.08068052 102 -198 582 463
face 0.08024742 1828 330 2179 931
face 0.07997884 867 660 1104 1087
face 0.0799694 848 1029 1063 1424
face 0.07869669 275 908 482 1329
face 0.07847241 2113 1024 2275 1495
face 0.07831984 641 1386 799 1723
face 0.07831896 1960 760 2196 1124
face 0.07826176 489 1716 671 2339
face 0.07795553 894 1719 1058 2191
face 0.07698947 711 1891 1074 2554
face 0.076168954 2175 966 2365 1355
face 0.07582364 1428 2515 1608 3087
face 0.07524484 1024 2566 1210 3145
face 0.0751206 1228 38 1561 666
face 0.075075366 352 1579 537 2126
face 0.07498749 815 1456 1035 1840
face 0.07484893 430 948 656 1376
face 0.07462581 2179 518 2366 1006
face 0.07455365 1370 1891 1529 2422
face 0.07444909 762 1488 947 1997
face 0.07437772 -11 3227 117 3456
face 0.074324384 948 968 1129 1424
face 0.07429899 97 57 461 617
face 0.07403188 2108 398 2285 865
face 0.073859714 428 -12 737 725
face 0.07379389 226 750 416 1289
face 0.073644176 282 508 464 1171
face 0.073587924 125 3359 293 3689
face 0.07357844 197 3396 349 3699
face 0.073466286 1100 2307 1292 2953
face 0.07322152 1187 2843 1470 3563
face 0.07316263 1888 125 2116 547
face 0.07302632 878 1522 1080 1989
face 0.07295821 688 2688 861 3360
face 0.07290642 486 1147 672 1659
face 0.072900966 959 2747 1278 3563
face 0.07279488 1374 1710 1533 2224
face 0.07268542 605 19 942 742
face 0.072568715 443 21 698 336
face 0.07254589 423 1602 593 2142
face 0.072450645 1719 556 2045 903
face 0.07234361 797 2192 1001 2514
face 0.072292976 474 221 823 834
