face 0.9999765 652 1076 1331 2007
face 0.13707207 41 318 1911 2248
face 0.12291236 1588 1950 1861 2375
face 0.12231542 1643 1575 1932 2063
face 0.1202476 1439 1274 1735 1775
face 0.11919295 677 1001 826 1305
face 0.11337712 1242 1788 1485 2234
face 0.10399097 426 2051 678 2489
face 0.08860304 613 1016 708 1298
face 0.08728409 1643 1386 1927 1874
face 0.08553772 1629 752 1937 1139
face 0.084745064 1195 1853 1367 2197
face 0.083514534 477 2111 629 2396
face 0.08343378 665 978 796 1184
face 0.082537025 1535 1187 1819 1637
face 0.081489205 1306 1303 1450 1657
face 0.08075041 577 1983 736 2241
face 0.0806935 319 2512 483 2692
face 0.08053383 1712 1178 1948 1636
face 0.07823084 671 974 936 1355
face 0.07701326 1238 1117 1469 1637
face 0.07620046 1208 1433 1554 2020
face 0.075372525 533 1351 662 1796
face 0.074057154 784 1346 1110 1816
face 0.07315708 717 937 902 1179
face 0.07295864 1472 1994 1787 2415
face 0.07280145 629 1036 753 1220
face 0.07260443 1353 1456 1621 1945
face 0.072580524 520 1526 668 1944
face 0.07242772 1689 714 1926 901
face 0.0722118 533 2084 700 2272
face 0.072077885 1289 1635 1456 2018
face 0.07193602 1221 1977 1429 2210
face 0.071629845 816 1248 1079 1447
face 0.071574606 1303 1451 1452 1823
face 0.07093388 1276 2037 1461 2315
face 0.070900664 1377 1683 1898 2059
face 0.07088297 712 1181 961 1426
face 0.070714235 1462 2120 1689 2364
face 0.07066515 413 1814 669 2259
face 0.07065209 1396 1401 1560 1713
face 0.070231795 19 2319 265 2569
face 0.07003557 -6 2522 119 2681
face 0.06999794 1813 2410 1946 2611
face 0.06988126 1229 1201 1388 1549
face 0.06988074 1687 1164 1910 1405
face 0.06979877 533 1069 660 1385
face 0.06962744 57 2507 232 2697
face 0.06932047 491 1910 616 2175
face 0.06928197 1476 1014 1789 1447
face 0.069247656 588 2122 824 2374
face 0.06898295 566 1465 703 1885
face 0.06870258 1474 1459 1759 1883
face 0.06864406 422 1979 556 2289
face 0.06857645 806 1080 995 1361
face 0.068519734 1206 1736 1352 2063
face 0.06839045 501 2021 627 2235
face 0.068007104 1681 1362 1890 1607
face 0.06794943 1904 578 2020 740
face 0.06755021 1351 1713 1495 2100
face 0.0673635 1269 845 1499 1046
face 0.067347474 1304 1032 1450 1429
face 0.06726026 486 1061 603 1277
face 0.067159966 1877 -42 2018 123
face 0.067144185 1007 1599 1676 2488
face 0.06712275 418 2111 575 2409
face 0.06708154 1382 2116 1565 2382
face 0.06707642 -8 2451 113 2594
face 0.06689472 1612 1093 1867 1325
face 0.066847794 221 2332 457 2567
face 0.06681734 1850 703 2007 886
face 0.066667415 479 1132 612 1374
face 0.06654624 -24 2339 70 2579
face 0.06653773 1167 1752 1293 2152
face 0.066513784 560 2324 834 2568
face 0.06651155 1253 1712 1401 2128
face 0.06650611 951 1181 1200 1411
face 0.066505656 1312 1909 1513 2166
face 0.066421606 523 1164 657 1532
face 0.066300035 547 2032 691 2197
face 0.06629407 1563 2199 1805 2424
face 0.06620944 1881 2150 2012 2341
face 0.06611735 1873 1044 2017 1246
face 0.06609484 303 2449 487 2617
face 0.06608246 1882 647 2018 820
face 0.06604978 1295 1642 1543 2173
face 0.06597921 -24 -38 66 161
face 0.065966964 60 2043 297 2287
