face 0.991501 430 138 523 281
face 0.12630418 21 161 942 1125
face 0.12575349 736 1082 850 1183
face 0.12159191 6 1 40 70
face 0.11978999 16 -2 56 59
face 0.10855064 617 775 689 891
face 0.09753623 700 479 755 533
face 0.097124085 684 35 730 110
face 0.09681389 673 477 739 539
face 0.095052086 896 16 942 94
face 0.09475567 210 19 318 219
face 0.0941461 692 20 736 85
face 0.09410887 713 448 766 500
face 0.093580835 903 126 945 197
face 0.09326325 731 467 796 529
face 0.093063995 728 25 758 87
face 0.09232934 94 -2 147 55
face 0.092048414 637 820 714 906
face 0.09198555 506 141 574 302
face 0.09176668 938 120 986 200
face 0.090916105 724 4 757 64
face 0.0899977 452 1204 520 1275
face 0.08986345 355 3 433 155
face 0.08970924 19 20 53 83
face 0.089435376 561 697 685 879
face 0.088967405 905 89 945 158
face 0.08863778 94 15 135 79
face 0.088536836 902 41 945 119
face 0.088001736 2 39 37 152
face 0.087685525 510 234 581 342
face 0.08763732 720 982 851 1169
face 0.087479845 702 464 747 511
face 0.0871782 934 -2 974 77
face 0.08694263 450 288 502 381
face 0.08680656 744 444 808 499
face 0.08650726 418 980 530 1089
face 0.0863328 695 0 742 59
face 0.08628835 492 227 555 325
face 0.08588462 -46 -89 68 130
face 0.08585281 728 1095 802 1177
face 0.08568861 934 149 983 234
face 0.0855528 676 461 727 514
face 0.08549464 324 831 563 1021
face 0.085483894 891 1 932 64
face 0.08531274 634 -5 751 176
face 0.08530413 11 51 46 121
face 0.08508473 579 744 656 851
face 0.08489057 531 6 567 99
face 0.084860064 564 824 639 917
face 0.08472129 -35 9 64 232
face 0.08463052 386 220 452 349
face 0.08458576 29 7 64 67
face 0.08454291 712 22 744 82
face 0.08403495 938 81 987 163
face 0.08397814 719 54 757 123
face 0.08394194 70 -3 129 55
face 0.0838812 45 10 81 78
face 0.08373942 475 907 559 1039
face 0.08373708 400 889 541 1091
face 0.08317102 654 38 711 121
face 0.08299989 400 800 463 876
face 0.08298135 558 8 592 92
face 0.082958706 335 372 460 599
face 0.08290998 376 20 464 134
face 0.08286393 661 16 721 89
face 0.082728125 -6 77 41 212
face 0.082514666 8 20 127 219
face 0.08250258 935 41 986 129
face 0.08242512 680 76 730 151
face 0.082414575 754 10 791 94
face 0.0823562 902 154 945 231
face 0.08205242 366 155 431 283
face 0.082043275 346 305 461 503
face 0.0818465 2 111 50 191
face 0.08176459 477 288 530 360
face 0.081734315 60 14 120 88
face 0.08147998 485 418 602 622
face 0.0813865 198 884 234 929
face 0.08129491 415 211 538 419
face 0.081195705 361 857 490 1089
face 0.08100781 864 12 907 98
face 0.08085102 903 -8 950 51
face 0.0808171 739 1031 824 1142
face 0.08067104 15 50 65 193
face 0.0806411 368 305 427 414
face 0.08058278 574 -4 611 52
face 0.08030625 500 556 616 765
face 0.08018117 117 12 157 64
face 0.08013801 623 44 671 120
face 0.08006881 159 17 270 211
face 0.08006474 524 65 570 193
face 0.080046594 217 886 252 930
face 0.08002825 683 492 760 568
face 0.08001821 195 850 234 900
face 0.07987852 45 1239 110 1321
face 0.079873554 891 -11 1012 182
face 0.07986773 146 10 188 67
face 0.07985997 355 357 408 425
face 0.07961417 389 938 456 1092
face 0.07960027 439 257 569 466
face 0.0795746 367 850 413 930
face 0.07944525 409 261 476 382
face 0.07940019 766 1156 890 1263
face 0.0793644 538 -6 578 53
face 0.0792207 604 725 680 813
face 0.07915676 276 -4 329 56
face 0.079115555 325 2 362 80
face 0.07879396 886 43 928 116
face 0.07878046 54 -2 104 55
face 0.07877565 484 196 605 365
face 0.078705326 433 678 505 830
face 0.07843785 638 750 699 848
face 0.07840125 758 -11 807 55
face 0.078347996 175 52 248 180
face 0.07834074 617 16 677 91
face 0.07828949 310 261 416 454
face 0.0782752 824 973 961 1175
face 0.07823827 296 3 337 83
face 0.07814324 703 854 851 1030
face 0.07813424 496 422 564 519
face 0.07809978 513 287 608 371
face 0.07804204 533 955 624 1046
face 0.07801996 -2 147 51 223
face 0.078009464 40 22 89 112
face 0.077960625 273 5 313 78
face 0.07785722 110 -27 246 264
face 0.077819526 255 73 315 181
face 0.07779565 679 735 733 806
face 0.0775459 30 67 95 180
face 0.07750201 303 -4 351 55
