face 0.9999821 488 546 1138 1414
face 0.11829733 37 265 1583 1871
face 0.1168528 1199 454 1324 620
face 0.11523336 1037 1293 1245 1607
face 0.112558566 1065 1176 1294 1513
face 0.09712986 1166 425 1370 725
face 0.09089436 398 1693 511 1942
face 0.090754904 353 1688 462 1934
face 0.089917384 7 1888 132 2149
face 0.08699244 1218 432 1356 567
face 0.08473571 1043 1383 1164 1637
face 0.08315435 509 885 800 1257
face 0.08197112 1084 1152 1218 1435
face 0.08176741 1284 368 1431 514
face 0.08072233 1603 319 1679 443
face 0.079315126 1123 1116 1259 1370
face 0.079117365 1584 293 1663 510
face 0.07889919 1462 2074 1622 2256
face 0.078825735 1088 1623 1209 1936
face 0.07817141 -18 1905 68 2153
face 0.07669073 1515 1425 1618 1763
face 0.07635024 1324 1346 1466 1477
face 0.07563757 1348 1868 1471 2107
face 0.07366772 1579 181 1656 367
face 0.073177084 -3 2097 93 2230
face 0.07294096 351 1796 464 2068
face 0.07293082 640 1444 869 1867
face 0.07281456 1599 367 1679 500
face 0.072701894 1589 1752 1683 1885
face 0.07248361 1586 1807 1681 1939
face 0.072471224 999 1564 1129 1871
face 0.07243876 1608 262 1680 375
face 0.07205131 1180 1451 1290 1628
face 0.07201518 1602 418 1686 557
face 0.07152789 -9 2033 86 2163
face 0.07117718 1140 1784 1343 2153
face 0.07109862 671 -72 1587 358
face 0.071079604 799 974 1059 1402
face 0.07100838 1555 2082 1681 2241
face 0.070983455 1408 1519 1498 1768
face 0.0709199 1543 151 1611 354
face 0.070602514 1446 1541 1541 1826
face 0.07055791 523 1593 774 1974
face 0.0704402 1396 1827 1597 2150
face 0.070366085 864 616 1131 989
face 0.07030357 1312 1284 1483 1448
face 0.07026421 1570 -33 1662 153
face 0.0701749 1396 1878 1524 2104
face 0.070022754 1477 1526 1591 1851
face 0.06978435 1450 2013 1621 2186
face 0.06977078 1587 1843 1667 2038
face 0.069756456 1599 196 1678 321
face 0.06968831 1296 1850 1428 2111
face 0.06967376 1038 1677 1169 1944
face 0.06964455 1216 213 1584 580
face 0.06960345 1585 1227 1684 1365
face 0.06958418 1354 1558 1452 1744
face 0.06920079 1568 2032 1673 2167
face 0.06915944 1151 1369 1280 1583
face 0.06902993 363 1642 549 2003
face 0.06900316 1073 1543 1281 1903
face 0.06897711 1593 1985 1683 2113
face 0.068883285 308 1701 426 2031
face 0.06886476 1064 1423 1223 1597
face 0.06883661 392 1806 511 2069
face 0.06879458 1456 1623 1557 1766
face 0.068637855 -112 -99 242 234
face 0.06858253 1119 1679 1254 1953
face 0.068568304 489 1690 620 1949
face 0.068485074 1209 1495 1325 1775
face 0.06848291 1287 412 1419 591
face 0.068355344 636 967 940 1365
face 0.06832042 1360 1498 1456 1674
face 0.06808491 1222 1734 1338 2041
face 0.068037085 1597 530 1687 678
face 0.068032965 17 1721 114 1968
face 0.06802619 53 1809 245 2154
face 0.067938365 1606 1932 1685 2051
face 0.067897595 1044 1527 1460 1813
face 0.06786456 1519 1621 1619 1905
face 0.06776685 1004 1674 1207 2067
face 0.067664966 510 1268 662 1538
face 0.06764975 1337 1605 1459 1823
face 0.06763447 401 1592 503 1859
