face 0.99966955 567 789 1091 1534
face 0.13607766 -64 -63 1037 723
face 0.12223521 -10 55 173 286
face 0.12004693 -4 62 259 420
face 0.11681541 643 1718 1379 2389
face 0.11391129 1034 1544 1206 1795
face 0.11384539 439 1420 660 1810
face 0.10078035 -5 -28 80 144
face 0.09304303 3 106 125 365
face 0.09240458 20 200 185 403
face 0.090566374 34 1860 230 2321
face 0.08963514 1405 1651 1479 1880
face 0.08821237 1428 716 1495 860
face 0.08693451 435 936 530 1324
face 0.08632589 -11 29 90 222
face 0.085818656 201 19 427 465
face 0.08506507 1433 653 1494 790
face 0.08505864 35 -23 152 131
face 0.08221504 1417 1740 1493 1887
face 0.08201101 604 1368 814 1787
face 0.08121743 1431 581 1494 720
face 0.07882078 1142 1525 1497 1890
face 0.07831788 1267 1137 1377 1530
face 0.07709969 460 1672 851 2025
face 0.07704635 27 16 197 211
face 0.0754659 1419 777 1496 936
face 0.07540222 621 1477 1340 2131
face 0.07453594 1429 513 1496 658
face 0.07421844 998 1474 1124 1766
face 0.07286311 525 1531 656 1798
face 0.07222234 1111 1096 1231 1423
face 0.071905665 1399 -36 1493 117
face 0.071710415 -12 209 67 435
face 0.0709539 80 237 316 626
face 0.07092121 1207 -2 1419 414
face 0.0707715 1127 1544 1281 1778
face 0.07076006 1126 1668 1495 2037
face 0.07075977 534 1151 655 1482
face 0.07071364 1348 1593 1439 1919
face 0.07057489 1405 1797 1477 2011
face 0.07051642 103 25 351 496
face 0.070325494 450 952 551 1161
face 0.07009081 562 1451 698 1760
face 0.06985408 109 1863 304 2324
face 0.06975411 263 1861 469 2328
face 0.06972772 1003 1627 1179 1839
face 0.06965071 1431 446 1497 589
face 0.06963166 1218 1161 1347 1480
face 0.0696254 1253 1546 1391 1780
face 0.069606006 418 1105 537 1403
face 0.06947389 476 998 567 1389
face 0.069304995 1377 633 1435 884
face 0.06927033 1270 1712 1389 1923
face 0.06922565 1081 897 1252 1396
face 0.069205046 -9 2390 77 2584
face 0.069084294 -10 1799 78 1968
face 0.06900055 1131 1732 1355 2195
face 0.06886257 439 1504 616 1722
face 0.06884938 300 1746 504 2195
