face 0.9996872 556 1106 1177 1988
face 0.13000931 34 272 1603 1876
face 0.11825213 418 603 839 879
face 0.11688251 688 1139 994 1422
face 0.110723495 475 1323 557 1552
face 0.109611645 913 1170 1175 1497
face 0.10751683 532 693 605 770
face 0.09526096 488 790 599 904
face 0.095184825 842 1444 1078 1812
face 0.09428219 590 507 845 929
face 0.08943235 480 826 603 954
face 0.08879824 728 573 788 672
face 0.0856179 748 1536 1004 1863
face 0.085178204 766 569 829 674
face 0.08391909 691 577 747 672
face 0.08199941 543 667 721 804
face 0.08124918 991 1304 1138 1574
face 0.08047613 520 702 577 783
face 0.07811103 523 656 594 726
face 0.077852994 646 575 701 670
face 0.077710025 737 633 792 718
face 0.07762828 772 646 829 733
face 0.07726548 472 809 523 887
face 0.07712546 808 535 880 670
face 0.07709934 534 715 679 848
face 0.07702129 400 -9 519 92
face 0.07700532 887 349 1241 695
face 0.07684636 636 27 792 140
face 0.0767342 490 1608 587 1906
face 0.07556446 740 1092 937 1335
face 0.07550404 479 1371 592 1619
face 0.075082935 382 1279 570 1646
face 0.07494531 474 849 529 934
face 0.07452664 685 641 740 725
face 0.07396101 526 742 608 834
face 0.07395851 563 -13 697 94
face 0.07392162 448 1663 549 1957
face 0.07386691 1201 1032 1439 1462
face 0.07365685 491 841 566 936
face 0.07357996 642 648 699 732
face 0.07351075 687 699 810 842
face 0.07347572 600 567 658 666
face 0.07343564 450 942 555 1087
face 0.07340661 475 1312 556 1428
face 0.07328264 427 1321 511 1544
face 0.07318216 481 -12 607 92
face 0.07304325 1141 778 1240 1102
face 0.07293903 847 -18 1006 105
face 0.07283618 315 -7 428 91
face 0.07282567 436 771 483 880
face 0.07274033 521 1141 671 1331
face 0.072627775 439 817 487 937
face 0.07259612 468 906 542 1032
face 0.07237553 24 20 198 169
face 0.07233538 516 748 570 827
face 0.072153874 468 752 516 824
face 0.07206692 683 -12 831 102
face 0.07177429 515 617 575 688
face 0.07169161 763 522 843 641
face 0.07161837 56 -14 177 97
face 0.071537755 1166 1178 1290 1519
face 0.071533576 446 360 856 728
face 0.07152208 705 675 803 787
face 0.07135005 465 688 513 760
face 0.07126937 658 590 731 669
face 0.07124869 487 884 598 1061
face 0.07117295 439 867 491 996
face 0.0711495 362 5 455 101
face 0.070905335 500 1206 608 1396
face 0.07089732 724 529 800 637
face 0.07087221 767 -13 918 103
face 0.070852466 710 441 805 610
face 0.07083688 485 1773 606 2062
face 0.07083585 646 617 708 695
face 0.070819974 807 620 865 726
face 0.07069667 662 654 751 753
face 0.07051427 453 857 505 951
face 0.07037347 837 1544 1013 1748
face 0.070356764 545 25 703 140
face 0.07022582 494 807 561 890
face 0.07017524 670 437 763 609
face 0.070012875 272 -7 385 91
face 0.069980405 531 1338 646 1681
face 0.06992736 936 -21 1093 105
face 0.069926366 840 752 946 936
face 0.06989019 717 133 807 222
face 0.06984308 837 465 937 680
face 0.06976492 752 438 848 614
face 0.06974095 762 1245 1003 1439
face 0.06969583 518 588 588 663
face 0.06968988 790 714 880 946
face 0.06957415 1576 -30 1682 99
face 0.06948132 624 661 772 795
face 0.06947728 601 643 660 728
face 0.06945176 728 656 802 743
face 0.06934601 690 536 761 637
face 0.06930631 753 193 839 282
face 0.06928384 992 1372 1181 1722
face 0.0692252 483 1475 583 1788
face 0.06915518 415 845 595 1190
face 0.069129646 376 774 445 951
face 0.06912165 551 562 613 663
face 0.06903059 471 644 524 724
face 0.06899777 647 535 715 636
face 0.06888158 1183 1930 1278 2149
face 0.06885513 570 1115 719 1376
face 0.06877256 451 814 502 905
face 0.068744384 785 168 893 280
face 0.068700135 605 1102 860 1406
face 0.06864806 626 432 718 608
face 0.06863579 226 -7 342 93
face 0.06861954 1292 96 1420 334
face 0.068497814 1136 921 1250 1196
face 0.06840224 190 1439 454 1839
face 0.0683743 428 634 476 721
face 0.06830243 538 1584 648 1818
face 0.068290144 708 22 883 142
face 0.06827871 613 637 732 739
face 0.06823759 431 722 476 818
face 0.06815417 462 557 525 664
face 0.06814786 484 940 604 1211
