face 0.9999237 180 3 483 384
face 0.12187791 340 658 404 767
face 0.11872284 103 72 617 875
face 0.10191692 301 650 389 798
face 0.09089999 39 213 143 377
face 0.09026165 274 815 369 964
face 0.08949552 34 218 100 323
face 0.08864745 119 541 208 720
face 0.08814232 133 32 188 150
face 0.08755044 247 636 305 728
face 0.087051876 311 688 378 772
face 0.08558035 296 845 357 938
face 0.08536473 148 494 248 657
face 0.08491389 328 638 388 742
face 0.084885456 80 -4 166 165
face 0.08447639 312 632 366 731
face 0.083024204 124 6 178 72
face 0.08242281 243 547 309 649
face 0.08134041 106 41 151 158
face 0.079126194 275 641 328 714
face 0.07892797 317 730 395 812
face 0.07892293 486 767 571 954
face 0.07845698 126 -8 172 44
face 0.07826011 362 632 421 741
face 0.07818396 165 213 190 287
face 0.07815017 140 -16 186 60
face 0.07764997 467 -10 506 55
face 0.07691509 503 771 666 942
face 0.07675666 151 702 217 806
face 0.07654571 310 887 357 970
face 0.07614453 121 5 171 138
face 0.07583531 220 664 283 739
face 0.07582086 143 12 236 182
face 0.07566517 447 103 573 350
face 0.07551088 186 648 290 802
face 0.075505264 -23 67 77 287
face 0.074819826 375 443 471 623
face 0.074433714 136 727 199 828
face 0.074172415 153 -16 211 48
face 0.07413372 139 165 216 334
face 0.07406474 19 457 108 633
face 0.07394055 344 615 409 712
face 0.07379199 213 608 306 746
face 0.07378079 121 241 171 392
face 0.07377046 697 927 748 994
face 0.07348156 713 630 746 680
face 0.07333658 140 309 184 438
face 0.07329903 77 407 168 544
face 0.07326111 704 -12 746 42
face 0.07302277 108 729 191 865
face 0.0727487 444 332 488 415
face 0.07270287 207 490 313 639
face 0.07257914 111 348 170 445
face 0.07253823 86 367 154 472
face 0.07252126 185 511 254 630
face 0.07252023 175 689 231 775
face 0.07223517 144 238 179 365
face 0.072164394 161 238 198 369
face 0.0721625 0 134 129 337
face 0.0721102 297 585 348 677
face 0.07192701 283 745 330 806
face 0.071858965 3 205 56 329
face 0.071823224 154 354 210 475
face 0.07181019 312 922 357 1009
face 0.07158375 320 873 370 946
face 0.07155084 307 785 364 917
face 0.071533576 268 583 321 670
face 0.07136009 429 215 475 318
face 0.071286075 107 7 155 84
face 0.07122528 40 325 132 469
face 0.0711637 322 618 385 692
face 0.07112394 442 184 497 308
face 0.071104184 126 77 181 188
face 0.07102405 234 428 329 516
face 0.07102155 -39 251 101 409
face 0.0710162 468 16 513 155
face 0.07097287 132 369 192 467
face 0.070932224 424 316 463 386
face 0.07092784 -14 425 39 525
face 0.0708814 714 655 747 704
face 0.070679046 -72 519 197 813
face 0.07059381 196 686 254 771
face 0.070538804 14 251 90 341
face 0.07031383 215 542 267 656
face 0.07028556 147 725 261 887
face 0.07026412 712 601 747 655
face 0.07020041 52 207 122 285
face 0.07016587 -31 399 54 558
face 0.0701567 -60 214 124 347
