face 0.9999944 212 211 520 654
face 0.117134124 16 114 699 834
face 0.11164346 361 406 487 596
face 0.11124219 693 926 747 994
face 0.1050721 -8 691 30 808
face 0.08368985 696 901 747 965
face 0.0835387 -6 930 46 994
face 0.08200443 293 414 420 574
face 0.08200294 216 668 305 859
face 0.08196912 655 764 752 998
face 0.081883214 183 657 267 841
face 0.081477374 -47 -42 109 100
face 0.08096331 12 920 84 999
face 0.08033435 696 -14 748 44
face 0.07871418 -10 -19 28 64
face 0.07739068 160 680 215 777
face 0.07713794 137 693 200 762
face 0.07700984 5 888 88 966
face 0.076913364 -51 -94 182 223
face 0.07492694 702 873 751 943
face 0.07354616 699 676 743 786
face 0.07350869 117 685 174 771
face 0.071150266 31 740 108 817
face 0.070300646 17 302 212 765
face 0.070193544 176 422 224 578
face 0.06997797 546 -115 748 252
face 0.06964369 1 15 54 176
face 0.06919881 17 716 89 793
face 0.069084585 -14 746 38 813
face 0.06828632 -2 828 96 959
face 0.06752759 -9 32 28 151
face 0.06732985 53 776 113 892
face 0.06732541 360 227 478 395
face 0.066997394 665 -62 764 98
face 0.06693048 -6 894 37 963
face 0.066759795 157 927 215 997
face 0.066719234 1 715 57 845
face 0.06659032 61 728 121 825
face 0.06641997 78 760 136 904
face 0.06638917 -34 332 291 586
face 0.06637605 121 655 207 807
face 0.066307224 492 925 572 1003
face 0.06606089 582 754 698 910
face 0.06605319 707 848 752 916
face 0.06600775 389 -103 615 211
face 0.065988615 484 226 533 360
face 0.065971985 -68 876 120 1013
face 0.06590005 -72 676 110 808
face 0.06578863 688 801 764 960
face 0.065722674 388 221 463 326
face 0.06568766 458 235 515 351
face 0.06560987 212 559 268 684
face 0.06542565 523 780 572 922
face 0.06531523 619 56 808 196
face 0.06531145 682 668 764 833
face 0.06523514 95 696 152 818
face 0.06515143 174 666 230 802
face 0.06493738 71 846 137 954
face 0.064803965 519 733 574 867
face 0.0647981 28 765 102 849
face 0.06471811 163 692 241 869
face 0.064692594 242 922 322 1002
face 0.0646517 -9 155 31 283
face 0.06457895 -11 134 33 202
face 0.06457516 215 520 272 638
face 0.06451308 214 789 311 959
face 0.06438995 -9 755 29 866
face 0.064382955 -42 95 96 260
face 0.064201005 217 399 330 600
face 0.06412235 -13 871 45 943
face 0.06409839 622 677 812 809
face 0.063991286 -24 705 82 908
face 0.063919 287 534 424 668
face 0.06391771 1 186 54 353
face 0.0638689 1 663 52 796
face 0.063852325 612 729 807 861
face 0.06383628 542 715 590 848
face 0.06381531 679 656 722 792
face 0.06369261 24 500 183 678
face 0.06357973 195 928 253 996
face 0.063529916 12 -17 88 50
face 0.06346066 613 -68 730 128
face 0.06345158 -11 106 34 175
face 0.06339627 437 215 498 322
face 0.06333229 215 270 274 385
face 0.06330289 681 589 764 765
face 0.063287795 250 661 313 798
face 0.063281916 197 642 249 789
face 0.06321617 604 778 803 919
face 0.063204765 16 776 77 909
face 0.063165225 198 481 240 620
face 0.06313792 539 608 593 746
face 0.06313429 601 796 712 955
face 0.0631244 -9 200 28 334
face 0.063114926 174 838 227 959
face 0.06307549 152 581 213 707
face 0.063020624 113 608 173 751
face 0.0630029 704 750 750 813
face 0.06293013 237 552 329 640
face 0.062911615 536 560 602 687
face 0.06287915 396 149 551 319
face 0.062830254 641 -15 718 50
face 0.06281284 707 823 751 891
face 0.062786624 -81 629 189 907
face 0.06275374 -31 228 296 482
face 0.06274332 239 280 325 370
