face 0.99734914 753 252 1311 1061
face 0.11971574 33 264 1583 1897
face 0.116806306 1182 1461 1359 1622
face 0.10947253 1158 1424 1380 1713
face 0.09500384 867 1107 948 1257
face 0.08838012 1163 1615 1309 1845
face 0.088277206 1298 554 1502 937
face 0.08746918 342 752 420 923
face 0.086507455 129 734 211 835
face 0.0860877 1176 -30 1374 120
face 0.08564405 739 265 958 677
face 0.0853988 1183 1520 1375 1844
face 0.084470026 55 772 159 902
face 0.08442361 655 1910 786 2155
face 0.082982935 878 1055 953 1153
face 0.08282047 135 692 200 770
face 0.08108158 882 1091 949 1182
face 0.08105869 225 1056 334 1323
face 0.08012067 1200 435 1429 833
face 0.07953102 842 1008 929 1136
face 0.0791277 -6 853 46 984
face 0.07871681 270 900 382 1107
face 0.07816362 43 728 148 857
face 0.07793891 943 1212 1092 1383
face 0.07776736 0 782 79 894
face 0.0777637 462 1828 523 1919
face 0.077594995 296 983 433 1259
face 0.07751923 423 1830 499 1988
face 0.076947905 28 621 249 947
face 0.076732814 318 731 391 842
face 0.07668573 799 1131 906 1308
face 0.076483205 105 741 183 847
face 0.0764433 878 1159 967 1288
face 0.07636193 1152 1379 1217 1473
face 0.076243974 226 611 331 725
face 0.07606644 371 718 427 857
face 0.07587451 30 -35 195 108
face 0.075846225 1153 1541 1319 1725
face 0.07583493 1389 389 1494 714
face 0.07527961 284 867 383 1009
face 0.07527467 258 1049 382 1345
face 0.075273536 916 1139 1008 1307
face 0.075198375 44 692 130 803
face 0.07514914 503 1639 568 1806
face 0.075142086 1242 1443 1318 1548
face 0.07509023 264 971 383 1192
face 0.07501839 109 705 179 810
face 0.07501026 286 463 378 619
face 0.074914105 313 917 425 1088
face 0.07458019 1322 1257 1656 1632
face 0.074487776 369 631 434 788
face 0.07446369 445 1851 527 2027
face 0.07418017 512 1753 559 1858
face 0.07406842 439 1810 497 1895
face 0.07406732 1010 1454 1191 1810
face 0.07388827 311 765 397 901
face 0.07383046 462 1804 515 1887
face 0.07382954 1575 -30 1682 99
face 0.07380993 766 473 1005 836
face 0.07356502 919 1068 1018 1186
face 0.07342457 1086 437 1358 823
face 0.07332427 1058 1467 1155 1714
face 0.0731443 94 778 195 909
face 0.07307217 1108 2 1366 169
face 0.07306071 1290 571 1432 821
face 0.07304721 458 1746 516 1837
face 0.07269445 504 1871 567 2019
face 0.07259815 223 1160 446 1526
face 0.07256111 112 1306 198 1539
face 0.07255365 -15 1402 59 1638
face 0.07247253 205 1043 294 1266
face 0.072456114 253 475 350 605
face 0.072410084 280 619 365 721
face 0.07235865 513 1843 563 1949
face 0.07231231 881 1182 976 1400
face 0.07225734 503 330 818 708
face 0.072217785 1312 725 1409 942
face 0.07219901 787 1059 981 1401
face 0.07218509 583 1658 670 1898
face 0.07217753 304 689 373 779
face 0.07210266 328 474 408 658
face 0.07209875 1075 1525 1272 1851
face 0.07195742 808 910 958 1067
face 0.07195526 779 888 990 1216
face 0.07193042 154 765 260 907
face 0.071883105 501 1838 548 1920
face 0.071807526 1124 1623 1219 1779
face 0.07172884 1429 321 1534 541
face 0.071723826 168 723 270 837
face 0.07167074 1194 39 1415 349
face 0.071603924 193 -229 662 556
face 0.07158741 591 1752 660 1947
face 0.071521915 26 855 86 961
face 0.07149208 911 1189 1027 1388
face 0.07147251 678 1699 759 1934
face 0.07145159 316 823 416 1022
face 0.071407884 237 495 320 654
face 0.0714014 -9 905 44 1049
face 0.07112047 1048 1297 1142 1450
face 0.07108894 1271 1435 1345 1543
face 0.0710845 740 1785 961 2164
face 0.07108359 1142 1580 1262 1804
face 0.071052894 431 1765 491 1844
face 0.07098857 845 1197 946 1368
face 0.07096868 843 547 1012 774
face 0.07094491 983 1261 1116 1446
face 0.070889354 51 637 131 746
face 0.070859134 11 48 287 342
face 0.07072417 218 713 320 874
face 0.070705056 969 1138 1155 1326
face 0.07070336 727 1116 866 1334
face 0.070676014 1197 1395 1261 1486
face 0.070654504 950 1528 1092 1760
face 0.07044136 238 936 338 1120
face 0.07040358 618 1623 716 1885
face 0.07035758 484 1546 575 1736
face 0.07021865 813 -88 1200 226
face 0.070135534 227 851 426 1168
face 0.07013243 306 601 476 980
