face 0.99994624 495 1010 935 1650
face 0.12595893 693 1022 935 1526
face 0.122694366 750 1736 984 2156
face 0.116908185 1037 1864 1208 2335
face 0.113723494 -24 2299 80 2543
face 0.11126241 233 1684 439 2082
face 0.1081642 10 2363 112 2566
face 0.10285641 194 1752 299 2014
face 0.092938066 197 1515 508 1925
face 0.09144804 427 1473 756 1892
face 0.08769941 231 1727 354 2021
face 0.086858265 340 1248 527 1706
face 0.08526808 352 1187 470 1495
face 0.0850963 768 1008 931 1319
face 0.08476277 938 1890 1159 2385
face 0.08371719 314 1146 420 1526
face 0.08364179 144 1756 253 2016
face 0.08274096 62 1432 328 1996
face 0.08245062 1225 2123 1432 2555
face 0.08179587 285 2389 461 2584
face 0.07964419 904 1768 1123 2212
face 0.079370245 200 1830 296 2146
face 0.079127006 290 1621 558 2094
face 0.07666928 1112 1963 1211 2311
face 0.07579063 640 1688 1007 2020
face 0.07534867 697 1017 891 1255
face 0.07452609 571 1731 739 1913
face 0.07404509 -1 2229 124 2497
face 0.073920704 249 1179 454 1608
face 0.07366051 446 1760 1181 2412
face 0.073297866 866 1066 972 1324
face 0.072668284 385 1438 506 1735
face 0.07218441 1404 -46 1479 173
face 0.07154466 -13 -37 53 164
face 0.0711476 857 2087 1100 2529
face 0.07092626 1186 1306 1388 1803
face 0.07091136 275 1682 381 1990
face 0.07069891 660 1407 886 1801
face 0.07056657 158 1676 338 2072
face 0.07037457 961 1168 1099 1359
face 0.07029061 -1 2227 90 2372
face 0.06998419 96 1804 228 2082
face 0.06986164 828 1681 1186 2050
face 0.06969831 426 1641 616 1863
face 0.06945525 999 1669 1360 2029
face 0.069430985 145 1861 261 2155
face 0.06934426 231 1860 347 2143
face 0.06918883 356 1957 622 2361
face 0.06915968 467 1692 859 2008
face 0.068984225 9 1138 171 1399
face 0.06857249 928 1075 1034 1319
face 0.068471104 1017 1900 1161 2158
face 0.068423755 848 921 943 1108
face 0.06829379 318 1024 411 1375
face 0.06827021 456 1091 613 1323
face 0.06825875 471 1087 681 1585
face 0.06811712 48 1589 176 1769
face 0.06808151 363 1361 509 1592
face 0.068064794 290 1895 455 2129
face 0.067919105 738 1808 875 2076
face 0.06784034 211 1739 307 1903
face 0.06775341 529 1910 787 2298
face 0.067753024 440 1545 595 1794
face 0.067724854 815 1415 978 1635
face 0.06765779 714 17 925 475
