face 0.99901736 1114 1057 1780 1878
face 0.12772922 44 326 1927 2264
face 0.12339656 1679 1431 1907 1919
face 0.11846116 -10 1732 265 2142
face 0.11418907 1237 1294 1579 1731
face 0.11167301 464 2240 909 2599
face 0.10498495 1886 2504 2008 2670
face 0.10388038 -16 1733 88 1994
face 0.099004455 296 1832 851 2161
face 0.09008926 1673 2499 1832 2681
face 0.089604646 1655 1624 1907 2119
face 0.08936155 362 1715 931 2063
face 0.088348314 1780 2502 1917 2673
face 0.08776296 1663 1553 1826 1902
face 0.08728639 1889 2445 1996 2592
face 0.0828435 1178 2414 1379 2595
face 0.08147504 1570 2499 1728 2681
face 0.08100625 565 2287 815 2522
face 0.080281764 0 1850 174 2181
face 0.08027772 0 2423 104 2618
face 0.08018004 741 2339 972 2556
face 0.08005175 1246 1098 1494 1342
face 0.07888656 1617 2138 1926 2510
face 0.078643285 1892 2377 2007 2539
face 0.078342356 749 1735 972 1946
face 0.07782952 1825 2434 1927 2589
face 0.07753748 1487 1014 1775 1436
face 0.07654344 252 2202 712 2599
face 0.076292604 618 1821 868 2013
face 0.076255836 1712 1087 1857 1441
face 0.07600996 1775 1166 1916 1535
face 0.07589534 3 2507 129 2679
face 0.07581601 1396 1933 1572 2257
face 0.075160004 115 1965 626 2377
face 0.07472957 1605 2337 1867 2559
face 0.07457148 982 2434 1171 2605
face 0.07425835 1633 2420 1845 2602
face 0.074225135 1107 2360 1350 2543
face 0.073684365 159 2093 571 2558
face 0.07324018 1450 2199 1703 2426
face 0.073158406 1555 2428 1749 2600
face 0.07299005 924 1813 1092 2100
face 0.07226847 1081 2440 1238 2595
face 0.07203007 1912 1819 2017 1985
face 0.07185652 1490 2358 1706 2555
face 0.071786076 563 1792 901 2183
face 0.07163492 303 1937 828 2353
face 0.071611345 799 2208 1026 2421
face 0.071490236 1816 977 1937 1346
face 0.071481295 1912 1885 2017 2056
face 0.07130294 1373 2439 1558 2609
face 0.07122052 27 2402 162 2616
face 0.07122052 1902 2313 2010 2469
face 0.07113576 217 1938 467 2134
face 0.07112009 1888 -36 2015 118
face 0.07097265 782 1650 1035 1888
face 0.0709695 902 2500 1062 2687
face 0.07079455 1915 2166 2022 2331
face 0.07076946 83 1873 385 2237
face 0.07073711 620 2241 843 2427
face 0.07072873 60 1725 316 1960
face 0.07066511 1636 2089 1811 2273
face 0.070418194 1638 1036 1815 1354
face 0.07035074 1494 1901 1663 2204
