face 0.99997616 433 1082 880 1676
face 0.13335252 1018 2146 1228 2500
face 0.12568803 1223 2125 1432 2557
face 0.123942524 1137 -33 1291 136
face 0.123398855 924 -21 1053 122
face 0.117399395 681 1793 907 2217
face 0.1101976 366 1171 455 1564
face 0.106129915 703 -33 873 133
face 0.09150547 -4 -11 203 402
face 0.09116035 827 1292 1095 1828
face 0.08878385 928 2021 1028 2369
face 0.087963514 0 -34 120 116
face 0.08451222 740 1644 900 1856
face 0.08263327 990 2082 1387 2461
face 0.081672475 1079 2369 1179 2566
face 0.08142105 1405 1681 1471 1887
face 0.08128442 1104 9 1306 200
face 0.08124099 1403 -30 1478 163
face 0.08097068 1032 1789 1251 2213
face 0.0805626 886 18 1067 195
face 0.079888865 1170 129 1395 347
face 0.07970204 1079 1899 1251 2141
face 0.079341814 1174 208 1432 560
face 0.07781405 1409 1604 1476 1817
face 0.077812485 241 526 593 965
face 0.077702165 1032 2271 1168 2523
face 0.07617764 450 -37 600 129
face 0.07590622 1050 2120 1220 2326
face 0.07586291 16 -1 164 247
face 0.0753642 1135 337 1362 545
face 0.07469817 983 90 1263 412
face 0.07449856 1358 1723 1438 2040
face 0.07433696 1237 72 1452 408
face 0.074054815 859 55 1082 279
face 0.07350465 122 1843 218 2175
face 0.073458835 661 1875 795 2136
face 0.073367655 380 1164 522 1587
face 0.073038846 293 1146 464 1597
face 0.07300118 602 1063 879 1457
face 0.07287788 973 2056 1060 2261
face 0.07278499 1092 287 1308 483
face 0.07275433 75 1710 258 2175
face 0.072738916 753 1446 892 1749
face 0.07240743 1419 645 1497 799
face 0.07223219 991 6 1196 212
face 0.072229005 981 -32 1122 128
face 0.07222278 1424 1539 1497 1683
face 0.072045706 712 977 848 1184
face 0.07188716 1203 -39 1364 130
face 0.07177562 1421 1394 1497 1545
face 0.07150658 1415 1458 1481 1668
face 0.07143207 1056 224 1263 419
face 0.07139584 -17 -61 70 150
face 0.071196936 1000 1655 1191 2112
face 0.07082345 157 1951 274 2232
face 0.07072479 1142 1791 1500 2171
face 0.07061985 973 169 1389 531
face 0.07048543 548 1632 716 1833
face 0.07036119 763 -22 1258 867
face 0.07020993 434 661 699 1138
face 0.070196055 917 1895 1094 2309
face 0.07018898 698 1630 936 2009
face 0.07009781 883 1354 998 1735
face 0.06996472 1214 1177 1425 1614
face 0.06991762 1137 206 1355 409
face 0.06986718 901 1415 1151 1962
face 0.06984856 1141 414 1313 592
face 0.06983489 29 960 241 1437
face 0.06968253 722 1584 869 1779
face 0.06962204 1418 575 1497 724
face 0.069615215 762 122 968 345
face 0.06958645 777 -37 948 133
face 0.0695565 1125 2374 1214 2564
face 0.06950479 1422 1323 1499 1483
face 0.06943743 1180 11 1389 197
face 0.069392316 391 -23 518 120
face 0.069350906 71 1854 179 2168
face 0.06935001 1404 439 1491 591
