face 0.9999919 400 693 1152 1756
face 0.12722625 49 302 1889 2269
face 0.12365068 547 11 827 318
face 0.10539482 423 126 573 352
face 0.10163088 423 780 591 1152
face 0.0994056 341 41 586 427
face 0.09928976 1702 2220 1887 2571
face 0.09579766 1225 1128 1517 1512
face 0.092633374 1751 1879 1903 2051
face 0.09254917 1587 1740 1817 1929
face 0.0912664 1672 1800 1938 2176
face 0.0867804 372 130 525 387
face 0.08569752 1394 946 1553 1208
face 0.08372534 1149 747 1279 1130
face 0.08343863 1612 36 1924 460
face 0.08131409 1241 852 1356 1020
face 0.07964269 1102 2381 1331 2561
face 0.07958067 1428 988 1614 1293
face 0.07889633 279 1029 406 1425
face 0.078323185 834 716 1143 1124
face 0.07817217 461 100 627 276
face 0.07731621 1440 300 1793 634
face 0.077312164 1082 791 1227 1075
face 0.07719085 1320 872 1421 1012
face 0.07717472 693 14 1010 432
face 0.0770076 1889 -35 2014 116
face 0.07644997 753 1178 1099 1635
face 0.0753393 1896 1957 2009 2113
face 0.07512176 520 84 706 267
face 0.075054735 1492 1740 1782 2130
face 0.0741729 1155 709 1399 1181
face 0.07387058 1015 734 1182 1013
face 0.07355602 1406 1175 1641 1393
face 0.073429875 1323 2512 1465 2678
face 0.07333291 1258 934 1405 1254
face 0.07330797 1616 1688 1943 2032
face 0.073219195 1564 1828 1742 1986
face 0.072794996 1634 1824 1810 1981
face 0.07254043 1883 1894 1999 2052
face 0.0721619 1418 908 1609 1130
face 0.07211227 1105 2484 1323 2704
face 0.07201927 1912 1690 2020 1843
face 0.07175704 1055 1521 1301 1982
face 0.07170995 0 2175 279 2588
face 0.07162436 277 870 402 1274
face 0.071547896 1524 220 1746 410
face 0.071463995 1002 1622 1144 1888
face 0.0714493 1212 802 1324 1088
face 0.07138882 1046 1599 1202 1907
face 0.071317144 1344 999 1508 1268
face 0.071288675 923 1801 1186 2267
face 0.07128438 1279 873 1375 1081
face 0.07120301 -11 2519 125 2684
face 0.07115491 1724 1914 1868 2204
face 0.07112951 955 1613 1185 2080
face 0.07108759 236 1115 443 1572
face 0.07091122 1298 795 1424 943
face 0.07072178 330 461 456 820
face 0.070462875 1376 950 1489 1128
face 0.07041182 171 1014 298 1384
face 0.07035504 347 1536 505 1855
face 0.07029749 459 182 613 404
face 0.07020783 1025 718 1263 1150
face 0.070199914 1532 2507 1672 2679
face 0.07006825 1656 2333 1851 2558
face 0.07000815 1647 2514 1776 2675
face 0.06996523 1916 1000 2015 1149
face 0.06995406 1047 1472 1204 1771
face 0.06988471 1041 1786 1192 2135
face 0.06983007 1478 172 1774 500
face 0.06978457 1402 389 1656 620
face 0.06978033 946 1589 1092 1929
face 0.06968739 1131 1498 1397 1896
face 0.06966594 1282 808 1381 989
face 0.06960201 1340 914 1422 1075
face 0.06940075 123 967 345 1446
face 0.06927508 1913 1063 2019 1219
