face 0.9993831 535 728 1151 1539
face 0.12505369 37 269 1589 1865
face 0.12333996 951 560 1257 983
face 0.11793558 1417 1402 1521 1640
face 0.11411458 1409 1353 1483 1546
face 0.10005807 1170 1702 1387 2076
face 0.0989265 360 1565 562 1973
face 0.09742033 1303 1314 1505 1680
face 0.08782245 1377 1819 1594 2150
face 0.086932465 259 1228 414 1372
face 0.084192574 1584 1396 1664 1594
face 0.08405964 238 1084 480 1408
face 0.082341224 20 1090 111 1357
face 0.08147239 523 1741 638 1991
face 0.080614775 1574 1271 1669 1470
face 0.07965895 -19 1115 59 1371
face 0.078996636 1416 1284 1476 1361
face 0.077895276 1517 1261 1619 1482
face 0.077807136 1588 1490 1666 1707
face 0.07705083 1129 1741 1260 2002
face 0.07690297 1120 1347 1248 1583
face 0.07663653 1355 1384 1481 1631
face 0.07662225 923 1523 1167 1887
face 0.076423876 1527 1369 1615 1609
face 0.075240366 392 1855 526 2107
face 0.074388295 1368 1333 1460 1556
face 0.07370258 815 710 1084 1067
face 0.073611066 1031 568 1164 687
face 0.07356721 293 1180 428 1313
face 0.073451586 1488 1481 1577 1699
face 0.07291236 321 1663 509 2054
face 0.072856784 1536 1459 1613 1734
face 0.072530866 1157 1389 1302 1640
face 0.07230411 1038 622 1175 744
face 0.07194954 447 1092 545 1394
face 0.07162845 1462 1292 1536 1383
face 0.07153319 1479 1269 1562 1357
face 0.07150547 260 1314 421 1471
face 0.07146039 1421 1338 1479 1466
face 0.071291484 366 1770 465 2082
face 0.07120405 1607 1520 1683 1649
face 0.0711728 311 1097 420 1201
face 0.07114252 1092 1602 1294 1966
face 0.0711166 1301 1763 1514 2130
face 0.07104131 1564 1229 1676 1364
face 0.07083946 566 1620 686 1918
face 0.07074773 1447 1287 1504 1357
face 0.070722096 517 1634 648 1884
face 0.07068388 1489 1384 1583 1577
face 0.0705561 1602 1464 1679 1593
face 0.070517525 -14 1290 78 1554
face 0.07023405 486 1088 594 1417
face 0.070040226 145 1324 456 1797
face 0.070022374 1395 1456 1503 1753
face 0.06997052 328 1149 402 1258
face 0.06994612 1570 1176 1677 1310
face 0.06988067 536 994 779 1423
face 0.06985424 482 1765 597 2076
face 0.06976321 1494 1251 1607 1394
face 0.069756165 -109 -98 242 233
face 0.06974721 1461 1244 1543 1336
face 0.06969306 1035 1624 1169 1923
face 0.06962593 43 1728 266 2147
face 0.069607355 1201 1454 1342 1707
face 0.06958931 1085 1721 1209 2014
face 0.0695491 1471 1215 1569 1310
face 0.06954461 1596 1803 1686 1943
face 0.06954296 1457 2078 1614 2253
face 0.069540426 1164 1334 1385 1691
face 0.069212236 1160 1786 1295 2051
face 0.06911684 1446 1363 1520 1529
face 0.0690906 490 1692 672 2053
face 0.069080636 1160 1212 1307 1496
face 0.06887937 1163 1694 1302 1950
face 0.06881395 1112 1769 1563 2091
face 0.0687744 1299 1430 1423 1718
face 0.06877171 17 1181 114 1463
face 0.06855954 332 748 519 915
face 0.06843479 1244 1750 1396 2010
face 0.06841458 3 1325 126 1576
face 0.068319686 -17 1031 49 1259
face 0.06815677 158 1688 391 2043
face 0.068049215 1432 1339 1611 1734
face 0.06803684 284 1146 375 1242
face 0.06798441 1434 1452 1543 1778
face 0.06796553 1385 1299 1557 1649
face 0.067922495 1290 1813 1427 2046
face 0.06784749 1214 1781 1341 2093
face 0.06776053 572 1741 690 1992
face 0.067680456 1564 2088 1679 2235
face 0.06766732 1526 1610 1611 1914
face 0.06764099 273 1355 385 1542
face 0.067592084 1222 1520 1619 1819
face 0.06742415 1437 1309 1489 1382
face 0.06738203 -23 -45 60 145
face 0.06737441 1120 569 1237 677
face 0.06733733 1248 1386 1400 1645
face 0.06725091 513 1855 660 2118
