face 0.9938871 688 1079 1346 1868
face 0.13720763 42 320 1915 2249
face 0.1273921 726 1331 1085 1732
face 0.12465673 1657 1230 1935 1689
face 0.1225625 622 1962 897 2425
face 0.121970296 1051 1206 1338 1706
face 0.11579931 759 1166 1053 1404
face 0.10750444 763 1155 1134 1630
face 0.09865379 622 1785 770 2141
face 0.09003608 1516 1516 1941 1968
face 0.08876796 634 2153 965 2557
face 0.08865454 699 1344 852 1812
face 0.08687885 1641 1647 1932 2132
face 0.085195 1540 1397 2008 1760
face 0.08487281 627 2038 796 2338
face 0.084399566 1298 1881 1462 2229
face 0.08397105 1160 1114 1915 1912
face 0.081556335 1297 1921 1556 2368
face 0.081158735 1262 2006 1420 2319
face 0.07935901 828 1111 1100 1353
face 0.07908278 1112 1182 1312 1400
face 0.077771865 644 1355 782 1769
face 0.07753615 1401 1374 1550 1736
face 0.07749494 1462 1349 1586 1744
face 0.07748889 1509 1298 1639 1690
face 0.07659682 785 1684 1105 2084
face 0.074623354 520 2167 684 2484
face 0.07383757 1681 1220 1911 1479
face 0.073359594 1901 720 2021 882
face 0.07302396 1014 1378 1323 1902
face 0.072998464 1442 1935 1624 2290
face 0.072817944 1456 1235 1681 1749
face 0.07216441 761 1920 1047 2353
face 0.07205884 -27 2312 76 2590
face 0.07179532 1458 1833 1713 2332
face 0.07147791 1387 1547 1551 1831
face 0.07073849 1315 2119 1532 2355
face 0.07054462 1323 913 1542 1121
face 0.07050678 833 1851 1072 2090
face 0.0699665 1678 1847 1909 2098
face 0.06993894 570 1865 734 2167
face 0.06985043 535 1978 789 2431
face 0.06983802 455 1130 936 1503
face 0.0697378 1339 1397 1504 1716
face 0.06871249 584 2120 735 2403
face 0.06866185 1872 -44 2018 123
face 0.06844671 1912 651 2024 807
face 0.06843915 471 2047 727 2540
face 0.0683952 44 2498 245 2706
face 0.06838902 1510 1005 2003 1381
face 0.06838234 1883 784 2012 953
face 0.068235464 1536 1915 1824 2407
face 0.068144776 1707 1935 1892 2260
face 0.06804066 1091 444 1577 1645
face 0.06781239 1627 687 1965 1171
face 0.067733556 1366 2046 1583 2304
face 0.06765125 679 1873 823 2228
face 0.067555144 686 2120 918 2383
face 0.06741933 -31 1117 722 1932
face 0.067321956 1355 1788 1501 2185
face 0.0672368 -13 2440 124 2598
face 0.066980846 1573 1045 1875 1702
face 0.066959426 699 1167 830 1549
