face 0.9970277 734 155 915 372
face 0.9951599 234 153 359 315
face 0.22298247 477 155 588 302
face 0.18969797 14 495 314 713
face 0.15093516 505 183 579 279
face 0.12055644 568 171 626 250
face 0.114044145 533 178 607 261
face 0.111505955 715 621 851 718
face 0.10681749 907 93 935 126
face 0.10650822 918 92 947 121
face 0.104907125 951 111 983 149
face 0.10102602 900 112 933 150
face 0.09729445 953 90 983 125
face 0.09528756 947 97 977 138
face 0.09465158 470 193 532 251
face 0.09426074 864 51 905 104
face 0.094137296 881 96 934 167
face 0.093790144 143 264 242 319
face 0.09294032 431 233 523 286
face 0.09191304 883 83 931 136
face 0.09163839 511 133 624 268
face 0.09015626 910 111 941 142
face 0.08999793 894 41 938 96
face 0.089875564 905 44 1022 172
face 0.089828946 413 566 489 645
face 0.08968184 948 67 986 103
face 0.08921231 865 45 971 170
face 0.08836913 242 114 374 248
face 0.08799347 919 68 951 102
face 0.08757166 941 124 984 190
face 0.08751009 447 219 514 262
face 0.08701217 78 234 267 345
face 0.08699428 909 59 943 113
face 0.0869403 68 274 170 321
face 0.08643525 823 106 939 244
face 0.08614982 584 191 645 247
face 0.08607089 459 200 505 242
face 0.08575126 836 3 949 134
face 0.08561799 938 46 985 89
face 0.08555472 485 543 606 684
face 0.08544846 2 276 84 342
face 0.0852364 861 70 919 148
face 0.08490936 422 168 541 277
face 0.08482651 747 659 823 718
face 0.0848223 126 290 216 338
face 0.08481091 649 608 768 715
face 0.084536 123 339 202 411
face 0.08444807 870 28 922 84
face 0.08428214 412 247 508 303
face 0.08423805 592 208 659 260
face 0.08408437 247 227 362 347
face 0.08381471 623 626 691 717
face 0.08349516 879 110 943 220
face 0.083483785 48 467 225 608
face 0.08269693 458 565 534 645
face 0.08238484 473 160 535 231
face 0.08231732 126 261 192 302
face 0.08189212 661 329 740 406
face 0.08172124 485 174 575 240
face 0.08160112 263 421 377 543
face 0.08152653 9 398 138 566
face 0.081414655 420 227 546 316
face 0.08139979 364 552 476 655
face 0.08103075 853 101 922 195
face 0.080885574 389 583 462 654
face 0.080770575 334 168 398 259
face 0.08040683 766 417 892 561
face 0.079914235 471 295 544 336
face 0.07985948 760 272 867 365
face 0.079728186 457 259 537 320
face 0.07963671 904 116 946 198
face 0.07956371 632 207 686 242
face 0.07951504 855 61 886 104
face 0.07937928 768 2 890 137
face 0.07930627 358 202 410 254
