face 0.99755317 666 331 1423 1356
face 0.1336927 1649 2054 1928 2583
face 0.11913845 595 2208 810 2472
face 0.11619041 458 2093 729 2426
face 0.09933054 258 2166 407 2489
face 0.0963118 288 2295 466 2558
face 0.09606365 1828 1981 1928 2232
face 0.09595518 449 2201 752 2554
face 0.09594496 1312 1280 1458 1629
face 0.08883913 297 2125 848 2487
face 0.08825127 433 2148 617 2332
face 0.08787098 793 2076 859 2198
face 0.087502375 153 2083 379 2478
face 0.08644636 1900 2012 1996 2235
face 0.08586295 217 2222 353 2403
face 0.08543048 1567 1954 1998 2435
face 0.08485111 1804 1959 1916 2123
face 0.08472913 579 2318 807 2552
face 0.083919 1885 1969 1989 2112
face 0.083343625 458 2099 665 2291
face 0.08272056 1766 1957 1874 2161
face 0.08208392 283 2217 476 2437
face 0.081751764 425 2191 589 2419
face 0.081689924 796 2135 883 2397
face 0.08168599 187 2182 311 2459
face 0.08106779 867 2103 934 2247
face 0.08081863 1892 1915 1999 2054
face 0.08062459 1521 961 1729 1173
face 0.08053507 1806 1933 1900 2054
face 0.08049861 576 2075 821 2282
face 0.080280885 234 2141 357 2331
face 0.08019344 523 2065 675 2240
face 0.07982824 807 2033 867 2134
face 0.079805575 192 2150 566 2593
face 0.07942099 1736 1982 1857 2275
face 0.0790781 -21 2408 93 2617
face 0.079025 616 2143 838 2380
face 0.07896875 786 2125 861 2280
face 0.078408554 20 -45 240 143
face 0.078268245 747 2074 857 2343
face 0.07825896 287 2141 411 2330
face 0.07806963 1475 2027 1791 2569
face 0.07797084 742 2029 813 2135
face 0.077879734 870 2044 935 2185
face 0.077863686 492 2330 704 2560
face 0.077733435 446 2096 566 2234
face 0.07772192 1591 944 1774 1219
face 0.07766732 122 2155 249 2469
face 0.07760036 214 2341 390 2553
face 0.07739957 887 2132 956 2245
face 0.07710143 1763 1931 1960 2311
face 0.076961644 1028 2436 1134 2590
face 0.07686074 817 2008 885 2104
face 0.07673866 738 2050 830 2200
face 0.07637179 386 2334 618 2554
face 0.07592106 268 2415 440 2592
face 0.07578167 1089 1960 1232 2228
face 0.07563101 109 2039 237 2348
face 0.07562364 189 2118 294 2344
face 0.07536586 628 2036 786 2212
face 0.07533282 1814 2111 1937 2394
face 0.07519955 1405 1073 1658 1539
face 0.075158745 1030 2031 1205 2308
face 0.074937075 1728 2097 1866 2488
face 0.07485565 1265 2123 1382 2437
face 0.07482315 1497 948 1756 1347
face 0.07467981 1636 1921 1714 2057
