face 0.9997019 891 239 1073 459
face 0.12927093 613 249 642 285
face 0.12545392 620 236 648 266
face 0.121213086 600 239 629 273
face 0.1196533 589 245 618 285
face 0.11510141 625 248 653 276
face 0.11436363 649 239 677 266
face 0.11433423 583 224 612 263
face 0.114099875 582 252 610 290
face 0.11371658 186 251 212 289
face 0.11347977 559 167 600 240
face 0.11226444 581 280 618 321
face 0.11207093 208 258 237 289
face 0.11203369 592 269 626 304
face 0.1117603 249 257 277 292
face 0.11143903 239 278 270 310
face 0.111365676 646 254 675 282
face 0.11114018 657 249 684 273
face 0.11083929 261 247 289 278
face 0.11083359 192 260 222 293
face 0.11046211 188 243 212 273
face 0.1097173 283 239 310 267
face 0.10950521 566 224 597 278
face 0.10901293 657 264 684 291
face 0.10893445 440 130 482 175
face 0.10879056 924 680 1074 938
face 0.1087268 221 263 249 293
face 0.108574085 617 275 650 305
face 0.108385764 178 229 205 267
face 0.10835018 252 235 279 269
face 0.108316116 640 276 674 308
face 0.10798898 429 74 487 123
face 0.107961595 155 238 180 268
face 0.10770755 209 237 233 263
face 0.107671954 171 256 201 287
face 0.10760081 566 257 596 303
face 0.10739516 147 232 172 267
face 0.10725375 281 256 311 287
face 0.10694741 121 244 145 271
face 0.10689008 109 262 135 290
face 0.106682725 146 258 174 289
face 0.106587514 584 213 612 246
face 0.10653524 223 247 248 276
face 0.10644874 614 263 645 296
face 0.10642738 405 255 439 288
face 0.10638923 182 215 207 247
face 0.106383264 157 218 184 250
face 0.10634751 659 283 690 310
face 0.1062408 667 236 696 263
face 0.10601091 612 287 646 322
face 0.10581477 211 207 235 236
face 0.10580055 182 265 213 305
face 0.10578536 574 176 610 221
face 0.10549948 611 206 639 237
face 0.10533769 221 277 252 308
face 0.10512115 671 283 703 311
face 0.10498018 285 247 316 278
face 0.104961075 172 235 196 262
face 0.10495211 573 271 605 308
face 0.10495012 363 257 402 290
face 0.104437314 101 266 129 298
face 0.104313836 271 276 303 308
face 0.10403204 517 171 562 243
face 0.104024336 655 296 687 327
face 0.103853665 535 252 564 292
face 0.1038524 258 217 286 247
face 0.10383221 225 213 250 245
face 0.1036955 213 269 243 305
face 0.1036559 106 233 136 266
face 0.1035943 447 180 476 215
face 0.10357559 433 181 460 214
face 0.10356122 463 122 501 161
face 0.10347095 134 256 160 284
face 0.103164874 454 71 516 134
face 0.1031112 475 179 501 209
face 0.10307149 441 194 473 235
face 0.10261868 537 169 578 228
face 0.102597035 421 179 448 210
face 0.1025217 440 162 474 210
face 0.10223466 249 277 282 308
face 0.10218576 249 206 275 236
face 0.10207445 135 266 165 302
face 0.10202641 521 118 574 187
face 0.10193615 1134 182 1267 337
face 0.10186185 315 258 350 290
face 0.10159061 417 132 454 181
face 0.101255946 435 97 490 152
face 0.10108169 558 283 591 326
face 0.10096565 470 116 518 171
face 0.10091011 321 249 353 280
face 0.10078815 576 307 616 347
face 0.100769944 542 221 573 265
face 0.10067924 650 209 681 238
face 0.100650854 117 218 148 251
face 0.1005156 279 208 308 236
face 0.10048572 626 221 656 249
face 0.100465655 88 270 117 308
face 0.10040295 376 203 405 241
face 0.100189924 682 308 722 339
face 0.100140795 499 92 562 159
face 0.09995557 389 246 416 275
face 0.09992029 556 275 586 309
face 0.09987217 419 80 464 120
face 0.09968713 586 302 624 335
face 0.09963914 609 303 646 334
face 0.099611916 444 225 476 263
face 0.09956635 387 184 415 218
face 0.09950688 519 225 554 279
face 0.099420175 418 238 445 266
face 0.099046625 171 209 198 238
face 0.09904412 380 259 415 292
face 0.09896265 425 198 452 237
face 0.09882515 516 256 550 307
face 0.09875827 380 233 407 266
face 0.098652184 300 240 330 268
face 0.098640405 87 260 115 293
face 0.098629884 923 751 1018 928
face 0.09846144 679 255 711 285
face 0.09844136 387 219 413 248
face 0.09840811 292 257 326 291
face 0.09837798 642 305 683 337
face 0.09824915 331 259 367 291
face 0.098093346 310 235 341 268
face 0.09804988 95 248 123 278
face 0.09790829 431 216 457 245
face 0.09778409 541 195 577 247
face 0.09771178 682 240 714 269
face 0.09732849 106 274 138 306
face 0.097269215 416 210 441 237
face 0.09719813 663 216 694 244
face 0.0971576 377 121 416 175
face 0.097091764 543 118 598 211
face 0.097058415 430 255 462 287
face 0.0969907 534 141 579 207
face 0.09682805 663 313 701 343
face 0.09682348 604 176 638 213
face 0.09653623 428 124 462 161
face 0.09638074 163 274 199 308
face 0.09614717 450 210 480 244
face 0.09605843 573 146 619 202
face 0.09600707 677 269 711 302
face 0.09571248 212 289 244 326
face 0.095641874 681 227 715 259
face 0.095628686 523 275 554 313
face 0.09559632 431 244 459 273
face 0.09545707 447 253 483 290
face 0.09545415 623 306 660 336
face 0.09539666 357 112 390 146
face 0.095265254 382 100 417 140
face 0.09526515 487 117 538 166
face 0.095246926 435 209 462 237
face 0.095156156 482 178 518 221
face 0.09495128 350 246 382 277
face 0.09491901 349 215 377 245
face 0.09490804 316 262 366 305
face 0.0948981 427 156 456 194
face 0.09486154 278 111 308 142
face 0.09479907 319 215 349 246
face 0.09468704 414 102 454 153
face 0.094613306 142 208 175 240
face 0.09452364 232 85 266 116
face 0.09451001 244 188 280 237
face 0.09448002 282 218 311 248
face 0.09441591 394 123 428 159
face 0.09430561 285 268 325 306
face 0.094278306 692 283 731 315
face 0.094111845 683 209 720 242
face 0.09409481 409 29 557 165
face 0.09405729 646 179 684 213
face 0.09398898 310 109 342 140
face 0.09385304 82 280 117 325
face 0.093745515 332 239 363 267
face 0.09372761 120 276 152 307
face 0.09363651 448 240 479 273
face 0.09363283 468 251 503 291
face 0.09361404 236 92 271 130
face 0.09360444 471 154 499 185
face 0.093589656 560 304 595 338
face 0.09357688 343 230 371 263
face 0.09353602 346 122 379 160
face 0.09317596 694 308 740 342
face 0.09312189 390 269 440 310
face 0.0930448 319 89 352 117
face 0.09301703 412 153 442 186
face 0.092935696 107 301 142 333
face 0.09287867 176 288 211 327
face 0.092797115 339 204 370 235
