face 0.9998179 438 173 589 382
face 0.99971634 231 220 368 421
face 0.122814305 390 432 447 552
face 0.121137574 14 116 703 836
face 0.11827148 650 382 695 456
face 0.11390414 8 316 91 474
face 0.112554416 167 322 206 387
face 0.10443173 217 402 309 553
face 0.102840245 31 356 84 452
face 0.100522235 297 226 384 382
face 0.099922165 329 531 366 604
face 0.098528534 158 372 195 424
face 0.098315164 678 396 715 468
face 0.0982652 329 499 413 642
face 0.09731813 363 554 391 603
face 0.097243726 373 556 401 599
face 0.096149124 40 345 123 485
face 0.09556418 131 65 165 118
face 0.095022805 172 142 214 207
face 0.09497054 642 432 688 512
face 0.094855145 73 386 106 451
face 0.0947875 364 315 428 437
face 0.09476884 377 574 408 621
face 0.09469707 685 376 710 422
face 0.09440035 162 391 203 448
face 0.09429115 177 181 223 243
face 0.09376633 142 390 185 444
face 0.093540624 22 759 101 927
face 0.09351129 154 74 183 124
face 0.093067385 659 355 692 410
face 0.09270976 659 426 709 504
face 0.09265526 361 648 434 828
face 0.09232856 360 571 393 626
face 0.09193704 393 619 440 690
face 0.09174355 322 257 373 359
face 0.091717646 133 120 158 164
face 0.091712646 198 132 240 213
face 0.09165001 565 479 647 563
face 0.09104766 92 294 146 378
face 0.091041885 298 282 357 370
face 0.09096657 330 555 373 628
face 0.09087 92 255 192 409
face 0.09077307 384 553 412 610
face 0.09065228 90 233 123 283
face 0.09057121 388 578 419 623
face 0.09050899 342 544 376 600
face 0.09035845 702 360 729 419
face 0.09034311 639 390 676 455
face 0.09030394 634 465 686 538
face 0.09029143 113 354 205 475
face 0.09023786 349 161 459 379
face 0.09016444 379 524 413 596
face 0.09003391 129 28 165 76
face 0.08989572 703 444 737 506
face 0.08979714 393 598 438 655
face 0.089796245 361 525 391 584
face 0.0896957 139 140 160 173
face 0.08962244 472 131 581 295
face 0.089581676 142 152 163 188
face 0.089519605 392 566 433 635
face 0.08951726 179 309 215 375
face 0.08932534 410 617 462 689
face 0.08922797 297 464 339 584
face 0.08922583 133 23 158 61
face 0.0890857 279 440 355 604
face 0.08900509 169 354 201 402
face 0.08875182 135 102 160 141
face 0.0887461 647 413 699 474
face 0.0886097 361 438 442 594
face 0.08860366 179 92 207 144
face 0.08850163 633 423 670 478
face 0.08845749 164 75 192 132
face 0.08841149 137 189 161 230
face 0.088311166 683 361 707 397
face 0.08824781 85 239 128 312
face 0.08809596 269 456 325 588
face 0.08797973 77 237 113 295
face 0.087961026 169 172 207 216
face 0.08790495 381 599 420 651
face 0.087904505 180 238 222 296
face 0.08779385 79 230 107 271
face 0.08772185 131 8 158 45
face 0.08771303 40 410 88 518
face 0.08763732 633 495 686 565
face 0.08757781 140 174 163 209
face 0.08750106 49 267 92 335
face 0.087441675 161 293 206 356
face 0.087262355 181 215 223 271
face 0.087179676 395 547 438 609
face 0.087166116 118 78 145 118
face 0.087125234 162 269 207 328
face 0.08707901 153 355 183 401
face 0.08706263 704 3 732 59
face 0.087034754 715 353 742 397
face 0.08701698 713 376 739 419
face 0.08697379 375 481 415 575
face 0.08695376 502 683 552 735
face 0.08686471 634 792 688 857
face 0.08684914 360 597 403 652
face 0.08679638 656 458 707 533
face 0.086778015 700 407 730 471
face 0.08677602 686 10 711 60
face 0.08670432 322 300 374 391
face 0.08669792 400 478 485 611
face 0.08663808 93 24 123 68
face 0.08662264 145 207 179 263
face 0.08661538 557 766 606 843
face 0.08659658 390 587 479 716
face 0.08658421 170 112 205 177
face 0.08653047 174 105 261 236
face 0.08650154 165 194 203 240
face 0.086478315 193 184 237 259
face 0.08646688 373 643 416 778
face 0.08642683 113 75 136 109
face 0.08641899 95 226 120 264
face 0.08641142 152 200 187 248
face 0.08607472 133 271 181 327
face 0.08601637 146 175 176 232
face 0.08595841 148 147 178 193
face 0.08593013 135 406 187 472
face 0.085912354 113 102 135 133
face 0.08575448 306 497 346 560
face 0.08574816 134 319 166 363
face 0.08574175 7 241 49 303
face 0.0856927 171 382 220 460
face 0.085667446 136 305 172 349
face 0.08564911 9 352 59 461
face 0.085628696 225 633 324 763
face 0.0856105 316 519 356 583
