face 0.99983275 514 491 1192 1443
face 0.11495484 33 258 1570 1881
face 0.11288025 944 300 1228 748
face 0.10904123 1073 285 1188 480
face 0.10567805 982 57 1155 429
face 0.09451798 1227 422 1326 567
face 0.09212931 1236 488 1313 596
face 0.09021792 1278 707 1461 1124
face 0.08816747 1025 133 1127 355
face 0.087438405 1194 482 1285 611
face 0.085985415 11 1985 106 2155
face 0.0858148 1046 185 1170 433
face 0.08525126 1174 188 1394 527
face 0.08360109 1252 289 1348 423
face 0.08355884 1002 102 1074 225
face 0.08208273 358 1866 575 2147
face 0.08194135 1027 244 1223 540
face 0.08179962 1257 479 1352 609
face 0.081791036 1260 733 1374 1052
face 0.08167394 887 743 1164 1159
face 0.081638865 864 1645 1011 1850
face 0.08115984 1066 -71 1473 227
face 0.08076324 1181 613 1361 1005
face 0.08067529 1203 526 1284 657
face 0.08036309 1121 435 1332 770
face 0.080287375 986 247 1413 547
face 0.07946223 1124 342 1226 491
face 0.07942501 802 1648 958 1865
face 0.079322286 817 1592 1042 1893
face 0.079095215 1064 302 1281 637
face 0.078888215 974 176 1063 340
face 0.07864398 1103 7 1562 342
face 0.07862815 1031 1710 1267 2048
face 0.07847753 1250 409 1381 559
face 0.07831082 308 1286 434 1611
face 0.07824047 728 1635 871 1869
face 0.07788075 1179 429 1272 544
face 0.07761836 976 62 1081 163
face 0.07757781 1145 409 1239 547
face 0.07747338 1150 324 1235 436
face 0.07734646 1074 342 1202 575
face 0.07726291 299 1642 500 2023
face 0.0771356 1231 513 1315 680
face 0.076908834 1284 541 1403 664
face 0.07683411 771 1596 912 1813
face 0.07667514 1225 236 1299 322
face 0.07655009 762 1699 918 1937
face 0.07651898 1147 219 1230 323
face 0.076512545 85 2099 186 2233
face 0.07632766 1222 392 1429 687
face 0.07628111 1153 476 1249 627
face 0.07614668 1062 124 1511 470
face 0.075951844 1207 254 1275 349
face 0.075830564 960 -12 1094 106
face 0.07578238 62 1646 163 1953
face 0.07576578 19 1833 99 2005
face 0.07560433 1122 147 1218 298
face 0.075533204 1217 295 1289 402
face 0.07542195 977 141 1043 243
face 0.07539747 59 2007 154 2154
face 0.075353585 1217 332 1350 514
face 0.075353555 965 104 1031 218
face 0.07523107 898 1547 1129 1849
face 0.07517767 729 1529 953 1863
face 0.07509811 686 1586 828 1836
face 0.07507357 18 1928 110 2085
face 0.07506763 59 1787 146 1999
face 0.07500905 180 1308 293 1621
face 0.07491936 -3 1916 68 2100
face 0.0740833 24 1350 398 1757
face 0.07384566 1219 610 1326 862
face 0.07383695 981 69 1444 692
face 0.07366532 1230 848 1418 1232
face 0.07361343 1176 572 1286 750
face 0.073463626 1305 713 1426 980
face 0.07339156 117 1531 297 1988
face 0.07338236 132 1277 251 1542
face 0.07337567 1199 350 1291 526
face 0.07320933 1177 167 1276 302
face 0.0731226 1016 265 1135 466
face 0.073096946 266 1703 384 1997
face 0.07308403 1291 274 1503 648
face 0.07308228 1139 514 1244 692
face 0.0730818 1388 1420 1596 1782
face 0.07298395 1583 1611 1670 1809
