face 0.9999347 384 407 1119 1473
face 0.18497689 308 1274 505 1691
face 0.122705005 270 1388 397 1663
face 0.10949323 721 18 881 178
face 0.10940974 50 1597 156 1849
face 0.095451176 751 980 1048 1327
face 0.085453615 92 1632 199 1925
face 0.08438943 99 1463 299 1832
face 0.08414051 -2 1638 57 1817
face 0.08248358 133 1657 251 1975
face 0.08228328 1027 2 1248 389
face 0.0820002 203 1325 408 1979
face 0.08049266 1386 1681 1507 1977
face 0.080132864 315 1409 438 1704
face 0.07997917 714 52 945 364
face 0.07817474 -16 1626 298 1998
face 0.07774603 1 1797 224 2158
face 0.0777412 7 1647 81 1768
face 0.07695232 1272 1606 1455 2013
face 0.076567344 1264 1558 1375 1878
face 0.076467596 908 1 1045 208
face 0.07606275 27 1661 116 1883
face 0.07569719 1352 -45 1455 153
face 0.07460449 167 1790 308 2058
face 0.074366726 1305 -39 1407 156
face 0.07386941 850 -14 1349 830
face 0.07380148 323 1416 529 1829
face 0.07377174 -13 1721 53 1939
face 0.073408 885 8 1131 375
face 0.07338887 6 1550 189 1903
face 0.0733132 218 1429 368 1623
face 0.0732977 10 1693 84 1817
face 0.072809204 1378 -32 1517 109
face 0.07271972 89 1723 209 2049
face 0.072559565 1141 879 1232 1147
face 0.07254348 1105 830 1366 1355
face 0.07243273 1134 473 1232 768
face 0.07232429 761 -11 865 97
face 0.07225544 1346 1600 1465 1924
face 0.072231986 1376 -25 1633 417
face 0.072203 432 48 699 371
face 0.07210664 808 0 939 182
face 0.071975015 1137 638 1231 931
face 0.07197172 1303 1569 1417 1864
face 0.071964405 1425 1760 1555 2015
face 0.07192545 344 861 473 1253
face 0.0718923 863 0 985 186
face 0.07184344 1427 1641 1551 1919
face 0.071823925 50 1712 165 1942
face 0.07171329 1169 1532 1374 1924
face 0.07160834 1081 -234 1524 628
face 0.07160307 1135 1051 1233 1337
face 0.07150843 936 -17 1030 92
face 0.07145801 1375 1591 1510 1844
face 0.07136287 806 -11 907 97
face 0.07129856 1321 4 1487 179
face 0.07117744 425 352 676 651
face 0.07116329 958 1441 1065 1748
face 0.0711279 1130 1219 1234 1502
face 0.07102648 226 895 337 1117
face 0.07087066 337 1111 459 1368
face 0.070851564 5 1598 82 1711
face 0.07081178 172 866 372 1258
face 0.07080166 272 904 381 1207
face 0.07077251 716 -13 817 92
face 0.070710555 998 1434 1112 1748
face 0.0706064 871 441 1122 810
face 0.0705439 41 338 265 754
face 0.0702612 1577 -39 1666 153
face 0.07024878 193 1291 395 1657
face 0.06995076 12 1732 124 2045
face 0.06981441 308 1516 428 1844
face 0.06981036 61 1360 396 1736
face 0.06978147 999 1191 1105 1501
face 0.06966103 346 1610 482 1889
face 0.06958161 848 -11 938 90
face 0.06957945 1341 52 1464 366
face 0.06956038 890 -14 976 85
face 0.069496125 78 1351 224 1581
face 0.06948342 164 1469 311 1721
face 0.069429174 136 1579 259 1836
face 0.06938532 1547 2022 1678 2175
