face 0.9976319 368 101 495 314
face 0.12787105 21 159 945 1118
face 0.12187627 78 432 105 472
face 0.12182959 71 442 97 485
face 0.12152505 211 401 248 468
face 0.1085817 773 394 825 482
face 0.10520939 95 419 124 459
face 0.103527695 393 338 548 517
face 0.10160767 111 444 138 482
face 0.10116441 113 430 140 469
face 0.100858055 51 434 81 479
face 0.10034702 195 422 238 489
face 0.09955515 709 503 875 695
face 0.099147595 59 419 90 458
face 0.097964115 148 442 174 488
face 0.097411856 91 439 119 480
face 0.09660068 203 408 233 456
face 0.0964897 774 360 826 448
face 0.096056245 125 436 154 484
face 0.09553813 80 405 113 449
face 0.09513563 808 415 846 473
face 0.09511574 105 458 133 502
face 0.094961606 114 472 145 517
face 0.09457716 22 372 152 549
face 0.094370835 189 424 218 472
face 0.09422009 876 304 931 406
face 0.09383265 25 413 52 455
face 0.093826905 92 473 122 516
face 0.093663886 220 383 265 478
face 0.09346717 780 323 832 397
face 0.092983775 741 332 842 523
face 0.09237727 582 542 658 663
face 0.092186496 200 476 240 531
face 0.09165402 93 387 130 431
face 0.09158837 823 410 859 462
face 0.091297984 273 452 411 665
face 0.09093704 77 472 105 512
face 0.0909353 614 336 672 398
face 0.09086902 57 468 89 516
face 0.09086313 793 293 825 351
face 0.09076842 148 414 178 465
face 0.09068471 807 386 844 456
face 0.09048218 566 355 639 433
face 0.09044172 852 323 891 385
face 0.090406224 118 394 154 441
face 0.09024429 179 438 215 489
face 0.09010305 24 436 53 487
face 0.089743406 12 420 39 464
face 0.08953191 121 415 152 463
face 0.08922932 50 420 77 456
face 0.08920282 110 403 141 444
face 0.089123495 158 441 192 486
face 0.089005865 4 422 32 482
face 0.08886472 99 382 224 545
face 0.08861455 149 393 183 441
face 0.08861201 616 543 681 651
face 0.088492125 938 256 980 358
face 0.08834843 155 400 284 584
face 0.08806537 104 488 132 535
face 0.08798454 276 336 366 456
face 0.08795403 907 311 953 435
face 0.08794259 217 421 264 504
face 0.08778957 849 379 879 431
face 0.08755217 868 373 907 437
face 0.087388225 668 490 700 545
face 0.0870974 47 474 77 525
face 0.08698403 601 481 656 587
face 0.086931415 205 504 256 561
face 0.086918354 439 376 557 481
face 0.086857446 13 439 41 492
face 0.08685544 673 329 750 402
face 0.08679682 35 432 63 481
face 0.08673376 759 410 816 518
face 0.08663298 249 408 295 476
face 0.0865058 207 379 240 429
face 0.086184405 217 379 252 442
face 0.08608309 377 374 486 479
face 0.08606661 5 446 33 512
face 0.08573059 20 371 56 432
face 0.08559016 862 302 903 359
face 0.08555796 464 690 539 826
face 0.08546209 123 381 163 427
face 0.08544766 72 371 111 431
face 0.085337326 890 285 945 364
face 0.08521276 937 307 985 426
face 0.085003324 797 295 921 501
face 0.084924944 108 385 144 428
face 0.084916286 807 329 850 392
face 0.084773995 837 320 876 390
face 0.084757 818 370 855 426
face 0.08473971 603 348 663 438
face 0.08468395 217 343 262 426
face 0.084628865 796 272 831 319
face 0.08459392 660 453 697 524
face 0.08445854 73 482 101 527
face 0.08428742 639 293 775 463
face 0.08421896 845 395 874 453
face 0.08399867 164 417 194 457
face 0.0838882 1 398 29 456
face 0.08383076 560 467 672 674
face 0.083746396 687 503 719 558
face 0.08373002 190 389 221 443
face 0.08371258 59 387 97 430
face 0.083693065 45 373 81 432
face 0.08366811 901 259 956 329
face 0.08360803 14 386 44 428
face 0.083603494 178 406 210 465
face 0.08347083 484 297 562 424
face 0.08344494 802 438 853 504
face 0.08344362 543 323 612 421
face 0.083429925 682 483 712 530
face 0.083421856 4 469 35 543
face 0.08333406 882 367 928 457
face 0.08330596 23 464 55 518
face 0.083299905 14 468 45 526
face 0.08322418 670 509 709 570
face 0.08318583 946 234 985 308
face 0.083095364 648 508 781 709
face 0.082962714 222 478 264 534
face 0.08286899 515 351 608 440
face 0.082758605 77 505 111 553
face 0.082634866 158 464 201 518
face 0.08259005 843 304 881 366
face 0.082499646 160 381 196 427
face 0.0823822 -5 348 27 422
face 0.08237175 641 528 695 599
face 0.082344346 647 399 774 604
face 0.08206728 90 503 124 551
face 0.081920445 632 331 700 400
face 0.08172753 183 466 226 521
face 0.081722565 866 327 910 408
face 0.08170227 439 611 552 837
face 0.081594914 736 389 786 480
face 0.08156687 535 322 656 484
face 0.0815553 857 409 895 459
face 0.08153571 262 430 312 491
face 0.08149065 516 296 588 418
face 0.08148891 268 372 326 469
face 0.08146807 732 287 775 365
face 0.08142586 701 391 757 489
face 0.081379265 495 463 636 663
face 0.08114944 624 366 679 487
face 0.08114323 939 354 983 459
face 0.081095465 103 506 138 556
face 0.081062675 645 552 722 691
face 0.081058085 850 418 884 468
