face 0.9953868 163 184 561 717
face 0.18988192 134 57 898 900
face 0.1323496 324 -4 626 317
face 0.12330154 411 289 540 477
face 0.10869646 34 275 108 405
face 0.10772049 456 4 590 165
face 0.10044773 355 637 487 820
face 0.098374076 600 -23 812 510
face 0.09778294 466 -21 722 450
face 0.08793351 10 282 79 413
face 0.08448401 25 234 108 359
face 0.08274405 520 -5 734 167
face 0.082279146 32 231 151 412
face 0.08145983 344 458 487 625
face 0.081006445 710 -21 923 517
face 0.08028962 0 317 56 378
face 0.08007942 23 39 248 210
face 0.07892104 236 -3 286 51
face 0.07863697 665 -24 722 72
face 0.07818 -80 191 141 474
face 0.077793695 522 407 732 580
face 0.07762705 226 0 299 85
face 0.07757944 -38 334 114 551
face 0.077329434 38 -23 296 431
face 0.07679063 -3 342 52 402
face 0.07667034 212 -5 256 60
face 0.07653388 371 591 511 724
face 0.07646158 513 -1 877 313
face 0.075999655 685 811 802 961
face 0.07581575 10 205 79 349
face 0.075519115 -41 235 75 400
face 0.07517215 58 417 132 572
face 0.07503838 593 803 733 957
face 0.074971154 693 -22 755 77
face 0.07480578 400 646 494 752
face 0.074710436 399 28 637 218
face 0.074686795 -8 270 42 375
face 0.07462998 -9 322 43 431
face 0.07440199 216 492 349 643
face 0.07409625 248 6 333 77
face 0.07389067 384 194 515 369
face 0.073882096 305 401 446 585
face 0.07386119 161 488 294 664
face 0.07383777 880 -10 1016 235
face 0.07344964 638 -24 697 73
face 0.073398836 513 22 598 148
face 0.07308897 346 199 438 330
face 0.07302268 382 135 510 301
face 0.07300371 834 -19 965 244
face 0.072922066 656 394 734 540
face 0.072652996 173 0 236 84
face 0.07258021 603 12 674 169
face 0.07254108 448 352 566 558
face 0.07249094 527 213 648 417
face 0.072193265 665 13 732 171
face 0.07193364 55 151 267 322
face 0.07171135 776 206 905 522
face 0.07158157 291 183 427 359
face 0.07153433 718 -18 779 77
face 0.07137434 66 173 133 315
face 0.07118466 -2 649 125 804
face 0.07110384 453 255 534 413
face 0.0709932 264 0 310 62
face 0.07084668 99 6 237 175
face 0.07082507 578 21 789 213
face 0.070752 1004 550 1063 607
face 0.07074812 327 168 410 316
face 0.07074747 734 75 837 486
face 0.07072592 -98 264 157 399
face 0.07071226 618 112 749 448
face 0.07059139 354 -12 436 49
face 0.07052169 946 -84 1067 176
face 0.07035222 6 459 76 604
face 0.070337236 110 218 191 368
face 0.070279405 32 399 107 550
face 0.07014261 611 360 678 527
face 0.07005384 464 634 539 785
face 0.070050076 1002 602 1060 656
face 0.06989244 655 788 734 931
face 0.06986815 993 -14 1061 44
face 0.06986746 -97 164 165 300
face 0.06979923 302 793 431 960
face 0.06972295 796 0 866 175
face 0.06969823 772 1 838 177
face 0.069690876 635 13 702 166
face 0.06963655 709 -3 786 142
face 0.069559105 551 14 620 161
face 0.0695383 9 152 73 293
face 0.069510095 942 1 1056 280
face 0.06950461 46 252 133 340
face 0.06944996 -12 -14 35 62
face 0.06942397 753 501 937 699
face 0.06940264 347 88 582 272
face 0.06918382 203 -3 266 97
face 0.06915187 433 184 517 321
face 0.06914444 583 508 707 703
face 0.069115646 -7 754 46 856
face 0.069054075 190 -6 242 40
face 0.06904126 567 -4 688 312
