face 0.9852738 261 342 441 559
face 0.13249232 24 161 948 1122
face 0.1279554 525 392 674 529
face 0.121694215 153 229 193 284
face 0.11843599 70 177 289 452
face 0.115688175 152 132 280 316
face 0.10452337 527 449 636 545
face 0.10268331 99 103 182 191
face 0.09876504 85 294 226 465
face 0.09729771 139 244 174 295
face 0.09520835 152 194 205 266
face 0.09499929 168 228 208 294
face 0.09482974 509 525 602 620
face 0.094790086 0 10 37 81
face 0.094139464 176 292 262 369
face 0.09383012 128 255 161 309
face 0.09350295 527 468 598 534
face 0.09301459 126 288 207 368
face 0.091990456 210 253 284 328
face 0.09197709 129 187 180 264
face 0.09160017 4 33 41 116
face 0.09148313 80 168 207 348
face 0.09111055 490 453 631 620
face 0.090822585 135 304 324 536
face 0.0905885 634 347 727 437
face 0.08957636 144 257 194 335
face 0.08933752 384 519 507 733
face 0.089224674 510 553 589 695
face 0.0891714 234 217 298 296
face 0.08874633 145 206 289 382
face 0.08871854 31 -8 109 63
face 0.08855365 521 493 599 565
face 0.0882934 107 139 191 226
face 0.08798904 182 179 249 268
face 0.08763992 187 218 242 302
face 0.086979635 -3 -4 45 54
face 0.08688108 88 244 135 313
face 0.08685628 14 24 53 87
face 0.08685003 535 370 628 447
face 0.086687826 466 486 597 668
face 0.08662033 119 271 165 348
face 0.0863555 698 442 762 512
face 0.08623594 546 394 650 472
face 0.08593503 101 355 195 488
face 0.0855976 545 332 607 424
face 0.085311115 364 267 500 473
face 0.085050195 82 174 148 268
face 0.08491887 564 309 694 572
face 0.08482773 511 291 642 466
face 0.084607065 679 472 752 571
face 0.08460089 664 339 790 442
face 0.08429887 397 253 569 493
face 0.08411667 135 147 205 249
face 0.08406866 469 511 541 632
face 0.083967604 189 261 246 327
face 0.08381182 51 83 299 278
face 0.083627135 570 343 630 424
face 0.0831697 435 516 516 677
face 0.08305538 395 293 485 431
face 0.082981855 168 261 223 322
face 0.082918376 74 287 168 371
face 0.082674704 268 241 321 312
face 0.08251869 678 455 739 529
face 0.08245392 -48 -83 74 118
face 0.08230248 21 -4 77 55
face 0.08214214 625 309 746 419
face 0.082083665 -22 2 247 467
face 0.081972405 320 247 463 437
face 0.08173025 103 225 157 289
face 0.08145676 522 418 575 484
face 0.08101556 217 224 272 306
face 0.08083844 515 356 592 442
face 0.08079823 53 167 127 274
face 0.080794655 598 431 681 539
face 0.08059902 547 18 948 380
face 0.080233924 193 164 327 332
face 0.08004598 28 6 140 98
face 0.080040544 529 400 593 463
face 0.07996584 168 428 261 545
face 0.07985823 -6 -63 137 118
face 0.07978377 -1 54 42 185
face 0.07977539 378 521 467 664
face 0.07976868 544 285 607 386
face 0.07955673 173 142 262 248
face 0.079464346 -12 510 43 693
face 0.079454854 101 108 230 274
face 0.07942549 337 115 412 255
