face 0.9998271 51 795 869 1770
face 0.12582439 59 326 1918 2267
face 0.12102313 63 298 508 673
face 0.1178562 921 1263 1473 2126
face 0.10773157 1658 1362 1937 1770
face 0.10690128 627 472 1192 1200
face 0.10304482 1665 2198 1912 2595
face 0.10232273 1733 2339 1901 2555
face 0.100433975 588 960 886 1404
face 0.10029503 881 1480 1017 1761
face 0.09710067 508 1075 839 1528
face 0.09524816 1712 1489 1884 1747
face 0.09101488 539 303 816 730
face 0.09056121 1045 680 1503 1131
face 0.08933381 1824 397 1932 605
face 0.08868324 37 509 488 962
face 0.08848951 530 1968 669 2235
face 0.08410664 1151 980 1441 1633
face 0.083488286 1888 330 1982 526
face 0.08336904 1262 1560 1397 1844
face 0.08270547 1587 1570 1692 1728
face 0.081584804 1891 403 2002 611
face 0.0808471 1897 158 1989 356
face 0.08009681 1896 2330 1984 2517
face 0.0798639 1841 2286 1927 2480
face 0.0796413 1717 341 1849 633
face 0.079366066 1610 1648 1755 1871
face 0.079064205 1407 -42 1630 142
face 0.07896347 1788 358 1919 544
face 0.07893738 1473 1672 1581 1848
face 0.078761354 1626 1535 1763 1750
face 0.07859742 249 220 830 773
face 0.07835126 1810 2351 1925 2542
face 0.07822778 943 528 1388 981
face 0.07822307 1827 2177 1927 2379
face 0.078061454 17 2367 225 2556
face 0.0780479 1492 1606 1597 1784
face 0.07800589 1514 1047 1907 1645
face 0.07798332 821 1508 937 1726
face 0.077770814 657 955 868 1230
face 0.07758313 1655 246 1902 696
face 0.07719874 578 1767 760 2035
face 0.077038035 1433 1633 1537 1806
face 0.076535255 1469 1571 1576 1705
face 0.07650301 532 1890 781 2340
face 0.07642141 1825 115 1935 361
face 0.07639492 1263 2221 1372 2415
face 0.07614208 924 1019 1242 1641
face 0.076067545 1544 1583 1633 1723
face 0.07601086 86 -79 638 268
face 0.075916946 1904 2194 1989 2377
face 0.07546514 744 1004 906 1288
face 0.075461894 1154 41 1895 890
face 0.07486962 842 1409 1063 1824
face 0.07485763 1898 262 1983 443
face 0.07473978 528 283 771 482
face 0.074722424 1590 1513 1706 1636
face 0.07462026 1467 490 1673 674
face 0.07461092 847 1552 977 1793
face 0.07457477 1916 2176 2017 2321
face 0.07449744 578 1944 727 2271
face 0.074448206 504 1913 609 2184
face 0.07443174 1219 484 1594 989
face 0.074404284 1930 2260 2019 2389
face 0.074344285 1885 -33 2009 113
face 0.07426599 54 845 207 1147
face 0.07385424 -80 279 335 689
face 0.07374785 1641 1491 1760 1666
face 0.073682055 1685 2234 1794 2442
face 0.07366463 1927 247 2022 385
face 0.07358896 908 246 1761 1063
face 0.073584005 1835 336 1927 498
face 0.07356865 1736 279 1864 516
face 0.07348899 518 1885 613 2064
face 0.07348752 1899 495 2022 676
face 0.07346559 1199 2272 1344 2503
face 0.07346053 613 1671 1122 2048
face 0.07339926 5 820 151 1206
face 0.07333146 763 1469 878 1686
face 0.0732764 1899 806 1988 1020
face 0.07318471 1669 1394 1891 1604
face 0.072947145 1920 1764 2020 1908
face 0.0729292 712 1347 1230 2136
face 0.07290401 1185 925 1622 1399
face 0.07289498 1341 1498 1588 1885
face 0.072891064 1641 8 1911 410
face 0.07268127 866 1395 1031 1607
face 0.0725905 1888 2509 2014 2675
face 0.07257558 603 2148 901 2562
face 0.07253457 331 310 680 677
face 0.07248116 1791 2501 1938 2679
face 0.072438344 1445 1733 1547 1920
face 0.07240402 1879 40 1984 256
face 0.07234514 1719 1616 1852 1865
face 0.07223709 1905 929 2007 1080
face 0.0722077 836 630 1016 814
face 0.0721423 1160 2334 1377 2560
face 0.071999215 1405 2009 1641 2503
face 0.071968704 1885 2439 2003 2590
