face 0.99991584 644 925 1113 1541
face 0.1278126 813 1678 1313 2454
face 0.12134171 591 1027 680 1425
face 0.115221165 871 1710 1097 2189
face 0.11515162 1050 1854 1235 2311
face 0.10991268 137 1801 342 2224
face 0.10627769 1429 728 1492 860
face 0.097021855 565 1242 688 1549
face 0.08939543 1150 1803 1260 2130
face 0.08892163 1108 906 1306 1308
face 0.088814795 569 1096 664 1306
face 0.087619655 1412 727 1474 920
face 0.087182045 1092 771 1245 972
face 0.08663698 623 1013 721 1438
face 0.085276775 -4 2199 195 2562
face 0.085264996 1038 1275 1150 1638
face 0.08168457 957 1674 1342 2043
face 0.08167128 256 261 591 699
face 0.07979945 1433 661 1498 795
face 0.076201454 609 1227 731 1542
face 0.074546225 434 225 715 750
face 0.07207442 473 1296 641 1520
face 0.07204163 441 1193 662 1607
face 0.071371615 1402 -58 1482 177
face 0.070904344 322 -295 767 651
face 0.070458904 541 1481 723 1716
face 0.070421815 1049 595 1286 1026
face 0.07006275 867 937 1117 1415
face 0.06993905 1430 789 1493 923
face 0.0699034 1427 578 1501 724
face 0.069726236 248 787 459 1447
face 0.069570415 -12 2378 75 2585
face 0.069381125 104 1549 331 1962
face 0.06935827 998 832 1122 1035
face 0.069314204 977 1522 1351 1892
face 0.068536855 1389 2398 1490 2577
face 0.0683417 1077 884 1193 1203
face 0.068279125 555 978 656 1153
face 0.06818464 1113 1742 1227 2092
face 0.06813495 1023 1874 1383 2384
face 0.06805672 976 881 1117 1125
face 0.06796535 81 1666 459 2038
face 0.06794846 502 1354 675 1592
face 0.06793883 1052 689 1219 898
face 0.06756112 998 1554 1178 1784
face 0.06747873 494 1109 616 1408
face 0.0674442 1138 1927 1253 2222
face 0.06732408 263 1591 457 2022
face 0.06729266 -18 -42 48 161
face 0.067079104 334 469 748 1517
face 0.06705724 1182 1869 1293 2161
face 0.066999726 945 1492 1104 1708
face 0.06699319 1027 770 1178 958
face 0.066889174 1109 1042 1351 1510
face 0.06666703 132 1275 298 1498
face 0.06658098 1288 -42 1430 137
face 0.06649781 1407 845 1475 1059
face 0.06631126 518 907 685 1406
face 0.06631006 -5 564 556 1355
face 0.066299565 93 1882 427 2332
face 0.06617525 1429 854 1494 996
face 0.066092975 568 1041 658 1222
face 0.0660847 155 1270 548 1614
