face 0.99999 228 156 509 549
face 0.118627824 95 70 619 879
face 0.11171451 442 0 541 137
face 0.103959695 426 23 476 92
face 0.096058235 439 23 469 68
face 0.09521287 466 39 514 110
face 0.09422182 371 42 449 122
face 0.09212658 401 29 464 105
face 0.08925471 490 5 606 116
face 0.089219555 481 7 515 52
face 0.08817525 415 21 515 160
face 0.08675463 486 37 532 100
face 0.08632141 462 73 511 134
face 0.08618507 419 8 455 53
face 0.08591136 478 104 529 174
face 0.085712224 529 142 572 207
face 0.08534901 446 17 494 66
face 0.08511633 489 79 527 124
face 0.08417596 436 53 495 133
face 0.08415587 520 -7 585 48
face 0.083852254 493 24 560 94
face 0.083324485 509 80 546 120
face 0.08320881 494 8 529 62
face 0.08305289 513 112 544 147
face 0.0830343 534 22 640 100
face 0.08250229 456 10 488 51
face 0.08206364 399 14 430 64
face 0.0819112 454 92 516 152
face 0.08178796 589 236 655 315
face 0.08177367 342 67 441 147
face 0.08116182 441 26 489 109
face 0.08100479 463 1 503 43
face 0.08095263 555 46 624 119
face 0.080895364 515 120 551 167
face 0.08050146 462 94 550 232
face 0.08041493 403 0 449 45
face 0.08030563 561 78 617 147
face 0.080230385 529 112 560 146
face 0.08003968 434 1 474 43
face 0.07987684 513 146 561 230
face 0.0795155 569 206 668 342
face 0.07935014 388 15 450 76
face 0.07932199 522 181 615 351
face 0.078895755 696 671 748 736
face 0.078865215 486 128 546 201
face 0.07886116 378 0 429 46
face 0.078842774 488 -2 539 45
face 0.078713536 358 15 394 65
face 0.078409754 375 17 409 67
face 0.07815416 700 648 748 708
face 0.07762371 489 135 576 296
face 0.07738969 352 332 475 509
face 0.07736162 336 40 420 102
face 0.07712704 614 646 708 805
face 0.07692224 514 36 573 107
face 0.07686683 353 -1 406 46
face 0.07674964 291 38 381 103
face 0.07621675 473 16 515 81
face 0.075901635 587 45 654 123
face 0.07579217 194 398 244 545
face 0.0756517 527 92 561 133
face 0.075529784 666 -88 752 163
face 0.07520113 674 656 762 811
face 0.075146765 320 13 355 67
face 0.07514085 22 668 115 804
face 0.07494878 637 588 719 670
face 0.07469174 380 -50 482 94
face 0.07462527 610 761 710 952
face 0.07449096 600 264 673 361
face 0.07446999 632 455 675 501
face 0.07432183 541 184 589 261
face 0.07404705 523 65 577 113
face 0.07396994 536 537 631 611
face 0.07394999 504 400 557 533
face 0.07378678 532 130 566 171
face 0.07377869 275 91 403 252
face 0.07375539 635 57 687 165
face 0.07369501 516 320 578 412
face 0.0735881 579 6 691 125
face 0.07352674 -8 771 38 834
face 0.073448144 545 100 587 146
face 0.07318411 506 5 546 63
face 0.07310842 579 60 633 155
face 0.07284467 -8 779 33 886
face 0.0726858 587 221 647 281
face 0.07245666 500 294 592 433
face 0.07232795 616 33 705 184
face 0.07231028 337 14 372 66
face 0.07226358 546 631 634 811
face 0.07220126 616 65 670 149
face 0.072138645 285 67 389 150
face 0.07203755 545 128 611 200
face 0.07198482 614 463 670 527
face 0.07198452 26 588 121 667
face 0.07197283 -2 753 39 810
face 0.071869366 633 466 689 556
face 0.07183027 698 683 745 786
face 0.07174083 454 118 530 202
face 0.07164779 9 854 78 953
face 0.07160844 483 150 537 276
face 0.07158372 626 238 677 313
face 0.07151257 671 671 722 791
