face 0.99996245 333 1140 808 1798
face 0.16658834 1142 1953 1368 2318
face 0.12607267 1188 2141 1374 2533
face 0.124694295 1164 2153 1338 2355
face 0.12179195 780 1696 951 2194
face 0.11088338 386 1374 697 1792
face 0.10749363 1239 1928 1391 2106
face 0.104252234 756 333 1018 882
face 0.101328656 656 1694 835 2079
face 0.09354633 1135 2160 1249 2371
face 0.08939369 869 1963 1019 2477
face 0.08899542 1122 1317 1427 1816
face 0.08780592 638 1725 766 2000
face 0.08657421 242 1150 336 1418
face 0.08404609 693 1841 800 2166
face 0.08137177 846 1744 1040 2226
face 0.08111807 1437 516 1497 650
face 0.08043273 545 1125 797 1512
face 0.0803073 797 -232 1226 680
face 0.08013359 1425 655 1492 789
face 0.079720736 1430 585 1495 722
face 0.07933111 744 1876 837 2144
face 0.07702025 924 1885 1028 2316
face 0.07668652 257 1300 417 1530
face 0.07656678 1429 991 1493 1126
face 0.07638461 -11 2410 77 2571
face 0.076334454 1412 661 1472 857
face 0.07620387 772 1777 883 2110
face 0.07529138 1425 726 1488 860
face 0.07526246 1251 2265 1380 2545
face 0.074915156 1417 497 1476 718
face 0.07490265 538 1796 726 2168
face 0.07476644 788 1899 937 2362
face 0.07475722 1425 923 1492 1061
face 0.074062906 618 2029 725 2385
face 0.07387522 1092 2193 1188 2377
face 0.073855914 577 2044 683 2375
face 0.0736351 1412 579 1472 787
face 0.07357907 1100 2057 1438 2392
face 0.073531866 453 1806 655 2174
face 0.07338413 1438 447 1497 581
face 0.0732773 246 1169 451 1615
face 0.073264286 618 304 1001 666
face 0.07304699 692 152 1091 529
face 0.0728361 130 1647 362 2008
face 0.07280414 1422 854 1491 995
face 0.07264031 653 1871 825 2305
face 0.07254785 1059 1460 1349 1927
face 0.07215118 1424 790 1489 927
face 0.072144985 1111 1114 1170 1354
face 0.07205989 224 1175 292 1413
face 0.07200511 1416 981 1476 1177
face 0.07187808 713 1807 868 2211
face 0.07178773 1099 1181 1289 1889
face 0.07170259 1411 783 1473 989
face 0.07167675 967 1817 1068 2167
face 0.071604036 302 1227 462 1468
face 0.071442604 724 1739 849 2017
face 0.07134281 737 1971 839 2364
face 0.071247175 526 1864 658 2112
face 0.07120241 273 1133 379 1433
face 0.070974045 237 1071 357 1339
face 0.07093683 1089 1805 1173 2082
face 0.07089271 1386 451 1435 663
face 0.0707543 932 1968 1091 2429
face 0.07063398 19 1604 280 1999
face 0.070588864 1059 1671 1136 1954
face 0.07056138 1400 -36 1494 117
face 0.07055479 1396 2134 1492 2301
face 0.070543915 1116 1089 1417 1549
face 0.07054285 856 1998 952 2407
face 0.07035199 1190 2299 1335 2522
face 0.070204556 14 663 266 1025
face 0.07018201 1006 1791 1099 2103
face 0.07016378 1090 2055 1217 2237
face 0.070153646 1128 1101 1200 1386
face 0.07013679 784 1923 885 2226
face 0.0701103 213 1064 387 1482
face 0.07000881 684 1694 813 1926
face 0.06987698 1379 519 1433 740
