face 0.99875927 644 190 866 485
face 0.15198727 963 225 1048 326
face 0.13423644 1125 309 1157 346
face 0.12755564 1140 297 1167 327
face 0.12717582 509 283 536 315
face 0.12381525 1159 304 1187 338
face 0.12379732 421 324 450 365
face 0.12100408 1176 297 1199 323
face 0.12060334 443 329 471 365
face 0.12058816 1139 185 1171 226
face 0.120422564 458 314 483 346
face 0.119847804 471 288 498 323
face 0.11978848 1143 213 1171 245
face 0.119785294 1165 335 1191 365
face 0.11966416 1132 318 1166 357
face 0.11917984 1243 358 1265 389
face 0.11899616 1164 345 1194 382
face 0.11872767 495 294 522 331
face 0.11838091 1214 359 1237 392
face 0.11812883 1104 290 1142 345
face 0.11804652 431 315 458 351
face 0.11750694 1169 310 1193 339
face 0.117472626 1116 289 1152 333
face 0.11734425 1183 309 1207 337
face 0.11687554 414 303 446 347
face 0.116644904 1065 330 1102 374
face 0.11605505 1238 339 1260 366
face 0.11594325 1197 288 1220 314
face 0.11569418 1118 210 1145 244
face 0.11529725 1201 356 1225 390
face 0.11519592 1131 273 1164 311
face 0.115147196 1117 351 1163 410
face 0.11510631 1191 333 1216 363
face 0.1150113 1214 345 1237 374
face 0.11488109 1154 325 1186 360
face 0.114836685 1113 315 1148 357
face 0.11453376 1103 326 1136 363
face 0.11432989 1172 357 1200 393
face 0.11365628 427 290 459 328
face 0.1134572 1245 345 1268 375
face 0.11259962 1203 363 1229 402
face 0.112598665 519 281 556 323
face 0.11259531 208 21 1072 946
face 0.112572044 1135 348 1175 395
face 0.11194739 1103 193 1132 234
face 0.11167623 511 300 538 332
face 0.111639954 449 308 475 339
face 0.111583784 370 323 398 361
face 0.111176826 708 7 783 68
face 0.11098181 1092 262 1133 317
face 0.11069295 1055 304 1102 370
face 0.11048067 1130 226 1167 269
face 0.11036385 1058 349 1093 391
face 0.11028133 397 308 424 349
face 0.11023753 1080 299 1121 353
face 0.11023699 397 326 424 363
face 0.11022619 332 306 365 353
face 0.10993247 1115 183 1140 215
face 0.10983771 502 273 531 305
face 0.10981779 1096 215 1129 260
face 0.109582946 1134 152 1176 209
face 0.10947078 1143 260 1172 293
face 0.10935793 1108 178 1131 208
face 0.10923827 1113 148 1144 191
face 0.1092083 488 312 516 350
face 0.10893306 501 259 535 294
face 0.10889206 458 282 487 316
face 0.10881953 1103 158 1137 209
face 0.108683005 383 303 409 340
face 0.10858678 388 329 419 376
face 0.10854482 523 260 555 292
face 0.10822676 1021 287 1072 372
face 0.10807298 525 268 586 332
face 0.10782759 1079 179 1104 212
face 0.107811496 1110 375 1163 444
face 0.10768137 1058 241 1105 321
face 0.107637964 1173 266 1200 295
face 0.10762212 1133 145 1163 185
face 0.10760624 1235 375 1260 408
face 0.10756089 1160 360 1193 406
face 0.107335046 1168 279 1195 310
face 0.106952004 1139 179 1163 209
face 0.10691116 1094 148 1120 183
face 0.10656432 474 332 499 360
face 0.10649355 1211 369 1238 407
face 0.10624683 1049 328 1090 371
face 0.1061854 1082 208 1110 245
face 0.106083564 939 239 1023 368
face 0.10595799 918 212 1060 382
face 0.10588254 1246 373 1271 407
face 0.10570139 447 355 477 393
face 0.10540925 1200 334 1225 366
face 0.10535994 1205 291 1231 318
face 0.10531322 1098 351 1138 395
face 0.10525588 455 352 483 382
face 0.105020374 1069 188 1096 230
face 0.105004735 1071 224 1216 380
face 0.10495816 1070 147 1098 186
face 0.10481795 332 285 364 328
face 0.10464166 1039 528 1090 628
face 0.10450944 1256 351 1293 396
face 0.10437335 1187 376 1216 412
face 0.104360804 1165 260 1194 290
face 0.104205005 1013 527 1071 637
face 0.10407764 198 334 254 409
face 0.10406492 1083 354 1114 388
face 0.10355538 1069 215 1100 262
face 0.10352581 1194 261 1224 290
face 0.10350687 326 322 358 362
face 0.102970794 1153 228 1191 272
face 0.10291454 467 36 536 156
face 0.102893494 1238 379 1269 425
face 0.10275282 1047 95 1193 279
face 0.10270451 1223 313 1248 339
face 0.10265127 1198 307 1224 338
face 0.102534 481 337 512 374
face 0.10252748 398 289 430 331
face 0.102490924 468 263 502 301
face 0.10247674 405 261 450 317
face 0.10246773 432 349 460 381
face 0.10244884 1262 333 1298 376
face 0.1023281 1208 318 1233 346
face 0.10232745 1063 153 1092 200
face 0.10232714 1238 320 1263 349
face 0.102147736 1271 351 1311 392
face 0.10187464 1086 131 1119 167
face 0.10165883 1087 229 1128 282
face 0.10142576 1228 291 1256 321
face 0.10135081 318 305 354 347
face 0.1013073 266 285 306 345
face 0.1013004 191 298 234 355
face 0.10129007 283 277 321 326
face 0.101240456 1216 285 1243 312
face 0.1007478 347 287 378 330
face 0.10072492 1127 219 1157 256
face 0.10065842 476 357 503 385
face 0.100637086 1059 366 1103 418
face 0.100634255 529 236 577 275
face 0.10051766 885 8 924 57
face 0.10040959 279 245 319 303
face 0.100400805 930 13 964 59
face 0.100028016 416 356 448 399
face 0.09988898 394 244 532 406
face 0.0997451 1043 298 1089 345
face 0.09964705 1203 377 1234 426
face 0.09960038 393 282 423 319
face 0.09959425 318 278 354 317
face 0.099459745 1041 141 1077 192
face 0.09934368 1155 373 1192 427
face 0.09912336 1230 303 1258 337
face 0.09907709 444 252 486 294
face 0.09906079 979 516 1042 647
face 0.09880633 388 357 419 403
face 0.098785974 452 379 489 417
face 0.09878375 1094 274 1245 425
face 0.09875721 1164 221 1201 258
face 0.09868064 178 341 227 408
face 0.0985334 1095 135 1246 301
face 0.09848233 1031 342 1075 409
face 0.098384246 178 297 216 350
face 0.09832033 418 252 463 303
face 0.09821869 1067 266 1118 333
face 0.098210454 1274 328 1315 369
face 0.098178156 1261 372 1301 418
face 0.098153874 1177 202 1209 238
face 0.09811781 524 245 581 296
face 0.09808628 911 1 953 38
face 0.09806452 335 243 468 411
face 0.09796132 1268 308 1306 351
face 0.09791994 397 350 425 385
face 0.09785476 963 17 1000 63
face 0.09772952 1014 264 1151 426
face 0.09769555 239 309 281 360
face 0.0975499 1153 168 1188 214
face 0.09751705 967 280 1032 391
face 0.0974743 1026 174 1064 231
face 0.09719796 983 22 1024 67
face 0.09716574 465 18 592 185
face 0.097078696 1040 169 1073 214
face 0.09703226 1083 223 1119 262
face 0.096962936 222 252 260 301
face 0.09692693 496 239 540 280
face 0.096865326 1205 196 1243 242
face 0.096753486 948 3 989 39
face 0.09672158 485 255 528 298
face 0.09667718 1247 311 1274 340
face 0.0966217 1116 257 1148 291
face 0.09661394 1147 179 1177 210
face 0.096597545 213 303 251 345
face 0.096451506 1041 364 1086 420
face 0.09638547 1278 375 1319 417
face 0.096378684 1139 129 1173 167
face 0.09632296 950 23 1006 129
face 0.09623057 1017 83 1076 167
face 0.096230544 422 377 458 418
face 0.09611352 1138 376 1179 419
face 0.09610768 280 309 317 359
