face 0.9871775 339 664 897 1472
face 0.121113345 644 1693 855 2095
face 0.115997575 626 1750 1366 2424
face 0.114246964 1095 1969 1314 2437
face 0.10820043 687 790 915 1300
face 0.09304822 1207 1666 1417 2083
face 0.091848694 879 2006 1080 2466
face 0.09176842 642 1859 844 2316
face 0.087338954 330 1876 550 2333
face 0.0871649 902 1507 1037 1695
face 0.08703801 879 1803 1080 2270
face 0.086267166 892 1354 1063 1578
face 0.08590802 874 962 988 1269
face 0.08588623 607 1786 694 1988
face 0.084877275 1112 1863 1170 2004
face 0.084266946 864 409 1073 809
face 0.08394963 40 1613 229 2037
face 0.083678715 1390 2340 1476 2562
face 0.08245526 804 2009 999 2453
face 0.081483975 1156 1927 1366 2331
face 0.079791 1301 2385 1425 2578
face 0.07897076 144 1803 364 2245
face 0.078368425 861 1127 954 1475
face 0.077442616 980 924 1048 1149
face 0.077143185 -8 1701 56 1962
face 0.07684871 827 1423 932 1654
face 0.076033205 827 519 990 750
face 0.07598601 327 17 533 432
face 0.07592802 1130 1946 1187 2083
face 0.075283885 463 961 651 1177
face 0.07525829 102 1910 321 2384
face 0.07523232 798 1807 1001 2262
face 0.07509768 479 1674 676 2087
face 0.07498813 859 1074 1043 1518
face 0.0745395 1409 -32 1496 111
face 0.07433814 1332 2308 1436 2539
face 0.074319996 77 1687 205 1968
face 0.074180305 561 1747 738 2151
face 0.074129365 638 1873 747 2131
face 0.07360323 1245 1936 1378 2215
face 0.073584795 843 1253 1218 1611
face 0.073508546 877 632 1009 893
face 0.07321108 209 1873 442 2325
face 0.07319948 717 2089 925 2535
face 0.07298201 965 1667 1370 2024
face 0.07290279 1144 1899 1219 2016
face 0.07284134 811 -20 935 123
face 0.07269902 778 1512 885 1732
face 0.072561905 906 1021 1037 1344
face 0.07242717 550 1778 643 1986
face 0.07241965 1404 2139 1501 2300
face 0.07233875 1419 2012 1502 2158
face 0.07213675 1398 2203 1499 2368
face 0.07199345 14 1651 107 2000
face 0.07191707 1123 1991 1177 2146
face 0.071899764 1278 2296 1393 2549
face 0.07161826 950 2068 1162 2530
face 0.07158191 1425 1947 1501 2088
face 0.07156617 1022 1926 1099 2176
face 0.07147548 1412 2072 1503 2228
face 0.07136433 597 2084 811 2521
face 0.07134341 931 1578 1034 1765
face 0.07116782 1411 793 1473 994
face 0.0711308 401 1811 613 2252
face 0.07110122 1309 -26 1420 119
face 0.07106079 840 786 1003 1274
face 0.071059436 1412 224 1481 443
face 0.07099507 645 965 890 1441
face 0.07089759 1429 1877 1500 2018
face 0.07084682 969 1612 1055 1770
face 0.07081451 791 290 1021 728
face 0.07075994 433 893 691 1263
face 0.07069845 1423 1672 1498 1819
face 0.07064248 853 1353 966 1596
face 0.07062514 1134 1820 1210 1974
face 0.07061325 610 1907 688 2115
face 0.070543334 1077 1987 1129 2160
face 0.07052092 1168 1976 1331 2201
face 0.070492625 249 2005 474 2432
face 0.07044938 1125 1722 1225 1922
