face 0.999948 241 201 565 644
face 0.120594405 568 7 676 158
face 0.112684175 15 112 696 837
face 0.11178882 25 325 215 605
face 0.10236923 402 5 429 52
face 0.101583354 421 4 452 45
face 0.0988543 385 5 412 45
face 0.09327252 608 114 700 262
face 0.09105789 54 402 156 562
face 0.08906105 391 0 425 39
face 0.08860578 603 129 679 212
face 0.087197036 406 -1 442 38
face 0.086605646 410 7 456 62
face 0.08656984 367 0 404 40
face 0.08591443 479 5 537 68
face 0.0856785 86 222 283 670
face 0.084422484 706 391 740 464
face 0.083522394 482 2 517 47
face 0.08342688 565 83 613 157
face 0.083402425 438 4 472 46
face 0.08306102 372 11 417 63
face 0.08288335 587 120 688 402
face 0.08245113 32 537 165 720
face 0.08219609 654 373 698 426
face 0.08216134 427 4 479 67
face 0.08215052 583 139 645 243
face 0.08168385 625 164 689 274
face 0.08164727 575 42 647 136
face 0.08119816 625 796 710 959
face 0.08098295 446 4 500 72
face 0.08093855 488 -3 536 42
face 0.080628775 707 421 746 476
face 0.08048216 629 213 694 308
face 0.08033941 388 -54 483 83
face 0.08031359 43 617 140 755
face 0.0799491 361 4 391 54
face 0.07990843 453 2 489 48
face 0.07959369 660 403 707 477
face 0.079379305 546 68 595 159
face 0.07937767 391 8 435 73
face 0.079358965 577 77 636 162
face 0.07872048 694 857 744 968
face 0.07853404 706 366 742 435
face 0.07829821 555 549 646 721
face 0.07828996 671 838 725 964
face 0.07820363 509 3 543 55
face 0.0781359 659 391 700 444
face 0.07799502 128 411 189 533
face 0.07765618 688 921 752 999
face 0.07761767 -2 791 91 963
face 0.07759708 526 36 615 186
face 0.07735517 575 69 678 246
face 0.07721419 624 28 688 142
face 0.07712139 460 11 526 103
face 0.07699242 349 13 401 68
face 0.07669715 440 -50 541 84
face 0.07660502 442 397 539 569
face 0.07653625 598 208 667 277
face 0.0764046 674 372 763 528
face 0.07632705 703 445 746 502
face 0.076239415 560 44 611 139
face 0.07618901 397 441 517 590
face 0.07600239 448 246 560 409
face 0.07596814 337 53 439 134
face 0.07593879 551 5 581 62
face 0.07586053 0 695 56 833
face 0.07579627 345 -59 440 88
face 0.075730756 314 -35 496 103
face 0.07572303 344 -4 389 42
face 0.07549979 -4 718 76 890
face 0.07549509 678 803 762 963
face 0.07547832 585 103 656 179
face 0.075462334 659 429 712 518
face 0.07545081 78 638 145 726
face 0.07539792 644 353 697 407
face 0.075314075 701 847 750 919
face 0.0752534 397 91 495 175
face 0.0752055 375 31 443 102
face 0.07518192 655 37 708 146
face 0.075059205 677 384 712 459
face 0.07499231 541 488 632 663
face 0.07492355 674 164 761 325
face 0.07487776 565 155 626 227
face 0.0747844 594 178 665 253
face 0.07475352 477 48 539 130
face 0.0744023 699 212 745 275
face 0.07439834 76 584 190 799
face 0.07424739 613 876 808 1011
face 0.07419915 537 5 591 87
face 0.07417871 521 127 573 197
face 0.073902786 498 17 561 102
face 0.07360747 -22 426 86 642
face 0.07330606 704 823 749 890
face 0.07328941 530 3 563 56
face 0.07326137 -57 419 134 552
face 0.07323027 703 345 746 402
face 0.07321603 -10 737 38 879
face 0.073070735 544 124 593 201
face 0.07305438 424 57 508 130
