face 0.9997191 499 1407 1001 2127
face 0.118803434 -13 -37 66 143
face 0.11619207 77 1299 251 1830
face 0.11281714 33 959 219 1393
face 0.11095742 276 2162 459 2552
face 0.094330534 156 1080 263 1452
face 0.093617596 119 995 229 1354
face 0.09283985 480 -20 572 110
face 0.08798371 65 10 292 453
face 0.08689799 443 -21 521 126
face 0.08591585 1218 26 1434 378
face 0.08410514 1044 -12 1338 434
face 0.08409999 1272 -32 1406 129
face 0.083843686 1372 2323 1500 2531
face 0.08106165 1243 5 1423 220
face 0.07953399 180 642 299 951
face 0.079337485 510 -20 615 119
face 0.077405006 167 857 259 1271
face 0.07565349 402 2026 640 2431
face 0.07537342 1412 701 1498 869
face 0.07525405 48 1400 152 1823
face 0.074205115 550 -16 657 118
face 0.074119136 258 2291 416 2533
face 0.07405249 944 2050 1086 2340
face 0.07391637 40 1614 149 2018
face 0.07334014 10 -37 121 123
face 0.07321783 1174 569 1428 956
face 0.07272063 80 1469 190 1866
face 0.07270567 1033 1715 1238 2209
face 0.07264693 460 132 927 1088
face 0.07212307 944 234 1048 387
face 0.07210099 947 378 1047 524
face 0.07208478 1404 -47 1479 169
face 0.07205222 1412 770 1499 935
face 0.07195003 82 1117 189 1430
face 0.07186553 138 913 306 1371
face 0.07184446 231 1436 422 1931
face 0.07137049 1119 -109 1425 274
face 0.071189575 42 1127 146 1437
face 0.07115902 26 494 219 968
face 0.07102522 712 1427 980 1848
face 0.070879735 551 2089 708 2318
face 0.070828535 684 82 818 255
face 0.07082501 424 -1 530 196
face 0.07035021 196 643 380 1072
face 0.070284806 -37 1512 306 1887
face 0.07026978 91 1570 252 2048
face 0.07025042 1158 724 1351 967
face 0.07021143 -41 1650 310 2031
face 0.07020611 579 85 712 258
face 0.07019884 250 949 436 1620
face 0.07015716 42 1 229 250
face 0.07010371 754 1437 951 1667
face 0.06984936 997 362 1128 535
face 0.06977772 42 1803 147 2190
face 0.069652684 55 324 715 998
face 0.06936981 349 -146 670 284
face 0.069248214 396 -24 484 130
face 0.06910449 48 58 714 742
face 0.069050886 191 1648 392 2139
face 0.06894956 227 719 344 997
face 0.068929635 1032 2224 1294 2550
face 0.06890828 80 1654 185 2068
face 0.068861514 88 1349 195 1718
face 0.06882869 1211 1863 1425 2326
face 0.06877958 887 81 1023 262
face 0.068749465 1405 627 1495 796
face 0.06874183 538 610 641 823
