face 0.99837375 113 91 226 250
face 0.121811144 52 8 269 407
face 0.115592584 265 218 323 334
face 0.11135582 257 248 296 330
face 0.104153916 261 214 300 279
face 0.09448533 276 74 319 135
face 0.09109373 260 162 324 287
face 0.086826265 273 247 362 308
face 0.08665298 316 231 334 273
face 0.08472235 274 225 303 272
face 0.08467231 287 187 324 258
face 0.08352508 251 233 404 342
face 0.08322723 214 222 301 285
face 0.08277437 285 222 311 278
face 0.08201913 314 206 334 253
face 0.081165776 276 203 317 275
face 0.08060797 285 245 311 295
face 0.07950314 274 274 323 357
face 0.07892562 254 223 333 285
face 0.07856454 275 248 303 319
face 0.07828687 305 228 324 278
face 0.07764098 252 208 281 246
face 0.07717019 250 267 331 330
face 0.07692469 265 270 400 469
face 0.07688425 235 247 273 327
face 0.076295815 304 192 342 259
face 0.075997286 238 343 286 411
face 0.07510063 262 239 287 305
face 0.074991964 271 202 357 262
face 0.074750036 314 89 338 122
face 0.07439691 303 196 325 252
face 0.074193 4 -2 20 29
face 0.07416329 148 89 199 161
face 0.0739817 27 42 67 126
face 0.07361429 252 204 328 402
face 0.073393606 252 303 322 384
face 0.07336634 242 200 269 252
face 0.07331867 294 401 326 435
face 0.07286415 316 137 337 183
face 0.072850816 273 159 359 220
face 0.07264811 18 -2 36 16
face 0.0725826 -20 -57 59 126
face 0.07256133 292 237 319 284
face 0.07246486 222 110 307 298
face 0.07242762 234 198 278 275
face 0.07229331 1 4 22 76
face 0.071947955 276 137 361 197
face 0.07153086 305 226 343 293
face 0.07150554 273 81 299 125
face 0.07144659 250 189 404 299
face 0.071435206 -5 360 14 417
face 0.07141749 266 202 297 253
face 0.07136579 -45 -33 85 82
face 0.07124364 210 -12 301 39
face 0.0710429 278 174 346 246
face 0.07100495 315 116 335 164
face 0.07094722 254 59 298 130
face 0.070849404 187 74 243 172
face 0.07071144 315 258 336 285
face 0.07069102 287 -68 378 118
face 0.0706646 307 73 343 141
face 0.07062261 235 244 317 307
face 0.07033195 9 -3 26 16
face 0.070329696 -3 -6 11 26
face 0.07027503 -21 -2 41 70
face 0.07026898 -25 62 38 135
face 0.07018119 303 244 323 299
face 0.0701102 174 -1 280 154
face 0.06994981 -5 390 17 419
face 0.069894865 251 146 407 255
face 0.06986309 298 113 338 226
face 0.06973421 284 248 323 324
face 0.06962422 250 221 278 277
face 0.06958406 1 131 23 218
face 0.06950245 260 286 287 341
face 0.06933345 246 -5 333 174
