face 0.9999143 40 72 401 658
face 0.99964094 377 334 435 469
face 0.99139845 393 572 449 703
face 0.9911094 414 328 448 436
face 0.98482925 442 647 471 707
face 0.95288384 433 525 481 652
face 0.8790205 2 685 28 724
face 0.85974187 387 591 424 700
face 0.7034077 -32 293 57 417
face 0.4330918 442 675 474 725
face 0.32724097 443 306 473 388
face 0.22427057 194 213 231 285
face 0.12636381 120 153 199 266
face 0.12293824 -12 37 106 141
face 0.117124714 436 472 485 595
face 0.11586805 430 326 482 448
face 0.115468085 184 211 217 294
face 0.10996072 30 448 57 542
face 0.10778292 4 411 31 506
face 0.106031224 12 637 55 688
face 0.10378827 48 -13 110 43
face 0.10357556 1 13 62 80
face 0.10256394 429 380 484 493
face 0.10117206 440 -12 475 35
face 0.10023674 425 301 456 403
face 0.095186464 355 366 464 699
face 0.08512403 405 324 438 406
face 0.08032643 -10 5 109 100
face 0.07926745 445 498 468 574
face 0.07653714 405 274 457 414
face 0.07493869 347 -16 465 292
face 0.074425705 428 149 484 269
face 0.07387058 343 -13 399 41
face 0.07352514 392 364 448 492
face 0.072881475 -12 490 45 678
face 0.072658665 388 388 427 470
face 0.07174868 0 665 19 702
face 0.071498945 39 479 71 591
face 0.071372785 443 344 472 429
face 0.071240544 180 268 247 401
face 0.071171485 66 322 142 455
face 0.070887685 431 598 482 704
face 0.07033814 393 117 452 249
face 0.07019718 449 510 473 555
face 0.0701284 387 641 512 740
face 0.069985926 444 406 474 468
face 0.069794856 -5 204 19 294
face 0.06947862 -30 69 61 191
face 0.06938022 443 287 474 336
face 0.06937989 -33 218 55 342
face 0.0692602 327 185 403 315
face 0.06923002 338 331 403 466
face 0.06922205 391 419 425 534
face 0.069214284 450 473 475 518
face 0.06919973 -40 -21 83 65
face 0.06910852 274 486 343 617
face 0.06910267 447 435 475 481
face 0.06909305 445 467 469 539
face 0.06903712 384 48 453 151
face 0.06896223 368 462 399 574
face 0.068959855 445 269 475 314
face 0.068941206 42 442 68 541
face 0.06882306 448 455 474 499
face 0.068762705 433 483 456 579
face 0.06875266 371 3 554 222
face 0.06870624 -47 642 76 741
face 0.068573005 428 534 458 672
face 0.06854467 9 557 72 684
face 0.068530396 137 191 189 272
face 0.06826654 17 233 46 344
face 0.068146795 -5 409 14 479
face 0.068090536 425 102 483 225
face 0.0679009 19 3 133 352
face 0.06789476 442 130 471 204
face 0.06788191 442 173 472 254
face 0.06783305 13 686 41 725
face 0.067788586 444 530 470 619
face 0.06768687 119 72 238 192
face 0.0676628 208 211 240 298
face 0.06757456 424 -10 462 36
face 0.06752219 450 492 474 537
face 0.06734751 -38 -67 108 165
face 0.06733022 27 480 58 587
face 0.067267045 40 25 216 289
face 0.06722039 22 447 48 508
face 0.0671887 14 158 44 271
face 0.06714195 432 421 485 538
face 0.06712131 -45 118 70 216
face 0.067115925 -35 394 61 619
face 0.0671144 442 574 472 674
face 0.06710331 326 256 386 318
face 0.06706379 -3 645 22 684
face 0.066901565 432 644 459 701
face 0.06689357 381 676 416 725
face 0.06687288 2 161 31 273
face 0.06678696 184 425 245 489
face 0.06667472 398 630 441 691
face 0.06658112 427 346 457 457
face 0.06656012 16 455 44 542
face 0.06645754 404 401 437 515
face 0.06642078 380 420 415 494
face 0.06636672 -6 332 15 406
face 0.06632985 450 528 474 573
face 0.06632891 446 228 476 275
face 0.066311754 447 248 476 293
