face 0.99993086 265 173 502 495
face 0.11828139 15 114 700 836
face 0.11538963 600 200 702 354
face 0.105652325 602 220 662 278
face 0.10233466 219 445 306 605
face 0.08768149 625 727 707 905
face 0.08681596 364 533 465 736
face 0.0868136 -10 643 31 762
face 0.08669649 613 232 674 307
face 0.08391546 461 436 558 586
face 0.0827048 625 799 700 964
face 0.082354754 694 849 745 966
face 0.08072806 452 472 503 565
face 0.0806506 0 744 104 943
face 0.079352275 520 609 572 747
face 0.078817755 -8 591 29 717
face 0.07880288 671 764 723 920
face 0.07782705 178 153 326 311
face 0.077768385 223 49 416 209
face 0.07746698 621 738 669 883
face 0.07670732 269 486 319 612
face 0.076414496 425 465 515 640
face 0.07621741 309 556 413 754
face 0.07612331 544 615 626 789
face 0.07567953 678 798 762 967
face 0.07530318 603 877 806 1012
face 0.074860916 356 277 492 458
face 0.074765235 608 826 797 961
face 0.07471781 695 695 746 765
face 0.074629806 697 808 743 925
face 0.07392088 602 732 650 889
face 0.07347195 640 34 783 211
face 0.07299684 583 688 682 943
face 0.072934106 136 757 190 927
face 0.072640285 121 764 167 908
face 0.0725084 674 837 725 968
face 0.072238065 486 597 571 790
face 0.0721742 236 507 288 640
face 0.07183036 617 9 716 294
face 0.07172474 524 697 613 908
face 0.071331054 704 651 747 709
face 0.07115477 115 50 319 198
face 0.07094008 692 921 750 995
face 0.07092695 96 709 147 847
face 0.07030364 677 702 763 872
face 0.07028842 618 834 672 956
face 0.07007886 100 758 147 892
face 0.07000428 644 -68 772 123
face 0.06977211 699 674 747 737
face 0.069506824 632 864 692 948
face 0.06937298 699 797 748 869
face 0.06929523 540 620 597 738
face 0.06928375 710 629 748 682
face 0.069252424 700 737 742 845
face 0.06922697 634 245 678 328
face 0.06904548 573 -49 705 126
face 0.0688257 459 482 520 601
face 0.06882129 200 108 365 262
face 0.06879821 671 691 721 826
face 0.068670794 696 -15 749 46
face 0.068666466 283 575 472 710
face 0.06829086 676 633 763 792
face 0.06815332 372 199 483 349
face 0.06783625 297 300 427 468
face 0.0678281 1 679 62 781
face 0.06773795 216 491 270 613
face 0.067687556 636 812 694 901
face 0.06763648 486 634 757 927
face 0.067525096 83 624 175 878
face 0.06746074 125 8 369 265
face 0.067276865 491 72 595 260
face 0.06726823 564 513 608 638
face 0.067170985 345 321 447 405
face 0.067101486 557 603 616 712
face 0.06700263 593 841 654 956
face 0.06691124 598 231 644 297
face 0.06672538 196 558 256 642
face 0.066711076 -9 531 28 673
face 0.06668776 460 420 523 549
face 0.06659675 655 894 713 962
face 0.06652995 579 706 627 857
face 0.06642243 301 702 428 954
face 0.06642116 623 592 720 829
