face 0.9956027 650 677 1357 1500
face 0.12669735 709 950 1022 1404
face 0.12253495 41 315 1899 2249
face 0.12051007 1715 2224 1797 2378
face 0.1174533 806 2351 865 2460
face 0.11540282 1695 2259 1793 2448
face 0.098252445 674 2369 839 2543
face 0.09641726 804 2319 865 2414
face 0.09508587 876 2342 934 2455
face 0.09140652 887 2315 946 2414
face 0.08729685 772 2333 838 2450
face 0.08661218 771 2295 837 2396
face 0.086304344 960 2314 1019 2413
face 0.086289644 923 2343 989 2445
face 0.08611146 1397 2522 1496 2662
face 0.08588996 794 2374 866 2524
face 0.08557531 1481 2247 1549 2369
face 0.085189484 1593 2231 1667 2383
face 0.08515314 1616 2217 1690 2349
face 0.08440373 1433 2252 1521 2386
face 0.084209904 1666 2243 1742 2431
face 0.08414665 872 2381 939 2514
face 0.08332499 703 744 1034 1181
face 0.083161965 517 2521 618 2664
face 0.083034955 731 2266 797 2379
face 0.08282501 1542 2253 1610 2385
face 0.08246466 1451 2227 1537 2345
face 0.08238411 1353 2303 1424 2463
face 0.082044154 914 2297 976 2384
face 0.081970245 827 653 1145 1033
face 0.08179491 546 2451 639 2568
face 0.081784554 1316 2308 1375 2452
face 0.081576034 1357 2403 1436 2542
face 0.08133193 1399 2415 1480 2542
face 0.08131074 506 2463 596 2575
face 0.08122756 387 2270 480 2448
face 0.081124425 959 2384 1060 2527
face 0.08112304 974 2339 1050 2450
face 0.081043534 983 2295 1045 2382
face 0.081033796 1352 2271 1425 2383
face 0.08089897 953 2344 1025 2472
face 0.08067723 1723 2345 1839 2548
face 0.08048882 513 2428 598 2529
face 0.08044654 1733 2287 1843 2461
face 0.08038823 571 2414 674 2531
face 0.07987687 1631 2304 1728 2457
face 0.07987536 1668 2206 1745 2320
face 0.079850905 1703 2193 1788 2304
face 0.079826996 562 2517 673 2667
face 0.079728946 1362 2525 1457 2662
face 0.07970797 649 2441 784 2582
face 0.07969113 616 2509 738 2671
face 0.07966342 668 2253 736 2377
face 0.07937945 1625 2181 1847 2556
face 0.07917114 1228 2300 1301 2459
face 0.079165615 269 1901 376 2173
face 0.079142205 731 2422 841 2577
face 0.079069115 1415 2457 1494 2565
face 0.078987405 471 2520 579 2669
face 0.0789615 1400 2332 1483 2465
face 0.07893483 819 2293 885 2380
face 0.07887036 1482 2220 1552 2313
face 0.07886667 1551 2214 1619 2310
face 0.07871871 898 2393 979 2516
face 0.07842317 1180 2301 1253 2458
face 0.07840735 454 2311 527 2444
face 0.07825712 1336 1001 1494 1263
face 0.078243226 1443 2521 1546 2663
face 0.078201175 565 2372 628 2472
face 0.07818137 1007 2308 1068 2398
face 0.07812671 523 1854 668 2182
face 0.078012675 1543 2316 1626 2472
face 0.07799668 1434 2349 1516 2497
face 0.07797631 1317 2403 1392 2544
face 0.0777391 73 2130 301 2589
face 0.07761416 935 2289 1000 2394
face 0.07761333 1388 2137 1625 2521
face 0.07749445 478 2441 559 2556
face 0.07749295 468 2417 531 2528
face 0.0774547 1001 2361 1162 2550
face 0.07724047 711 2335 832 2468
face 0.07709425 941 2254 1013 2352
face 0.077061035 1024 2288 1091 2374
face 0.077055745 1634 2323 1767 2548
face 0.077028416 799 2439 887 2578
face 0.07702353 1093 2327 1165 2463
face 0.07700848 1406 966 1527 1281
face 0.07700668 1333 2288 1397 2414
face 0.07693342 1313 2360 1374 2505
face 0.0768444 1723 2160 1822 2302
face 0.07674109 609 2449 723 2576
face 0.07651117 1411 838 1531 1163
face 0.07643256 1377 2227 1475 2391
face 0.07640202 765 2236 845 2349
face 0.07636349 1250 2283 1321 2420
face 0.0763481 923 2393 1011 2562
face 0.07632166 326 2209 448 2468
face 0.07614751 685 1900 821 2150
face 0.07596934 1039 2300 1110 2404
face 0.07596934 998 2253 1065 2345
face 0.07588779 867 2240 950 2351
face 0.0757611 1542 2167 1619 2285
face 0.07563904 802 2233 889 2347
face 0.0755789 1446 2184 1531 2305
face 0.075567044 397 2392 476 2527
face 0.07554303 671 2344 737 2451
face 0.07548063 1602 2149 1693 2294
face 0.07547015 270 2020 400 2309
face 0.07528688 1175 2239 1258 2398
face 0.07527299 1532 2385 1629 2546
face 0.075255185 321 1865 450 2234
face 0.07517629 588 1897 714 2145
face 0.07504808 1445 2453 1529 2564
face 0.07498554 1434 2095 1531 2247
face 0.07496028 615 1872 734 2053
face 0.074926004 624 2370 686 2465
face 0.07490082 1476 2326 1551 2462
face 0.07487559 839 883 1196 1249
face 0.074712016 887 2454 980 2577
face 0.07458096 1296 2274 1366 2386
face 0.07455222 471 1787 617 2139
face 0.07442583 567 2323 638 2423
face 0.07435672 1224 2235 1305 2404
face 0.074354514 1087 687 1331 1134
face 0.074310884 1884 2509 2010 2676
face 0.074262 1009 2221 1085 2313
face 0.074240915 5 2211 156 2588
face 0.07414298 413 2481 490 2591
face 0.074138924 1172 2386 1265 2545
face 0.074112184 961 2220 1040 2315
face 0.07408837 1634 2147 1725 2260
face 0.07402435 480 2386 548 2487
face 0.07401887 313 2107 561 2516
face 0.07401651 1387 2461 1462 2567
face 0.07389708 997 2334 1097 2458
