face 0.99991846 274 1199 776 1901
face 0.1565222 47 150 282 524
face 0.13123459 134 17 402 495
face 0.12845518 4 1426 76 1586
face 0.12506458 797 1380 844 1517
face 0.11835175 826 1389 874 1519
face 0.11063118 252 104 456 478
face 0.110377125 830 1369 867 1468
face 0.104308136 202 264 383 468
face 0.10212696 848 1374 886 1466
face 0.1017954 850 1305 897 1397
face 0.10062586 791 1427 860 1626
face 0.0979311 252 319 401 542
face 0.09241146 845 1400 885 1515
face 0.09080578 793 1343 840 1464
face 0.090734504 -13 1220 193 1615
face 0.08936249 826 1444 898 1685
face 0.08740888 306 150 437 391
face 0.0853248 56 1372 129 1497
face 0.084845975 165 240 394 599
face 0.08322536 833 1264 893 1372
face 0.08268743 238 12 329 212
face 0.08228243 823 1309 866 1398
face 0.082199335 741 1209 906 1634
face 0.08193514 203 1451 299 1723
face 0.08181354 1183 436 1237 546
face 0.08116917 813 1584 911 1890
face 0.080859944 801 1320 845 1420
face 0.080788076 194 6 293 207
face 0.08037183 40 1439 131 1632
face 0.08020577 66 1186 209 1368
face 0.07983633 1180 381 1236 491
face 0.078751266 186 1442 261 1622
face 0.078737475 167 1480 264 1752
face 0.07871322 839 1222 910 1332
face 0.07869692 164 369 489 815
face 0.07869672 325 312 452 541
face 0.07853762 750 1465 909 1899
face 0.07850557 387 720 601 1342
face 0.07838528 138 1354 202 1466
face 0.078212276 100 1306 178 1435
face 0.0780465 789 1545 882 1796
face 0.07781777 48 1292 144 1439
face 0.07763129 865 1365 913 1489
face 0.0774141 126 1417 292 1781
face 0.0773712 864 1405 916 1543
face 0.077180766 1433 454 1497 574
face 0.07702076 533 1218 776 1703
face 0.076741256 115 1360 176 1483
face 0.076623246 3 1360 79 1480
face 0.07654736 1418 466 1478 622
face 0.07643394 249 318 452 702
face 0.07643382 330 200 457 473
face 0.07613894 1435 524 1497 644
face 0.07611076 1183 503 1238 610
face 0.07609429 -14 1462 62 1722
face 0.076024525 791 1260 847 1385
face 0.075862 1139 24 1206 171
face 0.07576674 1024 487 1084 603
face 0.07561762 87 -33 234 135
face 0.075594194 1102 15 1168 166
face 0.0755021 199 1381 289 1598
face 0.075472884 58 309 243 530
face 0.075410366 1431 589 1496 714
face 0.075397305 780 1624 884 2002
face 0.07535237 587 1943 693 2163
face 0.07527118 750 1184 823 1356
face 0.07523159 289 91 369 303
face 0.07504533 1023 458 1097 562
face 0.07497711 1189 469 1254 564
face 0.074930884 6 1429 98 1724
face 0.07484386 313 94 401 234
face 0.07484298 1424 384 1491 507
face 0.074825585 81 1447 170 1715
face 0.07456222 1099 433 1161 549
face 0.074479766 122 -9 253 208
face 0.07443649 1432 656 1498 783
face 0.07427576 1420 540 1478 698
face 0.07423552 209 -16 292 108
face 0.07414826 255 210 411 426
face 0.07410657 113 -91 451 289
face 0.07410262 0 1357 174 1728
face 0.07386402 767 1358 822 1479
face 0.0737245 144 1309 217 1431
face 0.073651336 842 1621 940 1841
face 0.07364253 1101 500 1160 609
face 0.073632486 1095 356 1163 485
face 0.07355256 175 1366 247 1501
face 0.07349053 1418 598 1479 766
face 0.07343497 1145 47 1282 193
face 0.07334884 218 -37 578 502
face 0.07328235 1108 -8 1195 115
