face 0.9999056 235 238 534 649
face 0.122581705 547 135 580 182
face 0.11745252 563 131 598 184
face 0.117080934 610 282 645 322
face 0.1145591 606 307 633 343
face 0.11381651 616 301 650 344
face 0.11329512 606 270 634 306
face 0.11224259 562 111 610 169
face 0.1115456 15 116 700 833
face 0.111179136 569 164 598 208
face 0.10996693 613 264 634 294
face 0.10956452 624 268 651 303
face 0.10812609 608 172 640 213
face 0.10775771 617 244 637 272
face 0.10727055 612 318 639 359
face 0.10724819 583 168 613 211
face 0.10718665 603 484 643 550
face 0.10708293 594 317 621 360
face 0.10641763 548 153 582 207
face 0.10580126 585 477 625 558
face 0.10576094 625 315 658 369
face 0.10539337 602 120 647 185
face 0.10520516 632 258 662 295
face 0.10500265 596 308 620 342
face 0.10439441 635 239 657 266
face 0.10397524 585 199 609 238
face 0.10347429 606 147 645 198
face 0.10282653 570 205 594 242
face 0.102046706 581 103 626 178
face 0.10169921 583 312 608 347
face 0.10148858 598 259 624 295
face 0.10101743 603 468 641 520
face 0.1008901 589 132 630 191
face 0.10079435 627 233 650 263
face 0.10077415 618 221 638 252
face 0.10072592 564 448 642 588
face 0.100259796 594 284 623 331
face 0.100179866 595 344 623 391
face 0.10001948 601 207 620 236
face 0.09999205 622 207 642 235
face 0.09998349 646 232 670 262
face 0.09996359 617 352 642 389
face 0.09972424 536 116 627 260
face 0.09955087 613 202 633 233
face 0.099331096 595 244 616 273
face 0.09925465 566 95 614 146
face 0.098697715 586 549 612 590
face 0.09834822 543 203 593 305
face 0.09795279 576 316 602 361
face 0.0978946 595 226 615 258
face 0.0978887 582 91 631 144
face 0.0974049 583 329 611 371
face 0.096213296 595 555 620 592
face 0.095869206 577 239 608 291
face 0.09564921 601 93 646 162
face 0.095253676 626 481 670 551
face 0.09523374 557 105 593 154
face 0.09506195 647 204 674 235
face 0.09488596 554 175 651 321
face 0.09459423 551 188 587 250
face 0.09454715 654 198 689 235
face 0.09428911 585 520 613 572
face 0.09425344 573 539 604 590
face 0.094209775 665 264 710 335
face 0.09419186 612 521 646 571
face 0.094098225 570 230 598 273
face 0.0940956 594 171 622 219
face 0.09400611 579 218 673 346
face 0.09375543 635 352 662 391
face 0.093717605 634 471 691 560
face 0.09365112 647 284 678 325
face 0.09343946 590 274 616 310
face 0.09343355 619 553 649 594
face 0.09333057 605 232 626 262
face 0.09257399 606 457 644 499
face 0.09247974 636 209 660 238
face 0.092188515 606 350 632 391
face 0.09208926 523 160 557 208
face 0.09200067 564 277 648 418
face 0.09156831 510 100 594 233
face 0.091372564 663 300 701 362
face 0.09135085 659 230 684 261
face 0.09130932 647 320 684 368
face 0.09107601 577 75 668 202
face 0.09088078 625 460 661 504
face 0.09065291 543 116 574 154
face 0.09062567 656 256 684 292
face 0.09057269 601 437 639 491
face 0.090463735 632 221 654 253
face 0.09017917 573 335 609 417
face 0.08985621 558 70 614 126
face 0.08963892 545 554 590 633
face 0.08960561 579 263 607 307
face 0.0896023 526 174 605 324
face 0.089391895 626 179 658 217
face 0.08904883 571 267 600 322
face 0.08897989 573 300 600 340
face 0.08892158 655 239 679 274
face 0.08876359 493 119 545 176
face 0.088738844 642 176 692 221
face 0.08873016 627 115 674 169
face 0.088689364 598 278 681 405
face 0.08820127 566 476 608 574
face 0.08815229 557 502 644 634
face 0.087959416 650 267 677 308
face 0.08786456 649 457 689 504
face 0.08760954 518 519 605 679
face 0.08722223 652 213 680 250
face 0.08711269 521 134 553 184
face 0.086889066 605 80 649 123
face 0.08680833 539 29 633 100
face 0.086738534 562 298 590 345
face 0.08642934 620 127 661 182
face 0.08627501 581 447 631 508
face 0.08625431 652 344 687 394
face 0.086247765 585 436 667 557
face 0.086209744 646 399 687 449
face 0.0860325 589 387 627 443
face 0.085859224 552 505 593 579
face 0.08552384 616 378 645 423
face 0.085408054 541 103 578 142
face 0.08528765 590 570 621 617
face 0.08527759 479 115 569 258
face 0.08506021 624 438 658 485
face 0.08496632 586 67 643 117
face 0.08489433 566 402 616 483
face 0.0847295 548 35 659 160
face 0.08455805 649 369 690 422
face 0.08449888 542 84 626 199
face 0.08426974 645 151 686 203
face 0.08426603 642 305 681 344
face 0.08408644 621 513 671 576
face 0.08404965 624 143 674 192
face 0.08394786 480 144 539 224
face 0.08359685 647 436 684 485
face 0.08353729 601 578 632 620
face 0.0834903 570 521 604 572
face 0.08341963 630 375 661 419
face 0.08340374 632 397 673 445
face 0.0834021 535 151 568 219
face 0.0833337 519 498 574 589
face 0.08332258 609 395 646 445
face 0.08307511 574 566 607 619
face 0.082955115 624 541 667 602
