face 0.9999045 211 1084 675 1710
face 0.12676519 1000 1273 1189 1612
face 0.1167342 44 1235 221 1583
face 0.11508513 80 1052 191 1310
face 0.10762647 33 1274 143 1564
face 0.09527853 6 903 115 1226
face 0.09415594 31 918 219 1304
face 0.09394718 104 1254 212 1425
face 0.09323416 157 1258 272 1504
face 0.09237658 710 1011 868 1251
face 0.090926 116 979 240 1280
face 0.09010433 448 1069 688 1564
face 0.089842826 796 1429 1024 1838
face 0.08665881 733 1084 851 1313
face 0.08454725 725 1216 934 1581
face 0.084007114 23 1156 152 1415
face 0.08387776 762 1337 889 1558
face 0.08344278 921 1379 1042 1571
face 0.08281095 730 1277 855 1517
face 0.08262847 1008 1922 1365 2358
face 0.082437776 109 1320 208 1474
face 0.08160704 38 1050 150 1332
face 0.08156999 712 1186 806 1347
face 0.080957636 691 1384 896 1803
face 0.08094473 724 1374 842 1643
face 0.080624625 938 2475 1049 2646
face 0.07953493 901 2481 1005 2644
face 0.07952919 78 1324 182 1608
face 0.0790624 803 1327 915 1510
face 0.07889317 842 1370 983 1555
face 0.07846026 781 1261 886 1446
face 0.07790662 1167 1354 1253 1582
face 0.07787175 989 1391 1192 1835
face 0.077221595 1059 1304 1176 1537
face 0.077034436 1002 1365 1123 1633
face 0.076969355 132 1152 233 1404
face 0.07657375 658 1183 754 1350
face 0.07635202 1092 980 1453 1344
face 0.07634029 870 1430 1017 1625
face 0.07542746 1053 1388 1183 1619
face 0.07532759 95 1168 191 1379
face 0.07506872 957 1407 1078 1620
face 0.07505335 37 1068 227 1479
face 0.07460429 865 1305 1080 1646
face 0.0743871 779 1005 914 1267
face 0.07422376 679 1244 768 1407
face 0.074134015 -8 1052 54 1254
face 0.074118406 962 2012 1254 2497
face 0.07409206 188 1226 336 1460
face 0.07407728 901 1419 1114 1856
face 0.073917426 632 1199 806 1625
face 0.07382496 968 1747 1242 2289
face 0.07316553 666 991 851 1404
face 0.07282572 894 2414 1015 2559
face 0.07282499 1098 1350 1203 1576
face 0.07265743 38 1362 143 1720
face 0.07255639 35 824 150 1193
face 0.07253837 1033 238 1331 706
face 0.072410144 1258 -56 1405 140
face 0.07226941 872 2337 1023 2515
face 0.072214946 9 1071 107 1374
face 0.07218732 678 1297 767 1518
face 0.07218521 142 1336 238 1545
face 0.0720358 1170 1176 1245 1503
