face 0.9988024 494 362 1338 1492
face 0.6281192 1393 400 1603 771
face 0.12862189 1264 1555 1494 1949
face 0.112596005 314 806 401 954
face 0.11136379 1113 1679 1210 1829
face 0.11129223 1359 1623 1468 1784
face 0.108786516 1032 1648 1230 1987
face 0.10657009 1095 1710 1224 1917
face 0.10177302 287 811 367 903
face 0.100531146 156 828 252 962
face 0.09613415 248 829 344 973
face 0.09536879 1207 818 1460 1379
face 0.09384943 1102 1662 1192 1769
face 0.09107794 182 832 284 1009
face 0.09065522 1482 547 1588 739
face 0.08968671 327 783 398 881
face 0.088046744 1179 1670 1261 1876
face 0.087980576 1068 1671 1159 1857
face 0.08784576 1011 1658 1112 1858
face 0.086672746 246 788 310 875
face 0.086581044 1433 495 1553 736
face 0.0860283 197 793 263 869
face 0.08570701 1345 1585 1426 1706
face 0.085676454 240 818 296 908
face 0.08499947 117 796 179 886
face 0.084981 1144 1664 1210 1771
face 0.08448279 337 777 448 903
face 0.08428963 128 819 205 940
face 0.083806284 196 766 269 841
face 0.083609015 970 1598 1142 1925
face 0.08316451 269 771 340 849
face 0.08295489 204 824 265 908
face 0.08243497 167 804 248 886
face 0.08217094 285 866 397 1017
face 0.081994094 1383 382 1508 630
face 0.08196648 172 705 390 1013
face 0.08170522 93 827 172 938
face 0.08137611 1587 356 1680 503
face 0.081363395 -9 789 185 1103
face 0.08130685 1138 1557 1217 1680
face 0.0812149 93 797 155 897
face 0.0811169 1045 1428 1180 1610
face 0.08071285 143 769 198 836
face 0.0806153 398 682 520 910
face 0.08026956 125 773 175 841
face 0.08006667 139 804 207 883
face 0.08005782 1598 159 1670 264
face 0.08002639 1093 1543 1190 1676
face 0.08001169 1590 176 1652 307
face 0.07997702 1295 1643 1442 1892
face 0.079680786 1321 1614 1428 1804
face 0.07962218 357 815 449 976
face 0.07943784 1391 1592 1483 1706
face 0.07917653 18 1110 194 1278
face 0.07913836 1196 1639 1255 1750
face 0.07899379 1243 -22 1381 108
face 0.078972355 44 871 152 1030
face 0.078856446 1038 1643 1140 1781
face 0.07883711 1058 1522 1157 1665
face 0.07864353 65 934 173 1073
face 0.07863592 1071 1599 1154 1744
face 0.07857394 361 890 451 1019
face 0.07811315 1528 70 1603 225
face 0.07806918 1586 39 1660 208
face 0.077891916 169 768 236 839
face 0.077545874 1058 1710 1171 1941
face 0.0775182 409 829 489 982
face 0.07747008 1497 1574 1572 1771
face 0.077431746 333 731 402 846
face 0.077386305 268 707 458 993
face 0.07734951 1525 1525 1615 1820
face 0.077200234 1105 1440 1255 1598
face 0.07699432 1293 1548 1384 1652
face 0.07653007 1165 1737 1275 1983
face 0.07646117 1043 1503 1240 1821
face 0.07630203 1269 2 1421 182
face 0.07625749 1316 122 1461 315
face 0.076058514 1483 1591 1597 1922
face 0.07594473 25 817 129 971
face 0.0758084 926 -147 1631 668
face 0.07580743 1590 459 1660 588
face 0.075754195 14 912 122 1095
face 0.075713746 218 868 342 1041
face 0.075634055 1503 339 1614 497
face 0.07556498 1465 157 1559 263
face 0.075564414 1150 10 1361 176
face 0.07554791 295 768 369 851
face 0.07549699 1579 254 1662 425
face 0.075486176 1444 1596 1512 1717
face 0.07546775 1600 434 1690 551
face 0.07541117 1376 151 1488 297
face 0.07531796 194 729 267 817
face 0.07529133 445 902 516 1032
face 0.07519498 1070 1228 1517 1995
face 0.07508751 1416 1573 1483 1665
face 0.074836284 1197 1562 1268 1680
face 0.07479698 1144 1613 1220 1707
face 0.07479539 1536 144 1593 270
face 0.07477657 364 732 469 855
face 0.07472003 236 986 404 1136
face 0.07470582 -7 1121 224 1413
face 0.074692234 335 689 415 809
face 0.074668705 1069 1409 1285 1734
face 0.07459337 491 886 570 1069
