face 0.9984497 206 52 313 209
face 0.12507536 16 125 750 890
face 0.12371561 500 114 521 150
face 0.12202877 140 34 202 98
face 0.11747243 261 204 363 374
face 0.10340263 483 122 503 159
face 0.10309012 454 113 473 145
face 0.101918794 476 114 495 146
face 0.10173829 702 32 723 71
face 0.1013793 155 87 196 171
face 0.10038692 507 121 530 160
face 0.09967388 190 275 269 463
face 0.09945064 153 53 198 122
face 0.09923991 703 15 727 51
face 0.09886873 710 24 736 68
face 0.09764017 493 120 518 161
face 0.09623492 462 122 480 153
face 0.096200384 472 128 492 170
face 0.09601667 671 28 693 66
face 0.095782384 149 71 181 115
face 0.09558713 128 203 188 278
face 0.09553072 515 25 551 66
face 0.09539595 716 11 744 52
face 0.09531228 61 576 179 748
face 0.0948494 140 147 177 212
face 0.09438526 506 165 536 212
face 0.09432157 703 2 733 40
face 0.094137974 437 118 455 149
face 0.09382904 121 111 142 144
face 0.09327976 448 129 472 168
face 0.09309915 171 309 260 544
face 0.09270929 147 135 198 221
face 0.09191709 128 235 172 282
face 0.09183399 128 217 167 261
face 0.09143998 509 109 535 149
face 0.09134282 348 485 450 633
face 0.09131252 141 82 171 132
face 0.0913056 510 83 534 122
face 0.09114587 120 168 146 219
face 0.090900384 733 17 759 61
face 0.09089963 431 95 451 134
face 0.09084374 652 21 679 64
face 0.090823494 163 121 201 177
face 0.090677954 147 106 176 151
face 0.09040136 531 210 590 292
face 0.089784764 160 526 225 645
face 0.089757 435 87 454 120
face 0.08975108 676 11 699 46
face 0.08974442 497 152 523 190
face 0.08971899 82 146 109 198
face 0.08964394 91 133 118 174
face 0.08961128 525 52 552 90
face 0.089404136 547 13 577 60
face 0.08908106 719 1 753 42
face 0.08906764 19 199 136 334
face 0.08905819 97 109 121 145
face 0.08878245 123 148 146 195
face 0.08873401 426 109 448 144
face 0.08837472 134 111 158 144
face 0.088373154 674 107 710 155
face 0.088284075 146 123 176 175
face 0.088191755 685 3 715 39
face 0.08811059 209 349 258 508
face 0.08801031 457 94 476 126
face 0.08790351 526 121 557 164
face 0.08789711 101 160 125 200
face 0.08777785 -2 200 24 280
face 0.08776422 464 336 534 452
face 0.087737635 558 125 592 168
face 0.087680556 480 100 500 134
face 0.08765841 515 61 541 100
face 0.08759389 63 236 109 288
face 0.08758284 431 128 450 165
face 0.08750775 429 23 453 67
face 0.08745712 414 307 456 372
face 0.087388456 746 4 777 62
face 0.08738254 492 161 518 206
face 0.08727299 512 1 554 46
face 0.08703179 485 246 553 332
face 0.087016605 83 131 107 177
face 0.08700749 448 85 467 117
face 0.08698473 119 227 149 273
face 0.08698457 135 133 159 169
face 0.08695238 131 46 212 205
face 0.08694782 144 21 171 65
face 0.086927846 696 41 725 96
face 0.08691393 34 219 109 300
face 0.086910635 132 159 160 201
face 0.086803265 720 27 756 80
face 0.0868029 411 22 435 65
face 0.086797856 107 120 127 153
face 0.08673609 2 158 32 208
face 0.086713456 120 200 148 248
face 0.08659024 71 18 112 69
face 0.08658787 112 132 135 169
face 0.08640864 145 47 179 100
face 0.086401746 133 179 178 257
face 0.08632129 130 89 151 121
face 0.08624871 467 322 575 484
face 0.08612909 416 8 441 46
face 0.0860193 468 87 488 118
face 0.08598444 562 106 591 148
face 0.0859502 12 186 35 228
face 0.085918546 429 63 454 112
face 0.08589956 492 79 518 121
face 0.08577156 16 214 39 257
face 0.08567037 125 126 146 167
face 0.08563867 86 115 110 154
face 0.08559233 388 3 415 43
face 0.085581474 529 160 563 202
face 0.08550896 143 79 167 112
face 0.08545398 421 0 451 39
face 0.08540416 432 8 458 47
face 0.085387066 172 292 222 438
face 0.08525862 167 501 253 671
face 0.085220106 360 1 391 44
face 0.08519511 161 10 194 51
face 0.0851438 261 245 339 336
face 0.08509388 390 272 478 411
face 0.08504138 15 234 47 287
face 0.085018605 392 286 443 383
face 0.08482088 524 83 547 117
face 0.08481507 385 14 412 62
face 0.08479753 507 33 542 75
face 0.084749244 593 -1 753 194
face 0.084748134 436 227 476 293
face 0.084710084 108 92 202 252
face 0.08462834 79 167 106 215
face 0.08451697 72 218 110 261
face 0.08447445 457 291 489 332
face 0.084349446 160 22 190 67
face 0.08433455 526 104 552 147
face 0.08416534 445 337 491 417
face 0.08414018 395 0 427 38
face 0.0840719 68 156 104 203
face 0.084042855 122 85 141 115
face 0.08387287 675 193 748 282
face 0.08371276 40 173 71 219
face 0.08369564 525 172 559 220
face 0.08365845 425 268 457 316
face 0.08363978 446 269 477 315
face 0.083608136 519 156 552 196
face 0.08360295 -30 232 63 395
face 0.08359654 98 226 122 259
face 0.083593704 49 162 83 206
face 0.08355248 674 87 701 127
face 0.08346904 103 286 160 346
face 0.08335308 471 0 575 156
face 0.08331083 444 313 484 373
face 0.08320455 507 11 542 55
face 0.083042756 414 113 436 148
face 0.0830297 529 85 555 126
face 0.08298708 679 40 712 90
face 0.08293901 544 40 578 91
face 0.08292661 511 192 611 312
face 0.08285787 458 270 490 311
face 0.08285336 126 9 219 126
face 0.08283715 354 16 399 78
face 0.082791224 473 97 575 243
face 0.082700506 129 185 162 227
face 0.08266932 384 30 417 78
face 0.08264885 747 -10 792 42
face 0.08264643 429 201 481 260
face 0.08264372 550 0 592 43
face 0.082612954 571 17 601 67
face 0.08261192 489 22 536 69
