face 0.99999213 129 81 253 250
face 0.11748459 52 8 271 407
face 0.115530334 199 -2 317 117
face 0.109399 283 246 324 321
face 0.10707746 22 299 55 334
face 0.0971682 -32 382 56 438
face 0.08637931 1 125 21 201
face 0.08554111 201 41 274 115
face 0.08456438 25 308 52 358
face 0.08412217 12 125 31 197
face 0.08376603 182 16 268 91
face 0.08360836 295 -76 373 128
face 0.08330952 292 -8 328 23
face 0.08268947 314 -7 340 20
face 0.081235625 218 -9 323 42
face 0.0803258 155 -4 175 18
face 0.07977606 229 367 269 401
face 0.07964734 6 312 37 357
face 0.077492595 36 286 62 325
face 0.07723418 163 -3 180 21
face 0.076857194 -5 -12 12 31
face 0.07680764 130 304 157 366
face 0.07655336 150 -25 191 40
face 0.07643557 319 377 336 418
face 0.07598695 31 227 69 308
face 0.07580025 233 386 267 417
face 0.075602695 33 302 63 348
face 0.075118385 -4 308 62 378
face 0.07475768 101 324 151 393
face 0.07471738 319 292 339 345
face 0.074476875 321 178 337 215
face 0.074460246 -22 -66 57 126
face 0.07411442 10 157 31 231
face 0.074001886 -5 330 13 387
face 0.07388078 279 99 328 173
face 0.07383875 157 0 183 37
face 0.07383779 1 157 23 233
face 0.07340303 -3 131 12 191
face 0.07337365 -2 269 61 337
face 0.07335251 306 167 326 201
face 0.07329429 139 -1 183 57
face 0.07320079 323 369 341 396
face 0.07317062 145 -5 168 19
face 0.07208968 290 228 316 296
face 0.0720842 262 360 304 415
face 0.072029166 139 318 165 375
face 0.07198603 -4 315 15 361
face 0.07198073 70 373 113 410
face 0.071796805 307 389 326 421
face 0.07178383 321 290 341 319
face 0.07175793 320 200 337 241
face 0.071679 320 171 339 195
face 0.07165766 323 193 341 218
face 0.07130973 275 -14 366 39
face 0.07110267 318 397 337 436
face 0.071026616 310 280 347 355
face 0.07100722 19 202 41 268
face 0.0709438 302 -25 346 37
face 0.07086021 289 339 311 397
face 0.07079898 -4 162 13 223
face 0.07062333 323 358 341 385
face 0.07059782 -3 313 20 341
face 0.07051628 7 300 41 333
face 0.070505336 308 161 348 230
face 0.070420705 278 -1 325 37
face 0.07015999 -47 -36 85 81
face 0.07006594 139 346 166 392
face 0.06977273 42 310 117 383
face 0.06961218 1 90 22 168
face 0.06953505 10 -47 98 124
face 0.06947414 2 268 25 325
face 0.06934034 167 -5 193 20
face 0.069264896 307 344 326 401
face 0.06924593 -3 286 12 329
face 0.06906594 307 303 327 375
face 0.06904658 0 235 24 310
face 0.06892275 -13 272 25 341
face 0.06891068 320 231 339 285
face 0.068905406 11 1 30 73
face 0.068878494 264 188 303 270
face 0.068560675 -8 320 38 407
face 0.06849884 26 273 53 315
face 0.068482295 16 291 47 322
face 0.06846529 0 315 26 376
face 0.06844695 0 -6 22 19
face 0.068412974 320 324 339 375
face 0.068364635 253 -32 397 84
face 0.068142064 7 -32 43 72
face 0.068128444 323 346 341 374
face 0.06811378 51 329 113 414
face 0.06802176 299 348 322 394
face 0.06800529 291 174 314 233
face 0.06796725 222 18 321 85
face 0.06783874 174 -14 347 71
face 0.0678368 133 -6 159 20
face 0.06779127 322 162 340 185
face 0.06778596 312 1 340 31
face 0.067759454 -8 -35 28 77
face 0.06775328 104 201 131 252
face 0.06775123 230 353 268 390
face 0.067721926 29 235 52 302
face 0.067690976 80 222 121 295
face 0.0676745 -4 96 12 158
face 0.06749559 -4 254 12 310
face 0.06738451 201 347 230 392
face 0.06730739 -2 241 58 310
face 0.06727067 263 180 287 251
face 0.06726193 -1 305 20 330
face 0.06722201 271 214 296 273
face 0.067213066 290 390 316 419
