face 0.99980444 352 67 562 335
face 0.999731 25 40 217 322
face 0.11200187 112 16 532 475
face 0.11048643 -7 224 26 292
face 0.101430275 479 317 560 403
face 0.09516143 6 0 73 39
face 0.0919034 -1 -4 56 64
face 0.08678659 5 394 87 484
face 0.086658776 -7 251 25 318
face 0.0831981 512 -2 614 115
face 0.08292635 444 338 499 386
face 0.08283699 555 34 633 121
face 0.08267155 328 210 371 287
face 0.08205623 451 185 550 282
face 0.08180982 530 283 577 361
face 0.08175513 444 313 524 388
face 0.081564136 563 154 609 244
face 0.08153688 315 235 356 307
face 0.08144523 433 314 503 362
face 0.08084551 417 287 513 359
face 0.08080425 402 193 503 276
face 0.080433585 579 171 626 247
face 0.08004928 548 283 593 362
face 0.07978086 396 332 474 409
face 0.07939021 111 164 206 253
face 0.07872088 148 1 235 66
face 0.07857501 169 153 251 235
face 0.07850773 3 236 42 308
face 0.07848869 4 291 48 367
face 0.07830041 404 210 466 271
face 0.07829787 19 277 62 355
face 0.0781834 309 259 352 337
face 0.07815362 429 6 625 155
face 0.07812806 567 189 609 271
face 0.07811913 70 177 138 220
face 0.07774153 -26 218 38 299
face 0.077700794 568 262 609 334
face 0.07733963 596 10 640 86
face 0.07712546 409 347 462 398
face 0.076842 457 347 515 396
face 0.07656995 477 0 570 85
face 0.07646431 -9 5 33 77
face 0.07610278 71 390 117 462
face 0.07600567 -21 412 62 530
face 0.0759512 273 193 318 278
face 0.075857826 600 50 676 140
face 0.07574598 618 42 660 102
face 0.07566201 357 4 408 60
face 0.075380825 -7 -2 99 97
face 0.0752506 62 171 150 252
face 0.07519067 601 174 639 243
face 0.075167395 495 -11 642 238
face 0.07507124 532 261 576 331
face 0.07494986 476 325 534 379
face 0.07479727 495 338 575 429
face 0.07477226 58 207 152 280
face 0.07475368 422 330 487 373
face 0.074680276 75 380 150 469
face 0.07456299 598 79 640 161
face 0.07440177 156 92 207 169
face 0.07438241 567 330 609 403
face 0.07421003 56 45 151 124
face 0.07416786 -8 310 22 372
face 0.07408545 -9 277 23 346
face 0.074081026 301 188 369 289
face 0.07400922 595 35 642 121
face 0.07399234 623 238 659 292
face 0.07398847 610 446 665 483
face 0.07397289 -6 -11 32 36
face 0.07363016 229 307 308 406
face 0.073401526 282 261 323 312
face 0.073378794 607 244 678 331
face 0.07331243 288 465 323 493
face 0.073203474 166 2 242 39
face 0.07316288 447 346 529 426
face 0.07315965 223 180 271 256
face 0.07315412 554 269 622 358
face 0.073026486 53 388 100 470
face 0.072857976 298 243 335 310
face 0.072853476 396 295 486 379
face 0.07278982 346 16 396 72
face 0.07276233 625 265 659 316
face 0.07265004 599 130 640 218
face 0.07240297 618 416 661 470
face 0.07229326 -10 418 27 483
face 0.07221787 21 241 64 308
