face 0.9999702 339 1123 784 1767
face 0.12959105 622 1769 828 2194
face 0.12489277 541 1194 793 1688
face 0.124410704 620 1738 752 2035
face 0.11976741 498 1840 638 2029
face 0.11536495 580 1878 700 2124
face 0.10807734 952 2079 1376 2466
face 0.10655746 -6 2383 72 2564
face 0.09511584 190 1274 381 1637
face 0.09289306 509 1811 679 2153
face 0.08952967 1206 2146 1431 2551
face 0.0890192 698 2227 941 2545
face 0.08881389 568 1138 772 1397
face 0.085733116 945 1891 1191 2274
face 0.0853597 651 1942 898 2323
face 0.08296741 831 2005 955 2307
face 0.08151565 1386 2123 1491 2319
face 0.08095965 588 2015 695 2273
face 0.08091385 1167 1248 1523 1623
face 0.08063431 1076 1944 1326 2363
face 0.079076745 654 1672 929 2159
face 0.07859959 1150 1115 1512 1483
face 0.07833496 552 1561 769 1969
face 0.07764977 435 1778 625 2125
face 0.07730053 145 2045 265 2360
face 0.077048965 510 1874 832 2335
face 0.07655953 544 1990 726 2424
face 0.076465525 752 1886 958 2335
face 0.07632085 539 1939 655 2184
face 0.07597313 619 1919 754 2230
face 0.07593218 869 2075 991 2358
face 0.07588261 62 2121 190 2443
face 0.07567874 230 1892 348 2289
face 0.07523319 1070 1370 1272 1830
face 0.07495782 839 2116 957 2477
face 0.07460054 499 2217 729 2547
face 0.07441546 753 1690 896 1919
face 0.074183546 1389 1371 1494 1571
face 0.073391296 1239 1471 1332 1859
face 0.07328067 154 1916 338 2382
face 0.0731518 1145 1902 1325 2130
face 0.07301615 21 2372 117 2556
face 0.07280565 31 1941 220 2370
face 0.07269471 1405 -46 1479 173
face 0.07253377 673 1649 836 1856
face 0.072533734 0 2255 130 2541
face 0.07238231 964 2247 1143 2474
face 0.07199135 1143 1437 1326 1881
face 0.07196158 521 1716 673 1920
face 0.07179097 -11 2240 70 2504
face 0.07173871 348 1621 542 1852
face 0.0716081 568 1759 694 2014
face 0.07151663 108 2010 229 2317
face 0.071455866 1080 972 1441 1349
face 0.071382016 475 1347 749 1776
face 0.07121493 1280 1416 1383 1812
