face 0.9989485 437 801 1254 1965
face 0.12254286 42 309 1893 2252
face 0.122137316 947 824 1232 1258
face 0.10933355 460 851 728 1291
face 0.10426845 338 26 858 395
face 0.09798516 805 745 1105 1182
face 0.09276307 1725 -46 1932 139
face 0.09091415 877 -63 1300 299
face 0.08643856 1890 -55 1995 157
face 0.08571407 1132 44 1393 280
face 0.084933676 182 -42 397 140
face 0.0840165 920 1313 1196 1793
face 0.0839864 659 -24 832 122
face 0.080054596 1215 -33 1413 134
face 0.07810221 635 1335 961 1745
face 0.07788388 889 55 1223 417
face 0.07781911 1013 741 1282 1130
face 0.07743998 1045 2 1317 201
face 0.077218644 236 -4 836 1008
face 0.07705851 1630 50 1934 443
face 0.07690504 364 192 613 427
face 0.07581267 1251 1074 1385 1492
face 0.07532321 965 -38 1168 129
face 0.0748743 1123 9 1642 395
face 0.07484721 1015 7 1698 999
face 0.0735307 1674 2128 1885 2347
face 0.07317912 889 410 1150 631
face 0.073095046 1411 -41 1626 143
face 0.07280878 669 1100 905 1326
face 0.07250343 522 401 780 616
face 0.07217231 373 52 642 278
face 0.072061785 832 41 1087 281
face 0.07196655 625 -54 1149 260
face 0.07178407 571 190 820 430
face 0.07177437 388 -44 958 244
face 0.071655594 1031 -56 1523 261
face 0.07162423 535 282 767 494
face 0.07160797 86 632 453 1147
face 0.071164265 205 469 488 695
face 0.07115651 919 258 1294 627
face 0.07113864 1358 11 1882 381
face 0.07106133 62 680 327 908
face 0.07085988 1597 2132 1776 2366
face 0.07080071 -16 2520 121 2684
face 0.07071232 628 17 861 199
face 0.070611686 63 426 200 658
face 0.07056692 1894 68 2015 286
face 0.0703932 282 -37 488 134
face 0.07030265 1074 841 1237 1183
face 0.070220105 713 955 903 1184
face 0.06991241 887 906 1131 1139
face 0.069663934 352 549 606 764
face 0.06963122 557 813 749 1084
face 0.06959008 1433 0 1693 202
face 0.06957831 926 8 1193 218
face 0.06946369 471 1857 614 2221
face 0.06933958 1900 2296 1996 2518
face 0.06908858 312 1000 455 1284
face 0.06878174 1631 591 1940 1004
face 0.0687352 1484 2133 1758 2496
face 0.06870676 301 607 553 823
face 0.068639845 903 555 1211 896
face 0.068587616 376 1316 487 1668
face 0.06853444 1021 479 1562 1312
face 0.06824716 715 583 1019 969
face 0.06821516 1182 262 1452 505
face 0.06820847 1121 794 1294 1067
face 0.06818962 1125 535 1422 766
face 0.06816546 912 -116 1752 550
face 0.068120316 689 334 938 567
face 0.068088636 427 748 562 1018
face 0.068030536 404 -28 598 132
face 0.068022355 150 833 402 1046
face 0.067989506 734 14 990 211
face 0.067912534 5 2319 255 2566
face 0.06788796 1911 2242 2020 2396
face 0.06782071 1247 -69 1527 542
face 0.067798406 528 759 670 1029
face 0.0676698 704 1498 1028 1871
face 0.06762212 189 281 385 485
face 0.067599446 575 8 904 334
face 0.06759791 1535 2194 1720 2433
face 0.067580104 956 802 1164 1101
face 0.0673677 594 883 792 1144
face 0.0673342 192 2155 488 2561
face 0.06732911 469 111 745 331
face 0.067314856 26 627 274 843
face 0.06729972 28 129 496 566
face 0.067169495 77 890 362 1104
face 0.06714013 590 -20 758 122
face 0.066986956 1653 2191 1823 2423
