face 0.9998363 161 103 579 744
face 0.999627 423 459 547 638
face 0.29020908 473 -13 549 50
face 0.23287883 -10 925 35 999
face 0.10806273 677 638 722 759
face 0.10433179 703 609 734 676
face 0.10240317 647 615 733 773
face 0.09946547 610 1 709 157
face 0.09913119 336 399 456 570
face 0.09041675 700 631 735 710
face 0.09018183 55 0 154 152
face 0.08716244 -5 -15 29 65
face 0.08526167 0 5 55 180
face 0.08024879 713 605 747 653
face 0.08023023 696 655 742 763
face 0.07731147 696 716 750 786
face 0.077050656 678 578 765 752
face 0.07687414 488 7 593 138
face 0.076869875 485 -2 567 85
face 0.07658235 532 5 631 148
face 0.076478794 714 578 748 628
face 0.076114535 700 -13 746 42
face 0.07595474 708 629 746 682
face 0.07512068 89 2 193 144
face 0.07499732 6 -8 46 73
face 0.07499229 703 576 735 649
face 0.07489864 437 -13 515 50
face 0.07480221 21 3 115 156
face 0.07462846 685 605 720 689
face 0.074260265 -12 902 37 961
face 0.07388592 -6 4 35 133
face 0.073876 704 544 738 623
face 0.07387186 26 -9 80 45
face 0.07373606 10 -5 246 364
face 0.0736947 578 579 629 718
face 0.07362297 450 -45 559 80
face 0.07335905 658 -8 711 44
face 0.07309207 679 518 768 684
face 0.07291195 580 287 630 450
face 0.07232471 699 -2 743 100
face 0.07229187 703 747 752 810
face 0.072104774 702 191 745 306
face 0.07209297 -14 873 35 941
face 0.071876936 386 446 461 561
face 0.07178684 -34 889 56 1039
face 0.07153097 558 43 612 190
face 0.071267396 703 273 744 381
face 0.070918135 560 546 611 705
face 0.07087833 579 496 628 656
face 0.07077909 395 513 521 673
face 0.07070328 18 1 81 101
face 0.07050699 712 549 749 603
face 0.07022843 508 -14 582 51
face 0.07013812 467 341 556 419
face 0.06980154 669 -61 764 102
face 0.0697485 347 477 445 572
face 0.06912116 175 388 281 578
face 0.06896986 445 0 536 73
face 0.06881223 200 164 317 329
face 0.06865171 644 6 714 81
face 0.068421155 -65 678 118 808
face 0.068153806 683 567 720 663
face 0.06810533 441 166 557 335
face 0.06798488 704 517 749 582
face 0.06796366 576 88 631 245
face 0.06790376 7 930 64 994
face 0.06768747 538 925 612 1001
face 0.067638494 260 113 377 276
face 0.067622684 700 396 745 516
face 0.067601375 0 82 55 258
face 0.06759807 700 42 745 154
face 0.06754146 78 0 171 89
face 0.067476414 680 -7 717 68
face 0.0674463 152 698 259 861
face 0.06740651 517 31 575 151
face 0.067405276 451 411 561 594
face 0.06739578 681 524 721 630
face 0.06732439 454 324 577 480
face 0.06731357 702 329 743 435
face 0.06718241 -57 827 123 960
face 0.06711863 508 17 602 296
face 0.06706756 435 735 541 907
face 0.06668124 701 105 749 174
face 0.06665686 20 162 76 321
face 0.06650623 701 148 742 255
face 0.066503145 599 620 651 734
face 0.066381134 704 389 749 457
face 0.06637991 223 466 345 644
face 0.0662833 -70 420 116 554
face 0.06628305 620 669 806 807
face 0.06628008 701 446 745 565
face 0.06613291 674 32 721 171
face 0.06608349 599 442 651 605
face 0.06606195 684 164 763 330
face 0.06604916 208 420 323 592
face 0.06598421 -8 96 32 236
face 0.0659464 562 474 609 635
face 0.06594522 349 115 472 286
face 0.06594133 551 -106 745 278
face 0.06593361 -72 879 126 1012
face 0.06592907 112 0 210 87
face 0.06589832 582 375 630 531
