face 0.9999796 281 217 574 638
face 0.1133929 14 115 701 836
face 0.11301624 695 853 739 967
face 0.11065312 30 501 245 795
face 0.10595601 517 604 546 648
face 0.08652902 508 594 628 716
face 0.084364116 504 611 526 665
face 0.082665086 561 298 608 432
face 0.08263753 189 415 261 476
face 0.08255631 546 363 625 515
face 0.08171404 513 543 628 659
face 0.08155953 513 578 548 628
face 0.08115123 622 822 663 947
face 0.080592535 267 525 326 621
face 0.08009702 216 406 263 453
face 0.07960072 502 577 529 646
face 0.078748606 67 372 120 428
face 0.07873452 237 477 299 579
face 0.07829257 510 631 541 675
face 0.07818818 561 353 607 483
face 0.07807953 83 506 186 781
face 0.07795982 166 487 274 569
face 0.077752985 687 888 723 961
face 0.0775014 575 636 672 723
face 0.07730536 40 515 246 646
face 0.07719194 486 636 511 683
face 0.07718319 48 384 126 455
face 0.07702518 119 394 186 455
face 0.0768759 26 544 165 734
face 0.07671167 546 664 653 753
face 0.0761272 595 270 651 375
face 0.07601597 179 586 312 792
face 0.07595953 461 241 577 421
face 0.07573126 571 692 680 911
face 0.07531444 698 924 749 994
face 0.074837536 71 473 286 602
face 0.07423104 684 825 760 977
face 0.07407286 -65 572 116 702
face 0.07402346 85 601 257 773
face 0.07401307 -66 373 124 499
face 0.07387598 466 339 575 506
face 0.07386523 676 619 717 707
face 0.0737312 600 830 651 948
face 0.073694915 706 575 737 650
face 0.073648065 267 599 327 699
face 0.073636316 502 639 527 695
face 0.073597446 496 634 521 674
face 0.07346212 9 553 88 632
face 0.073447324 -31 586 175 947
face 0.07339361 708 551 738 623
face 0.07327179 635 570 695 639
face 0.07305935 247 522 305 612
face 0.07303543 251 600 303 710
face 0.072709315 477 550 563 697
face 0.07265176 413 407 538 578
face 0.07256755 572 688 670 772
face 0.07238951 632 809 669 881
face 0.0723559 148 411 278 530
face 0.0722164 489 612 511 658
face 0.07215844 713 578 747 627
face 0.072114125 71 564 269 702
face 0.07196528 637 802 679 935
face 0.07186496 -4 319 112 556
face 0.071811974 -8 503 118 665
face 0.07180336 617 692 715 917
face 0.07171208 26 367 91 427
face 0.07166831 556 517 619 600
face 0.071580395 701 602 737 680
face 0.07156816 517 588 597 659
face 0.07139524 176 371 239 430
face 0.07139316 678 521 765 688
face 0.071389705 77 357 117 401
face 0.071371295 528 625 715 759
face 0.071314916 479 653 514 715
face 0.071148604 710 526 746 578
face 0.07108925 25 532 105 611
face 0.07102647 633 775 692 835
face 0.071001425 301 555 392 638
face 0.070999786 499 655 541 704
face 0.07095709 662 674 747 928
face 0.07079863 656 832 704 970
face 0.07079526 486 667 535 736
face 0.070691176 -6 893 33 971
face 0.07064811 231 442 281 504
face 0.0705818 515 614 587 696
face 0.070564754 -67 623 118 757
face 0.07050361 151 516 239 585
face 0.07044098 236 421 274 468
face 0.070183255 497 636 613 768
face 0.07012847 712 368 748 427
face 0.07010285 627 786 670 845
face 0.06994303 542 486 599 568
face 0.06977282 507 648 567 709
face 0.06970506 569 473 638 576
face 0.06965931 480 617 503 673
face 0.06964796 526 687 618 766
face 0.06962742 703 135 743 257
face 0.06961111 576 234 670 411
face 0.069542296 713 420 749 476
face 0.069419906 228 619 289 702
face 0.069396995 604 557 707 692
face 0.06934482 702 83 743 207
face 0.06933343 577 293 626 390
face 0.06931854 -51 761 99 931
face 0.06930772 538 501 578 558
face 0.06928351 529 524 715 659
face 0.06922672 675 56 720 228
face 0.069005534 708 407 743 504
face 0.069003895 703 -13 747 43
face 0.068984225 634 637 707 717
face 0.06894543 570 235 625 353
face 0.06873987 620 744 699 815
face 0.06865856 683 54 761 234
face 0.068634056 558 199 610 343
