face 0.9998159 419 471 1193 1531
face 0.1256438 33 2256 436 2600
face 0.1122031 1892 -19 1987 169
face 0.11094442 -14 2410 94 2610
face 0.09672533 983 1616 1229 2026
face 0.09379361 1024 1644 1195 1895
face 0.08993208 897 670 1219 1131
face 0.08830642 1310 1008 1444 1413
face 0.08817349 1679 2286 1880 2584
face 0.08685254 1524 2166 1821 2569
face 0.08596886 336 2328 514 2563
face 0.082750246 1219 1101 1412 1320
face 0.08269993 784 1874 1014 2086
face 0.08118936 -15 38 288 307
face 0.08078283 985 688 1205 921
face 0.080727905 1814 23 1947 363
face 0.07910247 1403 2077 1665 2583
face 0.07888572 1095 14 1428 444
face 0.078843735 -16 -37 88 179
face 0.07774973 1607 759 1862 1297
face 0.07743834 289 2395 472 2605
face 0.07667284 1659 1950 1816 2416
face 0.07607312 277 2214 553 2573
face 0.0759752 1567 -110 1854 353
face 0.07596389 1671 1566 1920 2097
face 0.07579757 214 1441 446 1660
face 0.07574853 905 2208 1129 2418
face 0.07557567 280 2144 504 2360
face 0.074948594 530 2351 754 2566
face 0.07488595 32 2386 160 2595
face 0.07484678 -21 2509 105 2678
face 0.07478335 1181 2139 1352 2384
face 0.07450631 1255 1234 1385 1564
face 0.07290421 1837 -5 1938 185
face 0.07282062 1813 2284 1945 2601
face 0.072706155 456 586 663 884
face 0.072670996 1487 1271 1746 2104
face 0.072579786 1092 2492 1268 2687
face 0.0721041 1247 504 1386 858
face 0.072026365 209 -64 738 274
face 0.07192594 -34 1409 436 1754
face 0.07188253 1067 1692 1240 1972
face 0.07183848 1454 1657 1591 1989
face 0.07156446 1594 1953 1755 2267
face 0.071549125 378 -39 605 143
face 0.07135484 496 781 802 1276
face 0.07132799 433 -256 1013 690
face 0.07131251 1410 852 1548 1303
face 0.07128111 201 1339 378 1521
face 0.07121739 830 2050 1161 2417
face 0.07107021 1026 495 1195 820
face 0.07106999 470 41 785 298
face 0.07086341 554 2036 869 2397
face 0.07072764 418 2312 553 2573
face 0.0706213 568 2171 725 2448
face 0.07055862 30 1571 255 1806
face 0.07053026 1172 1255 1338 1553
face 0.070525154 1064 2414 1279 2610
face 0.07050186 333 2184 532 2436
face 0.070294075 72 140 652 529
face 0.07027552 1880 2361 2011 2545
face 0.0701632 1757 1479 1916 1933
face 0.070008904 1227 2195 1403 2454
face 0.069989346 1195 1612 1344 1897
face 0.06995082 1108 2227 1333 2419
face 0.069794536 514 2500 707 2704
face 0.0697516 1306 1502 1706 1944
face 0.06974361 1138 1876 1401 2295
face 0.06971853 198 2326 445 2580
face 0.06956479 1356 922 1491 1382
face 0.06947294 1409 1651 1541 1965
face 0.06941205 331 1799 573 2018
face 0.06935716 857 139 1323 579
face 0.06934977 138 407 576 850
face 0.06925768 298 1541 472 1789
face 0.06908229 976 1686 1151 1942
face 0.06899911 1707 926 1868 1355
face 0.06898583 1739 18 1923 205
