face 0.9997502 70 446 912 1522
face 0.13602275 687 670 933 1074
face 0.13344157 712 523 965 966
face 0.119367376 1268 2299 1475 2576
face 0.1148246 978 2014 1245 2489
face 0.111454315 655 679 872 909
face 0.10329424 614 723 875 1204
face 0.10273098 537 864 844 1309
face 0.09950418 -10 -42 77 169
face 0.091169044 20 -26 126 199
face 0.08669364 411 30 681 520
face 0.08516141 601 1652 805 1843
face 0.08486418 1285 5 1448 204
face 0.082773015 616 1574 862 1801
face 0.082633145 69 -22 189 167
face 0.08038088 110 2358 364 2572
face 0.080131084 1340 -38 1516 120
face 0.07992268 1297 2079 1447 2439
face 0.07953971 563 2200 749 2433
face 0.079186164 -10 840 90 1153
face 0.07875214 405 -6 579 237
face 0.078451514 129 25 414 490
face 0.07766686 -22 2190 81 2446
face 0.07766185 36 -10 214 255
face 0.077605955 -6 2435 91 2601
face 0.07594672 563 1693 727 1935
face 0.07580863 614 1643 867 2059
face 0.07576643 703 620 914 861
face 0.074763395 834 676 1052 1179
face 0.074751884 89 10 288 220
face 0.074701734 1249 2167 1395 2499
face 0.07460403 934 626 1081 1089
face 0.07441397 675 2266 918 2503
face 0.073906116 1347 2179 1496 2519
face 0.07379161 339 -28 483 124
face 0.07361309 671 2488 858 2688
face 0.07323114 1472 1368 1705 1853
face 0.07315205 1199 1868 1440 2337
face 0.07299037 585 -6 1229 961
face 0.07292722 439 2207 658 2413
face 0.07291494 639 1714 845 1939
face 0.07279676 995 -1 1410 406
face 0.07249928 316 -7 572 358
face 0.072491564 299 -4 478 234
face 0.07238519 456 20 640 302
face 0.07231034 173 70 878 1104
face 0.07229294 642 2413 869 2610
face 0.0722378 1559 2076 1801 2537
face 0.07205454 1370 875 1601 1388
face 0.07200756 311 2038 652 2383
face 0.07189933 364 2363 595 2562
face 0.07180716 80 2485 294 2698
face 0.07175831 537 515 730 801
face 0.07155929 849 1630 979 1873
face 0.0715585 41 -15 319 354
face 0.07148283 1187 1933 1339 2298
face 0.07134259 1873 2500 2015 2682
face 0.07121902 1347 1667 1589 2136
face 0.071013235 1298 1943 1461 2253
face 0.07051114 1050 417 1329 1066
face 0.070460506 23 116 231 343
face 0.070432775 1275 55 1535 749
face 0.070366055 1303 1386 1539 1862
face 0.07033001 1451 2156 1719 2574
face 0.07027976 950 2337 1189 2561
face 0.070218526 25 2410 158 2598
face 0.07021562 1353 865 1500 1280
face 0.07013636 1415 1227 1642 1712
face 0.0701232 1175 50 1441 724
face 0.07001819 597 2276 831 2482
