face 0.98672986 3437 562 3730 936
face 0.18940356 2908 1462 3161 1885
face 0.13207835 2438 883 2519 1002
face 0.1283926 1722 394 1831 504
face 0.12605181 2475 882 2549 983
face 0.12567328 2751 957 2862 1098
face 0.123669215 2185 706 2273 861
face 0.12335864 1637 447 1733 557
face 0.12320131 815 659 890 764
face 0.123185165 2445 924 2532 1046
face 0.123015545 2618 919 2698 1052
face 0.1227446 1732 449 1823 555
face 0.12270362 2296 712 2374 833
face 0.12250783 2770 985 2885 1154
face 0.122347705 759 626 839 743
face 0.122286074 917 721 993 828
face 0.12218875 3063 873 3141 965
face 0.121918954 2794 931 2876 1023
face 0.121738695 940 716 1022 816
face 0.12161806 2643 903 2718 1008
face 0.12153733 2874 958 2958 1061
face 0.121449426 768 593 845 693
face 0.120779656 921 685 994 780
face 0.120672315 2792 977 2877 1081
face 0.12056941 2650 959 2741 1094
face 0.12049347 1136 645 1211 742
face 0.12047399 1616 485 1715 606
face 0.12036524 1836 451 1925 557
face 0.12018222 2135 693 2232 885
face 0.12004108 2729 920 2808 1016
face 0.11995231 2675 957 2799 1167
face 0.11975988 1054 581 1123 671
face 0.1196077 1781 328 1930 442
face 0.119487025 2397 745 2503 941
face 0.11946676 2844 1009 2938 1134
face 0.119435385 1814 386 1924 497
face 0.1193333 1017 666 1097 772
face 0.11929318 2691 896 2762 985
face 0.1191453 3120 877 3197 967
face 0.119128555 2694 948 2785 1074
face 0.118923806 843 710 917 811
face 0.11876499 774 680 854 801
face 0.11860256 2302 674 2417 872
face 0.11857041 2306 855 2387 981
face 0.11844546 1651 397 1751 499
face 0.118307576 2580 947 2662 1061
face 0.11824248 1062 414 1156 543
face 0.1180865 3107 958 3180 1046
face 0.117983125 2182 633 2262 764
face 0.11796431 2608 968 2702 1127
face 0.11793732 3036 964 3108 1051
face 0.11793177 3013 886 3093 976
face 0.117842704 3022 915 3101 1019
face 0.11774737 2915 905 2995 997
face 0.11771444 2081 542 2180 731
face 0.11750911 2311 638 2383 742
face 0.117473714 3155 853 3247 955
face 0.11745928 1842 376 1988 525
face 0.11725841 1695 350 1847 474
face 0.11723456 1712 489 1810 613
face 0.11715474 2599 879 2672 980
face 0.11705856 2243 760 2319 884
face 0.11703942 1698 461 1788 563
face 0.11682156 992 623 1066 733
face 0.11676694 2952 955 3031 1052
face 0.11674024 1804 315 1998 476
face 0.11661902 1855 466 1970 622
face 0.11661412 2402 932 2498 1081
face 0.11657405 1119 576 1187 659
face 0.116550185 850 577 922 666
face 0.11642664 613 543 701 669
face 0.11641217 2062 693 2166 889
face 0.11626442 2612 834 2695 966
face 0.11615352 1053 690 1147 803
face 0.116055 900 662 971 760
face 0.116035335 2855 894 2940 985
face 0.11596065 926 606 995 692
face 0.1157767 1626 599 1721 717
face 0.11573034 1212 640 1357 802
face 0.115694515 1868 616 1969 760
face 0.11554264 2652 995 2760 1148
face 0.11553481 2339 624 2503 908
face 0.11544856 2716 1021 2891 1237
face 0.115422174 1113 595 1195 725
face 0.11536968 1723 598 1815 725
face 0.11514036 2081 631 2176 809
face 0.11512805 740 553 822 666
face 0.115123175 2820 1050 2936 1210
face 0.1147731 777 748 859 865
face 0.11469189 1690 396 1783 490
face 0.11453932 2246 854 2343 1025
face 0.11445404 1197 649 1289 756
face 0.11434527 2069 469 2176 662
face 0.11416399 737 512 819 614
face 0.11397322 1766 572 1852 675
face 0.11380692 2686 837 2762 922
face 0.11379792 976 653 1050 746
face 0.11362083 2655 807 2729 898
face 0.113575175 2622 807 2701 915
face 0.11345814 2372 768 2454 889
face 0.11342073 1886 423 1990 550
face 0.11325911 2269 547 2348 660
face 0.112922 1272 663 1420 811
face 0.11288329 2150 527 2239 677
face 0.112858124 1007 575 1075 659
face 0.11279199 2592 743 2698 912
face 0.11264863 2157 833 2243 967
face 0.11257523 2396 993 2503 1118
face 0.11253257 2440 774 2540 900
face 0.1125013 683 623 766 737
face 0.11237941 2749 1109 2898 1278
face 0.11210316 3012 1011 3090 1111
face 0.112034775 3103 1046 3182 1140
face 0.11186587 2435 290 2538 428
face 0.1117411 3014 840 3103 951
face 0.11173953 1650 577 1738 674
face 0.11155349 1092 495 1175 623
face 0.111376904 2889 1024 2991 1142
face 0.111373015 3044 830 3134 929
face 0.111211725 3696 1350 3779 1451
face 0.11096614 2259 732 2364 937
face 0.11092621 3718 1192 3803 1295
face 0.11088102 3086 817 3178 912
face 0.11082967 3776 1351 3857 1446
face 0.11080724 3165 628 3270 739
face 0.110798545 3856 1190 3972 1358
face 0.11079056 2334 624 2439 783
face 0.110711336 1547 215 2015 679
face 0.11067749 2111 635 2190 739
face 0.11066492 2444 243 2547 374
face 0.11049995 1874 570 1970 687
face 0.110469446 3018 1051 3102 1156
face 0.110431425 3694 1261 3773 1359
face 0.11039452 920 790 1000 880
face 0.1103556 486 230 609 376
face 0.110194676 2356 1028 2479 1180
face 0.11015297 2025 635 2114 747
face 0.10998037 1112 668 1229 805
face 0.10985254 1953 543 2052 688
face 0.10980282 1067 474 1139 569
face 0.10969834 3595 1255 3677 1362
face 0.10956925 809 796 890 889
face 0.10954088 2223 860 2297 970
face 0.10948228 2420 666 2578 893
face 0.10928421 3166 935 3255 1041
face 0.10925167 3118 801 3221 903
face 0.109236434 1774 227 2013 394
face 0.10923379 3644 1397 3732 1514
face 0.10915965 1164 673 1283 804
face 0.109134614 526 471 646 640
face 0.10903836 3850 1337 3941 1448
face 0.109005176 935 762 1025 859
face 0.10899213 1142 446 1250 571
face 0.10896509 2481 754 2583 908
face 0.10892425 1820 650 1945 807
face 0.10883622 1915 636 2012 772
face 0.10873747 1671 349 1786 440
face 0.10871148 3676 1196 3771 1304
face 0.10869838 479 166 648 337
face 0.10869788 2989 804 3086 914
face 0.10861936 654 775 741 894
face 0.10860745 757 844 844 953
face 0.10850822 1341 690 1485 826
face 0.10850271 582 509 679 630
face 0.10845922 2760 820 2831 900
face 0.108436145 3796 1327 3887 1442
face 0.10839561 2047 748 2152 945
face 0.10836857 949 755 1064 897
face 0.108301125 648 643 743 789
face 0.10828936 1899 558 1994 660
face 0.108255275 1773 659 1876 786
face 0.1082237 649 560 732 664
face 0.108057514 1145 580 1222 664
face 0.10805671 3187 846 3309 995
face 0.10803975 1168 607 1266 711
face 0.10796987 3658 1166 3746 1269
face 0.10794106 1716 260 1900 387
face 0.107798606 3749 1265 3836 1364
face 0.10772731 660 872 747 978
face 0.10763119 1020 514 1097 630
face 0.10757167 1036 429 1119 555
face 0.10756712 2118 483 2219 640
face 0.10748869 699 730 779 828
face 0.1074683 805 495 881 585
face 0.10743521 3144 737 3241 829
face 0.10711842 3557 1476 3644 1584
face 0.10702966 924 506 995 601
face 0.10695779 2460 983 2572 1127
face 0.106924914 1614 334 1737 437
face 0.106912434 3634 1119 3734 1256
face 0.10691205 2433 1012 2530 1125
face 0.10687434 2664 906 3103 1393
face 0.10683773 1014 484 1084 573
face 0.1068255 1931 421 2043 589
face 0.10681168 1719 570 1805 659
face 0.10678726 3573 1366 3651 1463
