face 0.9999465 290 406 611 878
face 0.12104096 12 116 701 837
face 0.11664873 274 696 319 839
face 0.11554761 261 699 296 793
face 0.11200385 699 894 740 969
face 0.107579395 58 14 207 232
face 0.10109755 701 -11 738 67
face 0.09962986 249 784 307 915
face 0.08934817 669 -61 763 105
face 0.08563369 284 775 346 891
face 0.08533153 210 -6 240 33
face 0.081770055 237 766 287 890
face 0.081753224 251 727 308 848
face 0.08078656 208 4 232 54
face 0.07977914 190 -5 220 32
face 0.079169266 680 -5 718 75
face 0.07775524 516 590 602 761
face 0.07671802 236 653 317 831
face 0.07629176 188 5 211 54
face 0.07533755 243 701 272 786
face 0.07493013 283 659 319 763
face 0.074442655 233 707 257 780
face 0.07335738 445 659 525 747
face 0.07280635 387 508 501 671
face 0.071950674 1 931 50 995
face 0.07167435 225 -2 257 45
face 0.07150668 471 609 542 735
face 0.071405195 265 748 324 871
face 0.071253106 90 83 241 264
face 0.0712458 14 -5 214 407
face 0.0711712 0 15 54 182
face 0.07110904 418 521 482 645
face 0.07106161 618 -11 734 190
face 0.07096517 246 750 290 813
face 0.070912026 394 607 507 755
face 0.070856236 286 722 345 845
face 0.07067504 695 874 746 942
face 0.070503734 -5 -9 25 56
face 0.06987786 154 14 201 128
face 0.06976774 620 -35 811 94
face 0.06959077 286 4 417 158
face 0.06958967 228 755 267 808
face 0.069197096 609 879 804 1014
face 0.06875477 181 10 214 87
face 0.06850525 501 473 616 647
face 0.06850374 268 675 298 744
face 0.06844146 -58 -88 170 230
face 0.06844093 301 801 368 911
face 0.06811461 167 4 195 61
face 0.068089284 108 -32 271 434
face 0.068063594 254 709 282 757
face 0.06801508 518 645 578 787
face 0.067968845 169 -4 203 36
face 0.06796873 215 772 266 882
face 0.06795201 665 -7 701 69
face 0.06785907 473 302 571 380
face 0.067812815 125 673 234 828
face 0.067778185 0 909 47 964
face 0.067747556 291 669 351 791
face 0.06764026 601 526 727 769
face 0.06751087 515 825 574 941
face 0.06748785 25 103 163 344
face 0.06735083 509 627 586 724
face 0.067332014 -4 553 218 909
face 0.06708585 86 441 184 749
face 0.06694817 674 803 761 964
face 0.06693459 -72 316 116 451
face 0.066885844 501 797 554 930
face 0.06668991 673 849 722 960
face 0.0666218 301 763 373 849
face 0.06657676 597 362 650 492
face 0.066475675 579 390 660 578
face 0.06642024 137 36 190 145
face 0.066248454 619 781 807 917
face 0.0661846 467 439 591 587
face 0.06617873 -66 107 118 244
face 0.06616694 432 678 505 783
face 0.06616485 371 654 492 805
face 0.065798104 556 347 645 515
face 0.06562175 362 563 450 644
face 0.06560394 648 710 677 813
face 0.06543932 514 388 610 540
face 0.0654349 493 324 765 615
face 0.06538085 296 424 404 579
face 0.06528138 401 503 501 589
face 0.065193534 12 817 89 898
face 0.06515015 243 -7 290 40
face 0.06506474 204 19 234 85
face 0.06504928 -71 519 117 657
face 0.065031484 680 308 765 489
face 0.06501956 265 620 344 789
face 0.065017164 473 630 572 798
face 0.064919025 0 745 106 907
face 0.064910255 41 44 132 228
face 0.06488855 507 305 668 468
face 0.064799726 -84 310 164 611
face 0.06464382 597 330 646 436
face 0.064617135 640 777 683 889
face 0.06458704 518 284 600 358
face 0.06452042 676 808 719 922
face 0.06449096 617 621 810 764
face 0.06446337 311 865 396 948
face 0.06440988 -72 264 115 400
face 0.06438924 572 330 633 417
face 0.064373046 -69 160 116 297
face 0.064368024 277 838 356 922
