face 0.9571868 574 3 831 245
face 0.13279988 741 252 828 457
face 0.12442432 27 162 957 1129
face 0.12258902 437 1 672 219
face 0.121816464 110 -25 239 283
face 0.11922144 611 16 907 518
face 0.11245853 158 13 589 414
face 0.10445073 30 -15 209 246
face 0.1001374 -16 4 51 175
face 0.09942801 -8 -6 97 197
face 0.09639708 934 600 992 740
face 0.09266186 479 117 885 714
face 0.091089584 160 -25 295 289
face 0.09086083 807 361 949 532
face 0.09077576 936 670 995 807
face 0.09074977 639 9 775 124
face 0.09054789 -18 -38 51 83
face 0.09043122 7 -20 357 502
face 0.090141356 658 835 792 1029
face 0.08652668 96 216 177 367
face 0.08651644 937 224 989 297
face 0.07997441 -114 -86 267 259
face 0.078585416 832 272 922 385
face 0.07829928 4 257 78 388
face 0.07828298 903 563 1015 769
face 0.07820034 800 339 923 443
face 0.07762934 840 250 925 338
face 0.07721701 692 286 782 432
face 0.0770607 688 739 815 940
face 0.0761568 935 254 991 332
face 0.07555808 931 534 991 679
face 0.075203784 -35 310 75 541
face 0.074915096 133 8 210 180
face 0.07478396 356 100 763 504
face 0.0746866 846 48 918 184
face 0.07464209 944 162 983 256
face 0.07457229 893 572 963 748
face 0.07407339 76 106 157 254
face 0.07406051 878 48 943 197
face 0.07399988 827 -7 939 202
face 0.07397667 209 344 302 435
face 0.073879585 716 789 795 958
face 0.07370223 45 159 189 545
face 0.073638305 216 152 511 690
face 0.073560975 935 471 991 597
face 0.073337294 101 35 177 203
face 0.072907336 285 279 414 492
face 0.07289696 532 118 801 310
face 0.07277552 165 1 279 118
face 0.07259514 793 681 872 856
face 0.07255715 -12 305 49 480
face 0.072369255 952 157 999 224
face 0.07233376 903 667 1017 887
face 0.07226612 130 130 262 359
face 0.072002016 767 725 850 870
face 0.07183003 74 -63 440 320
face 0.07161342 610 -18 709 68
face 0.07153327 2 -42 74 109
face 0.07141016 39 3 632 786
face 0.07077754 895 655 964 825
face 0.070628285 -13 99 43 267
face 0.070509575 760 11 920 328
face 0.07049803 907 47 961 205
