face 0.9995289 498 1052 958 1673
face 0.122291446 932 1608 1439 2357
face 0.12107689 678 1777 876 2244
face 0.11874896 691 1112 963 1524
face 0.11590139 1184 1903 1441 2279
face 0.112106085 1143 2241 1350 2475
face 0.11136913 847 2011 953 2405
face 0.10361691 1201 2189 1415 2521
face 0.10306293 420 1249 537 1543
face 0.09865553 842 1276 1068 1833
face 0.098458715 435 1172 610 1600
face 0.092110306 808 2123 916 2462
face 0.08952864 894 2018 989 2377
face 0.08824946 628 1255 923 1650
face 0.08577022 694 1714 863 1912
face 0.08548808 404 1305 500 1488
face 0.083968796 860 2065 1040 2514
face 0.08327117 373 1264 462 1548
face 0.08292802 981 1960 1215 2207
face 0.08242851 951 1919 1377 2289
face 0.082173966 818 1890 993 2311
face 0.08164366 963 2238 1138 2469
face 0.08122102 1424 1210 1489 1333
face 0.079699904 344 1212 510 1607
face 0.07964227 808 1572 952 1748
face 0.07960997 820 1494 996 1697
face 0.07836945 1409 -34 1492 112
face 0.07815224 9 1722 100 1996
face 0.07695815 1114 1858 1290 2052
face 0.07662834 928 1535 1314 1878
face 0.07595771 30 1737 216 2183
face 0.07540691 983 1477 1112 1626
face 0.07526723 814 1982 922 2345
face 0.075224176 929 1219 1016 1429
face 0.07484794 787 1703 920 1920
face 0.074618384 1416 1261 1477 1444
face 0.074541636 331 10 541 483
face 0.074177586 745 1578 897 1757
face 0.07417378 850 1980 975 2195
face 0.07400144 371 1132 457 1437
face 0.07391806 994 1393 1059 1512
face 0.073895395 691 1815 1047 2164
face 0.07344054 889 2190 1009 2385
face 0.07331746 1078 2106 1275 2326
face 0.07311315 1411 1311 1482 1527
face 0.07295509 561 24 771 479
face 0.07260331 1407 2206 1481 2417
face 0.0726023 1022 1599 1167 1782
face 0.072048046 967 1220 1070 1436
face 0.072006606 1051 1668 1204 1822
face 0.07181236 934 1720 1108 1909
face 0.07165282 1276 2178 1432 2401
face 0.07164139 1402 2298 1475 2489
face 0.07146636 971 1522 1123 1693
face 0.07144837 1091 2256 1267 2466
face 0.07138686 965 2091 1162 2325
face 0.071369536 1395 2370 1472 2558
face 0.07131799 804 1650 924 1842
face 0.071188256 1398 25 1485 192
face 0.071139246 -16 -38 52 166
face 0.070979364 873 29 1076 485
face 0.07085367 449 21 657 478
face 0.07054965 -6 1736 62 1956
face 0.07054934 1161 2027 1405 2410
face 0.07045541 394 1277 571 1737
face 0.07041404 1431 1133 1500 1270
face 0.07031074 745 1656 879 1850
face 0.07030136 678 27 885 483
face 0.07027793 1057 1358 1335 1784
face 0.07026964 1227 161 1419 623
face 0.07022074 758 1991 946 2469
face 0.07019764 862 1568 1033 1769
face 0.070158035 393 1329 498 1659
face 0.07013263 1075 299 1265 761
face 0.07007045 849 1894 1453 2589
