face 0.99999785 20 28 76 103
face 0.2876683 51 117 102 170
face 0.11597651 80 139 100 171
face 0.113386646 18 11 116 159
face 0.107569106 2 26 20 60
face 0.09516445 52 125 87 158
face 0.09482846 6 14 24 46
face 0.0920248 59 112 89 137
face 0.09059363 72 121 94 147
face 0.08972054 105 120 113 146
face 0.08874361 98 114 113 147
face 0.086684935 82 124 100 152
face 0.086496755 112 123 130 152
face 0.08649212 71 135 92 158
face 0.086169794 0 1 10 28
face 0.08570111 85 100 103 151
face 0.08501527 51 126 66 139
face 0.084973894 74 117 92 132
face 0.083972424 78 156 94 169
face 0.08337626 50 15 82 47
face 0.08183949 51 154 63 167
face 0.081457295 40 129 68 169
face 0.081151515 58 134 72 148
face 0.08046028 -1 5 6 27
face 0.07905402 112 65 121 90
face 0.07868621 85 151 103 168
face 0.07819272 77 109 107 136
face 0.07632257 106 50 124 106
face 0.0762298 65 120 84 137
face 0.07576349 92 100 110 150
face 0.07572927 61 135 102 165
face 0.07559825 102 28 131 120
face 0.07555848 45 138 64 164
face 0.07518802 24 29 43 60
face 0.07486821 76 103 97 151
face 0.0747498 109 61 118 88
face 0.074432835 70 99 111 157
face 0.07441253 53 129 70 144
face 0.0743097 104 123 125 160
face 0.07406889 72 143 87 156
face 0.074013144 -1 161 6 179
face 0.07351674 76 -3 89 8
face 0.07337005 9 5 28 32
face 0.07327902 84 139 98 158
face 0.07315285 18 57 28 81
face 0.07279869 110 38 129 65
face 0.07273348 -1 95 5 118
face 0.07266222 -1 158 8 171
face 0.07243193 99 128 116 168
face 0.07187913 37 63 61 90
face 0.07183564 1 0 20 27
face 0.071804985 117 -31 149 53
face 0.071802594 97 123 108 143
face 0.07166381 79 148 97 165
face 0.071525656 48 138 60 154
face 0.07146847 64 19 114 73
face 0.071450196 44 121 79 144
face 0.07145016 127 149 135 166
face 0.071409956 41 152 59 168
face 0.071305744 105 81 125 127
face 0.07121118 98 -2 133 73
face 0.07103888 -1 118 4 140
face 0.07094739 48 122 63 136
face 0.07082405 18 49 38 80
face 0.07081339 74 101 110 125
face 0.07069653 102 40 163 85
face 0.07063794 99 51 115 108
face 0.07055156 -1 105 5 127
face 0.07047199 90 114 107 143
face 0.07038856 101 77 165 121
