face 0.9999875 128 387 787 1336
face 0.12367584 825 1603 1030 1892
face 0.12291528 850 1652 1002 1824
face 0.120043375 1081 1434 1288 1617
face 0.10701602 1175 340 1290 463
face 0.09620152 1089 1409 1331 1754
face 0.096142784 921 288 1095 460
face 0.09470528 1221 309 1307 416
face 0.09412908 1179 401 1278 612
face 0.093283184 1134 366 1219 505
face 0.09261258 1187 506 1260 682
face 0.09124453 29 1211 184 1371
face 0.08663902 1073 328 1166 438
face 0.08575154 1145 374 1243 617
face 0.08305594 884 1586 977 1711
face 0.08305334 846 1243 983 1444
face 0.08296795 5 656 108 824
face 0.08195204 545 500 781 861
face 0.08085452 1162 352 1243 487
face 0.08084494 1476 174 1585 307
face 0.079467736 1002 753 1108 1105
face 0.078732714 1109 476 1190 729
face 0.07869775 741 1221 953 1586
face 0.07839684 879 1863 1111 2143
face 0.07834605 1209 316 1329 531
face 0.0775699 1261 284 1351 401
face 0.07719483 927 1618 998 1714
face 0.07697406 1268 231 1360 359
face 0.07695681 711 707 883 1126
face 0.076837935 1378 247 1608 499
face 0.076792054 1231 602 1393 753
face 0.0766619 1049 350 1157 525
face 0.07664123 143 1233 248 1496
face 0.076366104 974 274 1188 609
face 0.07629228 1449 197 1543 298
face 0.07594111 1340 1604 1435 1737
face 0.07566427 1455 1656 1558 1845
face 0.075088605 1176 332 1240 413
face 0.07500242 1193 1542 1318 1747
face 0.07497503 1048 782 1150 1104
face 0.07493605 1170 925 1510 1270
face 0.0747848 1176 307 1246 381
face 0.07471455 1374 76 1624 379
face 0.07441382 934 659 1121 1090
face 0.074268445 1201 1476 1418 1825
face 0.07420995 788 1223 907 1487
face 0.07420957 968 1647 1028 1766
face 0.07383949 1027 583 1110 757
face 0.07381413 972 320 1119 540
face 0.07374394 1284 865 1360 996
face 0.07373075 1252 324 1355 441
face 0.073686525 -17 523 73 730
face 0.07360427 820 1532 949 1679
face 0.07335077 1062 548 1145 801
face 0.07326661 1217 414 1315 616
face 0.07320525 1119 422 1205 582
face 0.07314436 1005 1655 1096 1896
face 0.07301909 1581 191 1663 356
face 0.07300139 1250 1379 1483 1775
face 0.07291101 1029 518 1095 664
face 0.07281487 1234 261 1307 356
face 0.07269169 815 1458 949 1622
face 0.072531104 918 1581 997 1680
face 0.072375655 870 1499 972 1650
face 0.0723565 1116 326 1295 668
face 0.07231539 1587 308 1672 485
face 0.07228546 1182 598 1307 830
face 0.072143294 1079 534 1147 682
face 0.07199478 1139 462 1228 661
face 0.07199376 731 713 845 996
face 0.071954705 971 1590 1039 1708
face 0.07194307 681 303 905 664
face 0.07191995 1526 155 1610 321
face 0.07176182 1201 269 1269 355
face 0.07167426 1159 301 1219 390
face 0.07149444 1517 840 1623 1112
face 0.07149178 1152 1945 1326 2125
face 0.07148447 825 678 1042 1121
face 0.07147732 965 1454 1061 1639
face 0.071456276 1329 863 1407 993
face 0.07143736 48 1243 161 1470
face 0.071427 1458 79 1606 231
face 0.07140808 1155 264 1222 351
face 0.07137548 808 1291 960 1522
face 0.07136287 807 1047 1212 1366
face 0.07121336 1352 917 1656 1271
face 0.071035266 1160 286 1366 583
face 0.07099337 959 399 1171 908
face 0.07096476 1431 551 1562 672
face 0.07093989 1577 -29 1682 96
face 0.07088322 798 1371 1039 1687
face 0.07081662 1429 246 1571 394
face 0.070796095 37 1186 242 1534
face 0.070765615 1571 1971 1665 2162
face 0.07067965 919 1504 1013 1651
face 0.07067616 703 1202 816 1499
face 0.07067246 836 1188 952 1313
face 0.07060482 1056 401 1289 839
face 0.070562094 460 238 672 394
face 0.070516825 1569 1599 1672 1843
face 0.07043406 492 1561 670 1742
face 0.070368364 1597 551 1679 662
face 0.070338875 696 1431 811 1678
face 0.07011061 1577 147 1673 272
face 0.0700864 606 1404 813 1737
face 0.07007222 1484 1593 1600 1883
face 0.07004049 956 885 1080 1171
face 0.070035234 93 1242 204 1476
face 0.0700075 19 716 129 857
face 0.069995835 1045 1711 1156 1927
face 0.06979539 1189 34 1451 373
face 0.06973688 922 1657 1001 1783
