face 0.9968869 150 98 380 472
face 0.81962377 0 245 35 319
face 0.122508556 -1 25 76 143
face 0.11337274 -7 102 25 191
face 0.11325351 -17 215 38 321
face 0.09971368 21 -4 50 27
face 0.09849901 24 26 110 136
face 0.09438843 1 -5 25 25
face 0.09028245 -2 178 59 288
face 0.08894911 -3 -5 16 34
face 0.08765082 -2 145 39 245
face 0.08660001 -1 85 73 265
face 0.08563567 36 10 159 89
face 0.08554105 -6 280 25 336
face 0.08526279 10 -4 35 25
face 0.084708214 7 110 49 190
face 0.08331552 -8 57 21 132
face 0.08322154 18 3 49 52
face 0.08217551 88 514 156 639
face 0.08212249 11 279 51 339
face 0.08197741 40 68 140 176
face 0.08192812 30 3 59 64
face 0.081176125 50 30 115 86
face 0.08093661 190 556 256 637
face 0.080865964 1 7 95 96
face 0.08067986 -5 156 23 234
face 0.08060435 -23 39 31 143
face 0.08010629 426 528 478 637
face 0.07987197 29 26 65 82
face 0.07972259 38 51 89 96
face 0.07967139 -24 -44 35 55
face 0.07958395 25 77 93 246
face 0.079460084 202 -8 248 32
face 0.07887644 161 538 229 634
face 0.078767516 8 137 54 218
face 0.078505434 226 539 269 598
face 0.07814503 -31 -27 71 71
face 0.07777799 26 47 66 101
face 0.07762951 6 231 46 302
face 0.07744551 64 61 98 132
face 0.07743581 43 0 66 39
face 0.077429414 23 123 63 203
face 0.0772805 -1 8 19 44
face 0.07703245 9 415 77 533
face 0.076728925 61 3 82 38
face 0.07661031 68 109 99 209
face 0.076434046 222 579 275 632
face 0.0764261 21 159 62 236
face 0.07633071 337 376 368 464
face 0.07632419 346 382 382 475
face 0.07626425 425 514 458 607
face 0.07612253 464 618 498 662
face 0.07573612 242 532 281 601
face 0.07571487 78 444 111 527
face 0.07567026 56 482 118 598
face 0.07564002 21 169 79 275
face 0.07551076 33 0 59 33
face 0.07547645 25 230 60 291
face 0.075410895 143 376 176 466
face 0.075232156 13 530 69 636
face 0.075213686 343 485 405 607
face 0.07517289 62 45 101 101
face 0.07511242 36 68 75 123
face 0.07501914 -4 23 23 63
face 0.07474789 7 5 33 49
face 0.07471028 4 9 133 186
face 0.074359044 66 460 101 547
face 0.07420707 16 67 55 114
face 0.07403117 286 532 365 628
face 0.073974416 116 100 153 195
face 0.07389616 469 462 497 541
face 0.07356055 78 67 114 119
face 0.07355815 63 92 98 167
face 0.073556915 179 427 250 530
face 0.0735355 70 31 144 82
face 0.07351606 -7 24 21 97
face 0.07344802 285 -19 417 65
face 0.073398866 39 115 73 206
face 0.073138535 -6 261 45 348
face 0.07297734 53 11 94 47
face 0.07274271 54 113 86 207
face 0.07272329 3 527 37 630
face 0.072695754 468 507 494 575
face 0.07257344 77 122 112 203
face 0.0725638 107 541 182 637
face 0.07249198 0 287 35 369
face 0.07246273 357 528 414 630
face 0.072439805 195 0 253 53
