face 0.99901664 660 803 1458 1897
face 0.12003345 40 310 1891 2255
face 0.11534001 390 29 693 468
face 0.11284844 20 18 353 451
face 0.10951897 579 1894 737 2180
face 0.09622609 711 37 1002 472
face 0.09103287 632 1797 767 2129
face 0.08775979 411 177 1075 1243
face 0.08529305 227 -24 808 1000
face 0.084339924 691 1170 1021 1685
face 0.08262677 1868 -56 2005 151
face 0.0819638 739 1945 1060 2379
face 0.08128 1187 14 1915 946
face 0.08116323 7 2236 156 2592
face 0.08085927 810 7 1111 423
face 0.08016003 514 1939 697 2149
face 0.07979066 197 2292 383 2594
face 0.07969398 420 2022 578 2350
face 0.079495616 304 2228 480 2540
face 0.079020955 -24 2282 89 2583
face 0.078541115 552 -65 1021 276
face 0.07742073 412 1963 682 2428
face 0.07714661 54 2282 207 2583
face 0.076985046 452 1970 636 2265
face 0.07693616 418 9 672 250
face 0.076324955 521 77 742 436
face 0.07567587 925 261 1766 1135
face 0.07529897 1138 40 1414 460
face 0.07510856 627 2323 870 2569
face 0.07502898 1404 2340 1618 2572
face 0.07497523 104 2236 257 2546
face 0.07487036 261 2095 410 2407
face 0.07482955 1634 3 1929 398
face 0.07462788 755 6 969 310
face 0.07452808 949 -65 1428 268
face 0.0744146 -10 2414 95 2611
face 0.07414851 376 99 614 375
face 0.07349851 57 6 321 253
face 0.073305674 516 2089 689 2412
face 0.07299007 -19 2508 114 2684
face 0.07297585 669 88 854 416
face 0.07288803 257 -69 716 284
face 0.07288587 291 100 673 717
face 0.072875574 535 1027 667 1367
face 0.072848134 1837 8 2014 206
face 0.07262152 -17 -140 669 630
face 0.07251916 663 1863 819 2065
face 0.07251187 913 1136 1095 1443
face 0.072451405 7 760 315 1285
face 0.072314836 2 1891 145 2276
face 0.0721371 229 450 848 1483
face 0.07198237 1786 -37 1965 133
face 0.07195351 1649 2350 1906 2580
face 0.07190496 527 2011 784 2486
face 0.071813695 297 101 485 413
face 0.071711004 199 2160 372 2463
