face 0.9996519 547 998 1180 1909
face 0.12839676 1720 12 1942 367
face 0.12030234 44 319 1908 2259
face 0.119672574 659 51 924 503
face 0.11755947 238 47 869 822
face 0.110667266 1673 1811 1932 2255
face 0.10312672 1461 207 1773 937
face 0.102871776 365 345 644 755
face 0.10108398 1661 999 1921 1467
face 0.09628035 544 -36 835 658
face 0.09553904 1062 -10 1658 1057
face 0.09519789 1164 959 1396 1451
face 0.093417145 1745 1785 1880 2026
face 0.09252819 1563 0 1806 415
face 0.09014453 1331 1886 1852 2415
face 0.09012505 600 3 1242 919
face 0.08783319 1869 2010 2008 2201
face 0.08765269 1304 -19 1436 128
face 0.085461654 1290 10 1453 202
face 0.08522165 1657 2168 1917 2605
face 0.08484486 1462 -33 1591 132
face 0.083914384 1484 -21 1751 622
face 0.083274096 1646 729 1914 1197
face 0.08285613 1824 856 1942 1164
face 0.08191941 1565 1891 1979 2384
face 0.080919996 998 25 1236 445
face 0.080806226 472 -57 957 1115
face 0.08069431 1886 1957 2011 2133
face 0.080221154 718 1176 988 1389
face 0.07982901 1072 1758 1362 2169
face 0.07959677 1396 -32 1553 118
face 0.079193555 632 1116 847 1376
face 0.078774095 1798 121 1947 462
face 0.07869765 1536 1033 1867 1711
face 0.07867643 1361 210 1649 1040
face 0.07850578 914 93 1297 765
face 0.07842613 1257 255 1566 690
face 0.07833719 839 1046 1148 1466
face 0.078243144 1526 -28 1637 155
face 0.0782391 1143 1398 1293 1698
face 0.07820812 450 380 723 833
face 0.07804509 1402 657 1558 1087
face 0.07767037 1894 800 1987 1020
face 0.07744532 1898 1872 2010 2081
face 0.07737891 1354 1709 1872 2049
face 0.07732655 1193 920 1358 1237
face 0.07726662 1149 1087 1294 1478
face 0.07626312 677 493 935 910
face 0.07580278 215 268 533 894
face 0.07561822 614 1165 980 1569
face 0.0755344 1245 1391 1407 1693
face 0.07529115 475 249 622 580
face 0.074992135 1289 372 1740 832
face 0.07495186 1405 1177 1670 1648
face 0.074848235 1895 1474 2013 1641
face 0.074728 543 170 672 508
face 0.07470369 1205 -7 1434 402
face 0.07465635 1204 517 1624 969
face 0.074611545 999 -25 1144 124
