face 0.9994609 172 144 557 695
face 0.9890543 18 106 690 841
face 0.10673139 600 479 650 623
face 0.105989195 705 506 734 570
face 0.09887115 152 628 203 717
face 0.083974205 599 331 641 467
face 0.08298102 496 21 623 150
face 0.08281249 713 505 744 551
face 0.08064361 606 475 688 643
face 0.07999863 192 614 253 712
face 0.07915985 178 615 231 738
face 0.07907806 555 -38 704 121
face 0.078961916 339 -13 411 48
face 0.07894097 634 424 688 517
face 0.07854874 224 -12 300 49
face 0.07854435 621 521 674 627
face 0.078500606 -9 365 36 515
face 0.077958375 573 542 634 659
face 0.07768689 713 529 745 577
face 0.07724716 284 376 399 546
face 0.077001065 -11 276 37 425
face 0.07693959 706 535 735 600
face 0.07671398 20 578 115 752
face 0.07663631 620 461 665 590
face 0.07662159 717 479 748 525
face 0.076382264 617 650 712 802
face 0.075610325 400 -13 470 49
face 0.075569175 183 164 302 335
face 0.075559184 623 597 713 748
face 0.07554075 580 225 618 335
face 0.07551 684 449 768 610
face 0.07509871 595 537 653 652
face 0.075086854 617 358 660 452
face 0.074904844 644 482 685 584
face 0.07483279 687 511 715 578
face 0.074734464 210 2 308 75
face 0.07470176 -7 292 68 497
face 0.07455733 599 377 646 517
face 0.074448824 1 381 57 562
face 0.07440252 428 409 544 590
face 0.074334204 4 527 233 924
face 0.07432705 580 271 622 392
face 0.074299894 589 590 674 749
face 0.07415077 143 646 192 745
face 0.07406745 585 351 629 491
face 0.07397333 559 187 604 310
face 0.07384428 580 638 631 761
face 0.07359285 685 535 714 605
face 0.07357414 683 445 715 521
face 0.07344167 633 364 688 482
face 0.07343211 707 451 737 522
face 0.0734292 612 679 677 783
face 0.07341955 175 482 223 617
face 0.073343076 405 3 495 79
face 0.073196255 190 591 257 667
face 0.07315947 705 -12 747 42
face 0.072704226 36 464 97 594
face 0.07264438 715 449 749 500
face 0.07262897 541 209 590 337
face 0.07260948 581 407 629 543
face 0.072529405 162 121 258 297
face 0.07250466 559 657 613 749
face 0.07246993 31 928 88 992
face 0.072114445 21 209 110 398
face 0.07198942 704 567 740 647
face 0.071983226 -68 314 183 626
face 0.07188492 642 529 690 618
face 0.07187401 635 33 786 210
face 0.07184287 705 408 741 503
face 0.07180799 38 502 126 698
face 0.071772605 535 656 594 746
face 0.07174469 656 338 711 497
face 0.07174253 617 392 672 506
face 0.07160793 209 630 265 755
face 0.07121236 598 314 680 482
face 0.071112104 159 442 205 600
face 0.07106652 701 754 743 811
face 0.070987456 577 490 636 611
face 0.07094665 592 342 634 406
face 0.0708129 673 506 706 557
face 0.07066922 -29 240 53 412
face 0.070570536 63 460 144 652
face 0.07056002 704 38 744 154
face 0.07051893 7 309 106 636
face 0.070469074 675 528 763 680
face 0.07041978 557 591 616 705
face 0.070396654 300 -13 380 50
face 0.07039479 601 295 634 383
face 0.07022021 -11 223 32 360
face 0.07016833 17 131 81 251
face 0.07016082 656 439 705 506
face 0.07005034 620 357 707 527
face 0.06993536 678 19 720 172
face 0.06992825 661 473 700 557
face 0.06992393 368 5 460 77
face 0.06985913 704 216 743 332
face 0.06969252 223 612 283 694
face 0.06958671 687 489 713 539
face 0.06953493 481 136 537 257
face 0.06953422 440 127 534 281
face 0.06942277 703 790 743 894
face 0.06934764 705 276 741 379
face 0.06934719 -9 428 31 559
face 0.06932922 701 774 746 837
face 0.06927628 19 -24 219 396
face 0.069226265 501 157 586 326
