face 0.99929214 732 414 1629 1494
face 0.1914543 431 -17 776 573
face 0.11630711 1566 1824 1701 2316
face 0.11576055 439 2174 724 2532
face 0.11433405 408 2006 559 2273
face 0.11333493 602 -48 893 538
face 0.10744134 -11 -27 95 153
face 0.09897313 422 2178 578 2456
face 0.09665535 521 2129 702 2389
face 0.09238746 1693 44 1926 282
face 0.09224346 390 2043 500 2170
face 0.09173094 475 300 1226 1558
face 0.08902639 54 2124 215 2344
face 0.08886373 245 -25 782 1145
face 0.08885544 4 2054 264 2428
face 0.087341085 1072 604 1748 1451
face 0.08719874 1523 1814 1644 2196
face 0.08707655 1520 2107 1688 2495
face 0.08701615 735 26 862 421
face 0.08671081 29 2165 135 2328
face 0.08611329 65 2117 170 2243
face 0.08601247 870 -18 1036 243
face 0.08557673 391 2003 664 2354
face 0.08539906 399 2008 487 2114
face 0.08532821 1012 931 1322 1354
face 0.08519404 363 2060 467 2194
face 0.085092165 1603 1934 1737 2416
face 0.08499598 420 2002 536 2133
face 0.084528334 67 2299 277 2563
face 0.08397195 1612 1802 1724 2212
face 0.08394807 461 2219 656 2430
face 0.08375193 226 488 773 1648
face 0.08350426 1517 1747 1823 2406
face 0.08317615 1670 -57 1948 415
face 0.08292605 7 353 134 719
face 0.08290246 258 2039 402 2185
face 0.08279094 766 1979 826 2095
face 0.08256097 372 2188 514 2435
face 0.082343765 240 1789 532 2184
face 0.08199488 1300 -29 1448 114
face 0.081864625 -6 2454 81 2604
face 0.08164561 1673 1696 1806 2072
face 0.0816144 17 2192 98 2308
face 0.08144352 880 1931 947 2032
face 0.08109077 411 2519 522 2668
face 0.080861785 518 503 786 1004
face 0.08082003 49 2221 228 2418
face 0.08078902 2 2518 114 2674
face 0.08077603 358 2526 458 2664
face 0.08072587 1407 1800 1511 2010
face 0.080533646 1420 1885 1513 2075
face 0.08052061 700 1978 767 2094
face 0.080416724 493 2006 679 2216
face 0.08030781 4 2216 72 2365
face 0.08009648 1388 55 1664 457
face 0.0800088 353 1959 448 2078
face 0.0799861 259 2150 434 2348
face 0.07994972 634 1935 729 2039
face 0.07956356 320 2082 465 2272
face 0.07943846 86 2086 239 2264
face 0.07941845 169 1386 441 1731
face 0.0794059 182 1971 398 2139
face 0.079337455 1257 -27 1387 138
face 0.07913064 1501 1633 1887 2108
face 0.07911502 758 -9 836 183
face 0.079089 555 184 705 442
face 0.07897541 1498 65 1922 554
face 0.0789711 1321 1860 1434 2078
face 0.078960314 477 -93 942 1164
face 0.07888393 374 2017 458 2128
face 0.078858994 41 2124 119 2236
face 0.07878717 1742 106 1912 391
face 0.07856386 836 85 986 441
