face 0.9999757 483 439 1357 1662
face 0.12402549 38 2458 135 2582
face 0.10932362 1455 2213 1586 2442
face 0.10897042 11 2519 118 2669
face 0.09456587 303 1517 550 1919
face 0.09073421 1714 1953 1867 2389
face 0.08827028 1190 1622 1443 2106
face 0.08548116 46 2513 171 2674
face 0.08485909 1398 2266 1510 2435
face 0.083721004 422 1469 577 1761
face 0.08338759 1220 655 1395 961
face 0.08337067 159 2277 451 2613
face 0.08221673 878 2439 1003 2588
face 0.08201733 0 2452 82 2616
face 0.08054184 12 2188 377 2634
face 0.080377445 59 2421 240 2584
face 0.07943318 1090 1678 1244 1953
face 0.07879243 236 2373 456 2562
face 0.078428134 240 1528 458 1759
face 0.077656835 241 2438 388 2581
face 0.0775519 1133 1445 1401 1848
face 0.07741853 1564 2111 1696 2378
face 0.07708199 472 897 745 1381
face 0.076889776 342 2354 544 2544
face 0.076616704 1130 1862 1386 2279
face 0.07656177 227 1736 375 1939
face 0.07652673 865 2507 985 2671
face 0.07651925 1453 1873 1699 2330
face 0.07631379 14 2404 101 2543
face 0.07592123 1052 1620 1296 2037
face 0.07582141 1031 1626 1188 1901
face 0.07569118 54 1690 218 1941
face 0.07523547 158 1726 316 1950
face 0.07514682 895 2362 1038 2551
face 0.07492694 478 -42 710 145
face 0.07485487 1125 1517 1317 1740
face 0.07484384 1099 1575 1247 1846
face 0.074681096 11 1583 155 1911
face 0.07464424 1338 2151 1583 2529
face 0.07455938 1508 2171 1736 2564
face 0.0745534 375 1410 618 1824
face 0.07453164 1492 2171 1652 2462
face 0.074152865 1352 1745 1584 2193
face 0.07398487 1550 1937 1703 2256
face 0.07393404 1089 2341 1261 2555
face 0.07386582 1456 1593 1690 2059
face 0.0737323 1761 2017 1909 2435
face 0.07329334 301 1891 493 2187
face 0.07314936 520 2399 619 2542
face 0.07302523 1407 2201 1528 2388
face 0.0729418 1402 136 1632 352
face 0.07283147 1830 2415 1949 2623
face 0.072590604 -51 1548 443 1902
face 0.07254197 424 982 572 1436
face 0.07248919 318 1786 589 2173
face 0.07232336 192 2455 324 2584
face 0.072238766 467 2390 584 2526
face 0.072026744 186 1360 486 1800
face 0.07191044 37 2374 178 2556
face 0.07190729 1455 1472 1598 1883
face 0.071860164 1434 70 1717 432
face 0.07182781 1042 721 1354 1126
face 0.071665585 1254 2217 1508 2562
face 0.07164944 1715 2160 1870 2557
face 0.07154416 572 2377 710 2530
face 0.07142977 984 56 1708 932
face 0.07138461 1800 2285 1959 2601
face 0.071277425 1348 2513 1460 2670
face 0.07121518 979 1899 1241 2287
face 0.0711689 196 2514 319 2674
face 0.07116055 1338 2445 1460 2593
face 0.07097909 958 2295 1049 2480
face 0.07092664 1111 617 1389 1025
face 0.07079619 54 2082 320 2511
face 0.070783794 951 1680 1151 1975
face 0.07074823 1017 1747 1186 2023
face 0.070640415 270 1650 439 1889
face 0.0704386 108 2147 260 2457
face 0.070376374 43 906 313 1395
face 0.07029152 1073 245 1529 708
face 0.070277266 425 2413 557 2590
face 0.07008008 1499 1678 1654 1983
face 0.07007324 1459 1773 1602 2142
