face 0.9996786 279 122 695 677
face 0.12098432 130 92 817 1176
face 0.113574214 275 94 362 213
face 0.10041769 499 1075 591 1203
face 0.09396894 619 73 927 649
face 0.09102806 530 656 666 846
face 0.088335745 684 569 814 778
face 0.08801043 441 10 544 108
face 0.087510385 503 1121 601 1268
face 0.085649654 -1 808 44 944
face 0.085585564 820 528 948 723
face 0.08508116 239 164 356 361
face 0.082699485 441 375 604 605
face 0.08211634 804 692 940 897
face 0.08197318 340 2 387 56
face 0.08189394 223 69 362 241
face 0.08140971 309 76 379 170
face 0.079916574 269 39 406 220
face 0.07956583 676 210 787 458
face 0.07903121 715 727 836 953
face 0.07872413 279 192 364 322
face 0.07871487 18 1098 158 1284
face 0.07817265 298 123 392 236
face 0.07768812 257 415 384 637
face 0.07750385 570 499 644 636
face 0.07717007 581 618 714 812
face 0.07698329 628 6 776 258
face 0.07696979 804 341 955 577
face 0.076781206 360 0 408 55
face 0.0765776 305 1240 366 1318
face 0.07643291 810 8 945 238
face 0.076261744 492 655 561 811
face 0.07621386 455 0 507 65
face 0.07594958 333 79 407 160
face 0.07582981 805 200 954 430
face 0.07561997 259 159 332 306
face 0.07560826 323 110 418 201
face 0.0755896 692 249 765 409
face 0.07555395 530 631 624 785
face 0.075372174 -15 326 43 523
face 0.07512647 410 -3 461 54
face 0.07504338 938 828 996 913
face 0.07499491 255 124 344 243
face 0.074983485 663 503 810 702
face 0.07497749 343 93 506 262
face 0.074802294 438 -3 491 54
face 0.07478236 930 573 988 709
face 0.07477847 628 810 986 1217
face 0.07472901 763 754 848 918
face 0.074378245 95 831 354 1022
face 0.074286155 934 -17 995 57
face 0.07422885 226 474 312 581
face 0.074190386 12 1177 83 1285
face 0.07412786 157 55 408 658
face 0.07371063 735 10 878 232
face 0.073708445 383 -2 434 54
face 0.073535986 -9 1021 46 1178
face 0.07324185 596 327 918 826
face 0.07316722 273 1239 341 1321
face 0.07303155 -3 1188 51 1287
face 0.07293941 722 263 796 463
face 0.0729085 -38 762 71 979
face 0.072822005 274 193 396 396
face 0.07282046 247 65 339 180
face 0.07271317 937 794 995 879
face 0.07270901 337 132 461 238
face 0.07254074 693 305 766 485
face 0.07253728 547 241 703 433
face 0.07253101 256 454 338 599
face 0.072455 180 1196 269 1281
face 0.07231889 125 -121 401 374
face 0.07226746 547 9 698 172
face 0.07226666 501 32 602 133
face 0.0721875 718 145 838 387
face 0.07214355 765 746 903 977
face 0.07205416 572 306 686 416
face 0.07205289 218 821 427 1032
face 0.072037704 490 733 620 963
face 0.07169643 543 723 984 1060
face 0.07158005 10 8 121 112
face 0.0715451 697 279 889 587
face 0.07153476 -1 1241 60 1323
face 0.071432196 461 984 584 1195
face 0.07124462 275 165 375 268
face 0.07122046 6 538 268 1032
face 0.07114712 182 243 252 422
face 0.07109871 234 233 302 406
face 0.07109699 783 -86 915 215
face 0.07101778 324 151 422 270
face 0.07099658 431 3 471 72
face 0.07095857 587 523 670 670
face 0.07092005 443 4 596 153
face 0.070866734 730 582 870 779
face 0.07073393 189 1235 265 1324
face 0.0707157 939 387 992 466
face 0.07069923 604 480 698 581
face 0.07061931 455 745 538 911
face 0.070582464 665 159 732 341
face 0.07056105 941 356 993 431
