face 0.9999783 202 152 472 503
face 0.11249704 11 92 551 679
face 0.112389125 486 672 565 780
face 0.10732487 444 545 514 681
face 0.10250662 60 517 131 644
face 0.10114106 447 609 512 744
face 0.08542886 399 637 463 772
face 0.08352555 372 26 521 165
face 0.082187414 13 437 60 535
face 0.081894204 288 354 406 485
face 0.08189398 370 640 437 776
face 0.081184864 -1 725 27 784
face 0.08115131 49 616 90 734
face 0.080894165 380 509 455 638
face 0.07902995 306 631 376 765
face 0.07883778 361 249 466 397
face 0.07865965 6 528 74 765
face 0.07681467 259 330 337 400
face 0.07677062 29 620 71 744
face 0.07629561 -17 643 65 797
face 0.07598932 488 127 567 282
face 0.07550207 0 674 42 778
face 0.075082116 464 635 533 772
face 0.07505702 428 652 466 764
face 0.07497906 475 627 515 733
face 0.074960835 471 578 516 690
face 0.0748276 59 573 110 665
face 0.0746637 441 615 482 731
face 0.07451271 0 406 45 532
face 0.07441949 373 754 412 804
face 0.07390188 139 568 209 696
face 0.073866315 459 641 497 753
face 0.07380849 395 543 464 679
face 0.07365348 506 265 571 423
face 0.07356072 472 351 542 492
face 0.073310256 393 754 429 802
face 0.07306703 548 750 589 803
face 0.07291864 81 152 232 520
face 0.07281044 -7 430 28 540
face 0.072650775 397 616 437 736
face 0.07233019 45 751 82 802
face 0.07220207 443 663 485 759
face 0.07193944 4 612 44 744
face 0.07181624 456 596 498 707
face 0.07174748 459 756 490 802
face 0.07166594 336 628 403 772
face 0.07145064 276 658 351 767
face 0.07143577 26 182 284 393
face 0.071250066 -37 450 71 585
face 0.07108177 219 610 312 742
face 0.070898674 480 710 633 819
face 0.070865884 559 692 590 739
face 0.07083526 -7 665 29 723
face 0.07078709 76 724 133 780
face 0.07066931 379 578 423 690
face 0.070242226 487 613 561 741
face 0.06987471 295 750 338 802
face 0.06987145 141 752 185 804
face 0.06974015 537 335 600 470
face 0.06965185 15 648 59 766
face 0.0694956 34 582 102 726
face 0.06944967 407 474 483 603
face 0.06936324 459 363 499 478
face 0.06925547 -59 589 84 698
face 0.06925047 291 720 335 778
face 0.06919329 551 731 587 778
face 0.06916489 39 411 98 480
face 0.069134496 -2 751 31 802
face 0.069078736 105 710 173 767
face 0.06905404 62 625 106 716
face 0.06898187 4 183 181 494
face 0.06896168 381 627 426 724
face 0.06887071 431 517 502 644
face 0.068754524 92 551 167 673
face 0.068676986 62 732 100 777
face 0.06865316 177 727 235 784
face 0.06862979 352 8 550 282
face 0.06856727 346 625 393 718
face 0.06853505 63 751 100 801
face 0.06851995 563 673 592 717
face 0.06851299 77 632 125 715
face 0.068506055 113 748 157 802
face 0.06845169 -59 710 95 819
face 0.06830277 551 356 588 454
face 0.06812725 365 621 409 733
face 0.06806676 18 506 59 633
