face 0.99998343 66 84 335 445
face 0.9999503 338 9 383 58
face 0.9523315 335 5 369 41
face 0.60021263 368 -40 426 80
face 0.54135054 366 20 395 77
face 0.44774526 380 23 403 106
face 0.37252846 395 -6 415 35
face 0.1779479 393 52 419 128
face 0.15737312 347 43 395 134
face 0.11343858 393 19 418 85
face 0.10886301 355 6 401 92
face 0.10397006 323 -6 397 81
face 0.1027739 372 43 397 111
face 0.10218627 355 36 386 104
face 0.101778865 351 4 387 41
face 0.098642014 68 74 97 148
face 0.09815781 391 92 418 164
face 0.09205844 380 58 405 144
face 0.089690685 381 8 426 97
face 0.08620532 146 -4 174 23
face 0.08569789 62 2 99 48
face 0.08345139 134 -4 160 22
face 0.08339866 377 1 403 72
face 0.08261194 390 14 419 53
face 0.08224102 59 87 87 142
face 0.081195995 308 0 344 47
face 0.08017938 143 12 197 55
face 0.0799622 353 17 385 75
face 0.07960523 25 11 89 91
face 0.079543166 323 1 355 46
face 0.07914505 298 8 372 116
face 0.07886514 354 -1 377 24
face 0.078423545 291 70 343 154
face 0.078370385 70 -4 93 26
face 0.07834184 342 -2 365 23
face 0.07809183 9 -5 124 220
face 0.07718354 285 13 343 92
face 0.07702318 385 56 428 150
face 0.076902926 316 -4 343 23
face 0.07680825 392 367 420 404
face 0.07636261 330 68 384 153
face 0.07583757 162 3 228 63
face 0.0757967 329 -3 353 22
face 0.075338684 123 -4 150 22
face 0.07512991 358 10 396 55
face 0.074889585 59 -6 81 30
face 0.074575916 41 11 93 59
face 0.07449172 0 493 26 526
face 0.07444208 161 29 193 81
face 0.07442163 79 -5 108 23
face 0.07403829 -6 225 20 300
face 0.07273651 267 -10 377 210
face 0.07259535 0 476 22 513
face 0.07239557 165 21 207 67
face 0.07236069 336 48 370 96
face 0.07222575 346 277 376 358
face 0.07220122 187 21 229 67
face 0.071566135 344 56 379 117
face 0.07149065 225 -5 260 25
face 0.07143122 165 4 211 42
face 0.071054816 282 -5 314 23
face 0.07087248 9 109 67 207
face 0.07066919 137 4 179 41
face 0.07065742 321 -25 408 227
face 0.07059923 232 440 290 508
face 0.07036634 392 134 421 175
face 0.070067026 393 382 421 417
face 0.07004623 333 0 489 161
face 0.06998615 206 1 256 42
face 0.06997611 381 93 406 183
face 0.069935575 301 -5 332 23
face 0.06954579 -40 -60 105 139
face 0.0695087 332 216 493 380
face 0.06941217 269 60 324 140
face 0.06916746 375 18 414 180
face 0.06911769 349 27 451 104
face 0.068947025 240 125 304 211
face 0.06885561 132 281 183 331
face 0.06875407 217 8 335 221
face 0.06860735 313 311 369 404
face 0.06859185 51 -49 166 138
face 0.0685024 130 307 183 356
face 0.068496466 270 437 328 508
face 0.068435274 182 31 216 88
