face 0.9964108 349 671 850 1402
face 0.11718744 715 1545 1101 1906
face 0.11634625 557 1542 939 1889
face 0.115431644 917 1632 1110 2086
face 0.107438095 806 1463 1210 2163
face 0.0943263 289 811 372 1193
face 0.092575856 929 1578 1088 1782
face 0.090042114 305 1347 439 1559
face 0.089660436 66 1578 188 1875
face 0.08960733 1026 1561 1158 1788
face 0.08945197 934 1528 1144 1903
face 0.089330494 -19 1881 79 2138
face 0.08863953 997 1539 1117 1694
face 0.08464467 977 1495 1083 1627
face 0.08353374 1026 1504 1110 1617
face 0.08282924 309 1537 707 1885
face 0.0826669 1080 1567 1226 1777
face 0.08078316 870 1523 1040 1714
face 0.08004609 74 1521 208 1708
face 0.07906174 308 887 410 1291
face 0.0789219 763 1298 885 1536
face 0.07851368 245 809 346 1194
face 0.07806499 34 1541 156 1802
face 0.07651602 1016 1881 1354 2384
face 0.07626887 -17 1767 83 2023
face 0.0762188 301 1249 432 1441
face 0.076069266 1405 -34 1492 114
face 0.07606647 376 1194 492 1454
face 0.07540061 26 1466 228 1853
face 0.075350806 345 1169 445 1396
face 0.07489332 1428 1405 1495 1544
face 0.074442856 777 991 876 1344
face 0.0742573 1057 1496 1148 1618
face 0.07342277 825 1106 1057 1515
face 0.073367305 256 1022 387 1333
face 0.0731492 344 1034 456 1324
face 0.073085964 102 1539 234 1795
face 0.072834 1228 1628 1406 2111
face 0.072678186 150 1530 555 1879
face 0.0726012 983 1609 1105 1918
face 0.072464444 1060 1536 1259 1916
face 0.0721749 604 1521 810 2028
face 0.07203538 757 1527 969 2057
face 0.07124619 1061 1520 1194 1726
face 0.07113805 255 1405 370 1552
face 0.070888616 269 1431 395 1621
face 0.070790224 1028 1445 1110 1558
face 0.070607476 1409 1385 1475 1621
face 0.070433766 169 965 383 1378
face 0.070401356 95 908 320 1330
face 0.07035792 1433 1336 1496 1470
face 0.07029665 74 1259 454 1618
face 0.07005359 731 1306 835 1523
face 0.06973415 813 1038 919 1336
face 0.06968773 888 559 1074 1036
face 0.06956211 1262 1719 1378 2041
face 0.06946566 257 825 358 1031
face 0.06939342 310 800 417 1101
face 0.06936021 293 1173 420 1365
face 0.06935408 315 1230 718 1590
face 0.069310986 832 1185 972 1476
