face 0.9996848 56 2 444 497
face 0.97552276 260 199 643 671
face 0.58803207 119 62 573 722
face 0.5320256 357 158 434 269
face 0.23344499 522 418 605 544
face 0.19749185 526 290 607 431
face 0.16699764 311 151 391 270
face 0.1382181 356 253 435 390
face 0.11813986 403 -10 459 37
face 0.11635921 417 1 469 66
face 0.10849685 443 31 481 125
face 0.10541872 441 292 521 427
face 0.10426315 443 72 481 184
face 0.09697203 429 128 469 239
face 0.09557139 457 83 499 178
face 0.09019319 427 89 471 199
face 0.08858375 438 355 515 497
face 0.08271813 456 188 505 295
face 0.082339436 327 169 376 247
face 0.082271114 265 216 366 323
face 0.08191906 597 -9 633 32
face 0.08131053 460 41 493 120
face 0.08101687 490 217 530 320
face 0.079491116 475 59 515 177
face 0.07757579 473 216 515 314
face 0.07750132 489 257 534 373
face 0.07707269 558 713 610 768
face 0.0763354 425 23 468 127
face 0.07566446 411 58 453 161
face 0.075316995 440 114 486 219
face 0.07528892 66 153 155 312
face 0.0752302 343 189 392 297
face 0.07466367 545 27 669 161
face 0.0742833 425 396 471 500
face 0.07308567 -79 -58 170 152
face 0.072721764 435 20 478 87
face 0.07270464 457 117 503 217
face 0.0726771 597 30 630 118
face 0.07264828 596 360 627 428
face 0.07223617 446 64 512 203
face 0.07169523 574 16 610 132
face 0.0716771 498 296 549 392
face 0.071420945 528 430 597 498
face 0.07109819 597 185 630 277
face 0.07103612 592 431 629 503
face 0.070950456 589 673 626 743
face 0.07080695 480 218 526 276
face 0.07076315 423 422 494 559
face 0.070747614 597 145 630 237
face 0.070460655 597 105 630 198
face 0.070111126 597 66 630 158
face 0.07000884 580 7 646 140
face 0.0698851 593 6 630 56
face 0.06985437 516 616 571 700
face 0.069771804 458 417 501 524
face 0.06976259 212 71 308 185
face 0.06949138 585 713 634 768
face 0.06945696 598 599 634 647
face 0.0693961 356 182 408 237
face 0.069369525 212 11 315 144
face 0.06930166 405 598 457 686
face 0.06917762 596 404 631 447
face 0.06897173 596 310 629 394
face 0.06882199 598 225 630 313
face 0.06870117 570 -50 647 81
face 0.0686418 580 141 647 279
face 0.06861993 581 81 647 219
face 0.06858359 489 372 536 483
face 0.0684532 -1 718 40 767
face 0.0683742 -3 697 37 743
face 0.06837372 287 80 341 167
face 0.06835777 598 578 635 628
face 0.06834596 571 318 610 424
face 0.068300866 580 200 647 336
face 0.068238296 443 166 488 288
face 0.06822203 570 394 609 472
face 0.06821307 418 665 478 731
face 0.06820644 442 -6 481 31
face 0.068164974 305 161 359 250
face 0.068127826 574 107 610 233
