face 0.9992532 137 108 490 633
face 0.16074687 364 430 739 965
face 0.123034775 104 60 634 908
face 0.106544524 105 574 174 688
face 0.10571178 130 579 194 681
face 0.09543881 2 680 108 959
face 0.08681844 44 110 215 596
face 0.08601087 -8 836 32 963
face 0.08411314 116 496 173 647
face 0.08183782 65 521 172 689
face 0.08130942 153 606 212 704
face 0.08092873 458 454 655 606
face 0.08076714 480 633 569 811
face 0.08074817 250 113 359 275
face 0.08043689 129 624 192 729
face 0.08037921 228 47 430 222
face 0.0790276 192 793 286 954
face 0.07806932 29 612 163 787
face 0.07783708 150 109 263 299
face 0.077708825 46 554 126 644
face 0.077557065 129 791 228 954
face 0.07606748 111 554 207 713
face 0.07564856 579 319 684 586
face 0.07559479 0 372 30 423
face 0.07557464 92 623 154 731
face 0.075322844 36 795 135 957
face 0.075144164 67 615 148 693
face 0.07507436 457 515 521 636
face 0.07401533 276 825 404 949
face 0.07389535 -6 364 21 445
face 0.07345109 139 643 224 827
face 0.07337395 -41 617 99 764
face 0.07334386 484 416 678 557
face 0.07300995 147 313 264 516
face 0.07297549 -75 876 127 1012
face 0.07245124 -21 660 82 862
face 0.0723792 4 587 54 717
face 0.072222136 519 637 572 779
face 0.0717237 -1 397 29 449
face 0.071692854 183 581 264 668
face 0.07165149 12 362 48 489
face 0.07132475 200 552 298 640
face 0.07123474 497 675 554 795
face 0.071124114 -2 697 41 761
face 0.071101665 119 419 170 588
face 0.071083374 -66 576 115 704
face 0.07080072 28 373 72 522
face 0.07078576 0 348 31 399
face 0.07078004 500 495 555 651
face 0.07066868 113 662 174 795
face 0.07057326 268 377 393 567
face 0.07053393 -6 698 31 815
face 0.070530504 25 458 72 599
face 0.07050764 155 591 222 662
face 0.070278704 501 624 555 756
face 0.07009484 170 617 229 750
face 0.0699317 -29 542 53 710
face 0.069857284 6 201 55 348
face 0.06968685 9 410 47 541
face 0.06964107 -2 421 28 475
face 0.06958793 151 697 211 855
face 0.06948846 9 463 47 591
face 0.06940327 478 445 570 613
face 0.069136806 9 590 114 824
face 0.06910642 69 518 136 634
face 0.06906065 580 338 668 418
face 0.06905255 389 -14 604 368
face 0.06904384 629 285 715 598
face 0.06901084 458 378 685 740
face 0.06896876 -8 313 20 399
face 0.0689374 101 684 187 881
face 0.06892181 134 514 195 626
face 0.06890877 553 419 688 638
face 0.06890333 55 600 118 718
face 0.06886654 -7 565 33 685
face 0.06884635 558 510 652 666
face 0.06879416 -104 -72 196 192
face 0.068702295 28 238 72 396
face 0.06868382 29 672 102 783
face 0.06830761 275 681 358 770
face 0.068256505 31 437 118 612
face 0.06817841 515 373 706 503
face 0.068066 79 461 168 629
face 0.06798619 422 858 511 952
face 0.06796586 -4 447 29 503
face 0.067708775 79 779 136 931
face 0.067669876 133 38 196 139
face 0.06761882 371 474 614 836
face 0.06743832 207 753 268 914
face 0.06735748 520 517 576 673
face 0.067256786 77 318 128 479
face 0.06724354 -70 523 110 657
face 0.067174606 -6 917 31 1008
