face 0.9994574 683 1116 1414 2116
face 0.119676016 44 308 1905 2267
face 0.114730634 814 2507 896 2613
face 0.110197686 1300 2509 1410 2662
face 0.11010558 889 2521 984 2656
face 0.1086606 625 1945 766 2316
face 0.10411761 -14 2103 244 2493
face 0.09416804 1191 2377 1313 2569
face 0.08759993 715 1115 1016 1541
face 0.08423804 1357 2511 1458 2659
face 0.08420039 760 2475 865 2592
face 0.08278239 523 2524 632 2666
face 0.08226955 655 2030 827 2338
face 0.08189413 532 1388 670 1759
face 0.08152873 1375 2440 1461 2569
face 0.08139431 409 2471 494 2605
face 0.081089385 535 1959 657 2314
face 0.0804509 922 2522 1025 2660
face 0.08033305 881 2492 974 2595
face 0.080201924 1168 1179 1437 1593
face 0.07959343 1215 2505 1342 2669
face 0.07951718 695 1457 1039 1933
face 0.079251915 865 2512 948 2615
face 0.07890297 541 1457 753 1863
face 0.07888122 681 2450 827 2601
face 0.078555465 384 1588 624 2037
face 0.07820283 590 1976 718 2381
face 0.078131184 1106 2505 1246 2675
face 0.078046024 1257 2091 1395 2362
face 0.077951916 1313 2437 1410 2571
face 0.077797525 1754 2501 1943 2704
face 0.07763327 479 1899 605 2207
face 0.07761377 242 -20 327 187
face 0.07757731 1400 2515 1497 2658
face 0.07752449 1002 2510 1139 2676
face 0.07726119 1303 1973 1439 2338
face 0.07664071 1052 2507 1195 2682
face 0.076594226 1270 2244 1368 2463
face 0.076335184 1406 1041 1546 1383
face 0.07633302 1410 1283 1536 1683
face 0.07626312 290 -13 382 189
face 0.07624108 382 2396 489 2561
face 0.076193124 1127 2428 1272 2581
face 0.07618267 703 2369 888 2546
face 0.07578676 1386 2399 1471 2532
face 0.07572588 1933 867 2015 1000
face 0.075699426 964 2484 1062 2599
face 0.07562112 -7 2296 193 2566
face 0.075593136 452 2484 541 2590
face 0.075400345 1203 2222 1315 2467
face 0.07538305 587 1184 718 1521
face 0.07481366 1930 931 2017 1072
face 0.07471143 1377 2256 1480 2474
face 0.074628726 -4 2420 207 2623
face 0.07454208 925 2483 1029 2589
face 0.07429577 179 2088 531 2528
face 0.07409767 1055 2298 1300 2616
face 0.07397974 457 2518 563 2661
face 0.07390478 373 2331 471 2507
face 0.07383841 1900 -35 1993 179
face 0.07379077 1156 2284 1377 2601
face 0.07378793 1272 2385 1371 2556
face 0.073658004 625 919 771 1231
face 0.073653094 570 2375 758 2568
face 0.07355555 1006 2459 1136 2586
face 0.07348815 1335 2257 1435 2469
face 0.07347152 1057 2444 1200 2585
face 0.07345835 1332 1006 1499 1258
face 0.07345641 1444 2522 1546 2666
face 0.0734358 521 2194 676 2452
face 0.07326252 427 2415 517 2550
face 0.07291306 416 1863 563 2182
face 0.0728391 957 2517 1078 2669
face 0.07279406 225 410 349 889
face 0.072791874 1608 1998 1761 2320
face 0.072679475 773 2515 870 2652
face 0.07257453 343 2350 456 2580
face 0.0724103 597 1897 706 2213
face 0.072410144 357 2175 498 2444
face 0.07240661 500 2424 590 2581
face 0.072316594 1910 869 1987 1062
face 0.07217672 540 2377 665 2588
face 0.072145306 108 1651 366 2099
face 0.072033115 822 2411 959 2556
face 0.07194858 624 2426 778 2609
face 0.07174682 525 2489 622 2597
face 0.07171922 163 32 299 458
face 0.07169676 338 0 433 197
face 0.07162701 691 2198 1000 2588
face 0.071478434 199 1854 357 2102
face 0.071462095 306 -10 566 443
face 0.07144307 468 2022 619 2330
face 0.0714153 1093 1332 1417 1777
face 0.07126255 1934 996 2025 1145
face 0.07120582 572 2473 701 2609
face 0.07105476 563 1572 727 1792
face 0.07104575 1837 -20 1934 210
face 0.07093972 872 2320 1055 2486
face 0.07092354 487 2269 737 2640
face 0.07081524 43 1946 237 2134
face 0.070743315 1418 2216 1526 2474
face 0.0706872 786 2298 1003 2503
face 0.07064209 181 -27 281 200
face 0.07058725 265 1855 401 2095
face 0.07054287 328 1845 456 2081
face 0.070540555 294 2330 405 2575
face 0.070504926 562 826 820 1202
face 0.07049522 152 1923 334 2151
