face 0.99988556 329 539 1161 1689
face 0.12712386 62 306 1901 2286
face 0.11522499 1165 920 1496 1462
face 0.10863897 955 1616 1163 2076
face 0.097416714 1554 1821 1698 2067
face 0.09115597 1611 1845 1733 2069
face 0.09027904 184 41 558 412
face 0.089486465 1630 2139 1863 2580
face 0.08850251 278 1344 409 1803
face 0.087262206 169 859 298 1267
face 0.086913414 1570 1824 1782 2224
face 0.08672565 1143 615 1280 983
face 0.08398301 1576 2112 1700 2510
face 0.08256295 1178 2509 1290 2665
face 0.08217101 1357 1592 1608 1998
face 0.081944235 1091 1007 1247 1386
face 0.08106584 1215 2414 1319 2559
face 0.08071508 208 -64 723 280
face 0.080482185 1491 1687 1660 1990
face 0.08035879 1145 973 1283 1326
face 0.07995726 318 1468 451 1864
face 0.079761185 -12 -25 85 135
face 0.07963978 1634 1918 1746 2118
face 0.07943385 1037 1571 1172 1958
face 0.07908559 1290 861 1447 1232
face 0.07883872 1612 1677 1738 2016
face 0.07832067 454 17 715 229
face 0.078012064 1510 1867 1654 2171
face 0.077948995 1379 2505 1529 2690
face 0.07785926 1246 947 1419 1353
face 0.07784163 763 2506 884 2670
face 0.077496275 983 1839 1128 2200
face 0.077366486 68 290 363 679
face 0.07727034 1031 1754 1175 2057
face 0.07703213 86 -35 275 131
face 0.07686746 61 1068 312 1562
face 0.07683321 227 1337 351 1771
face 0.07677666 1403 1663 1560 1954
face 0.0767141 1281 2031 1551 2422
face 0.07665412 59 141 384 549
face 0.07663663 1607 2061 1754 2470
face 0.07654161 28 -19 136 187
face 0.07653734 1720 1808 1878 2017
face 0.076298095 1439 1619 1597 1887
face 0.07613683 1563 1603 1699 1954
face 0.07608578 153 1348 302 1761
face 0.07577396 1573 1962 1693 2271
face 0.075765565 1762 2238 1914 2542
face 0.07567216 28 11 329 358
face 0.07560011 1052 1609 1269 2056
face 0.07544987 1878 2005 2004 2222
face 0.07540619 1683 1862 1798 2079
face 0.07532972 151 1065 296 1441
face 0.07530253 1036 1036 1193 1359
face 0.07520982 1397 2099 1548 2359
face 0.075185105 69 -23 194 197
face 0.07518178 1717 1984 1866 2211
face 0.075117625 1438 1484 1598 1776
face 0.07507764 -25 807 82 1105
face 0.074689604 781 2452 900 2591
face 0.07467589 111 965 248 1372
face 0.07440199 1667 1679 1789 1998
face 0.07434904 1372 2356 1507 2565
face 0.07431819 1323 2373 1449 2560
face 0.07416888 469 2437 648 2600
face 0.074088074 105 1205 273 1629
face 0.073844224 1181 2436 1269 2586
face 0.073725425 964 51 1270 450
face 0.07367486 1032 1881 1188 2193
face 0.07366159 1320 1245 1556 1770
face 0.07357819 412 61 750 450
face 0.07349432 44 1467 292 1941
face 0.07340299 1100 910 1229 1247
face 0.073254704 1158 1066 1691 1961
face 0.07311011 1452 1807 1687 2237
face 0.0730818 585 54 889 467
face 0.07298294 1 -116 265 268
face 0.07269969 706 2507 842 2678
face 0.07267002 1220 2246 1324 2448
face 0.07260603 1481 2428 1576 2571
face 0.07252469 1871 2501 2020 2689
face 0.072481945 310 1318 454 1686
face 0.07244894 1436 2383 1563 2542
face 0.07244495 1712 2188 1873 2493
face 0.07244312 1530 2112 1647 2390
face 0.0724302 1453 1778 1618 2036
face 0.07212625 500 -30 686 133
face 0.07207932 1666 1579 1928 2070
