face 0.9999939 86 101 410 579
face 0.12103941 115 69 646 913
face 0.11247753 379 -13 448 48
face 0.10835575 94 524 153 640
face 0.09383199 125 424 264 556
face 0.08958733 277 -13 350 51
face 0.08915681 372 3 456 73
face 0.0878886 0 452 101 630
face 0.086743064 386 308 474 506
face 0.084618926 205 262 272 375
face 0.08139138 85 275 215 450
face 0.08023972 43 113 90 243
face 0.07940168 293 102 395 256
face 0.07761877 208 226 275 330
face 0.07735852 179 260 288 443
face 0.07594938 80 614 134 734
face 0.07571576 78 547 137 656
face 0.075636186 109 544 176 665
face 0.075505815 94 624 158 723
face 0.07331057 284 -43 452 101
face 0.07265311 174 -45 319 106
face 0.07245326 692 -15 745 44
face 0.07234512 -72 879 124 1013
face 0.07206488 22 110 70 258
face 0.07179549 -8 33 25 120
face 0.07167146 353 -9 401 41
face 0.071003966 293 0 360 83
face 0.07093666 636 710 790 879
face 0.07088368 22 599 79 660
face 0.07072302 352 576 540 705
face 0.070646204 82 472 177 636
face 0.070616275 3 89 53 272
face 0.07036178 64 108 109 234
face 0.07011603 604 594 713 765
face 0.070092425 20 13 81 71
face 0.06992717 0 931 48 995
face 0.069239914 303 -6 392 127
face 0.06913919 -5 -7 24 57
face 0.068982646 19 570 82 635
face 0.06889357 157 200 272 355
face 0.068714164 54 121 90 189
face 0.068660066 378 51 445 123
face 0.06861626 194 348 290 449
face 0.06848442 351 545 431 703
face 0.06847204 75 322 144 459
face 0.06835978 -5 906 40 965
face 0.068288885 372 -11 415 65
face 0.068218745 25 37 74 92
face 0.06812315 244 1 348 77
face 0.06797647 415 -11 489 50
face 0.06791739 73 490 135 606
face 0.06771115 0 563 94 704
face 0.06765347 63 100 99 141
face 0.06760224 185 90 317 222
face 0.067583874 -65 676 120 808
face 0.067488566 403 251 494 454
face 0.06746582 63 601 113 697
face 0.06726061 372 584 418 672
face 0.06718679 80 449 138 543
face 0.06715698 126 224 222 310
face 0.06708651 171 142 278 233
face 0.06692877 323 13 380 106
face 0.066852145 -96 -76 201 190
face 0.06671861 193 26 319 158
face 0.06669205 172 380 272 466
face 0.06667251 697 863 740 967
face 0.066605784 90 508 161 590
face 0.066604316 136 246 247 393
face 0.06655108 284 167 399 338
face 0.06652586 307 32 362 146
face 0.06649056 280 -85 377 147
face 0.06631627 308 625 420 769
face 0.066268384 181 326 262 419
face 0.06621204 673 847 723 969
face 0.06617661 -66 727 120 861
face 0.06615471 -8 143 34 287
face 0.0660275 385 339 441 475
face 0.065994024 597 0 714 137
face 0.065993756 -10 841 28 963
face 0.06597029 239 -13 320 51
face 0.065965295 5 628 188 753
face 0.065873824 127 567 196 688
face 0.06565744 0 538 59 657
face 0.06563787 150 410 249 496
face 0.065611444 55 107 88 154
face 0.06558617 362 21 434 99
face 0.0654578 32 98 68 142
face 0.06534418 63 419 156 568
face 0.06529943 298 99 368 200
face 0.06526975 -2 59 93 267
face 0.065269545 76 -34 262 95
face 0.06526436 284 41 440 218
face 0.06508044 -68 626 114 755
face 0.06506396 65 409 123 480
face 0.06504896 125 661 201 740
face 0.0650338 639 94 783 264
face 0.064976476 645 -11 712 47
