face 0.99724716 212 217 358 430
face 0.43612784 206 116 271 201
face 0.12009409 179 103 229 208
face 0.112851344 64 511 126 605
face 0.112425186 114 427 186 517
face 0.11074632 338 434 400 535
face 0.08937345 185 116 285 295
face 0.08735966 245 115 293 164
face 0.086579375 4 13 32 107
face 0.085186936 3 336 32 438
face 0.084772214 215 3 279 115
face 0.0840418 441 569 470 618
face 0.08396438 174 113 205 217
face 0.083567366 -8 16 14 99
face 0.08143421 -6 418 36 600
face 0.08112997 6 -11 30 44
face 0.0805195 27 210 101 345
face 0.08008897 191 73 285 179
face 0.08004267 18 -9 41 43
face 0.07975452 5 430 63 591
face 0.07966502 155 432 215 516
face 0.07962808 -6 10 33 221
face 0.07911627 3 60 31 156
face 0.07867295 2 387 32 486
face 0.078618154 -8 -15 15 42
face 0.07860634 -8 80 14 164
face 0.07853852 170 260 212 337
face 0.0784546 121 491 184 591
face 0.0784439 229 127 278 183
face 0.0782574 342 393 376 481
face 0.0781859 3 290 31 386
face 0.07802461 60 417 121 527
face 0.07777218 -8 49 14 132
face 0.07751825 -8 115 13 195
face 0.07749595 -8 165 13 245
face 0.077118605 3 437 32 537
face 0.07695058 177 49 242 191
face 0.076768056 352 328 414 431
face 0.07665323 40 365 71 464
face 0.07629122 4 110 31 202
face 0.07595983 278 155 317 195
face 0.0758971 186 90 215 188
face 0.07530392 14 499 45 603
face 0.07502827 29 371 57 460
face 0.07491208 9 -6 60 178
face 0.07484969 4 242 31 332
face 0.07483616 76 291 110 376
face 0.07482679 190 121 250 241
face 0.074794576 197 396 235 465
face 0.074520014 -8 196 13 276
face 0.07446994 143 439 190 504
face 0.074403994 -7 297 13 375
face 0.074299045 -7 264 13 342
face 0.07423983 162 221 193 313
face 0.07423455 -8 230 14 310
face 0.07415847 4 161 31 251
face 0.07415372 260 67 327 176
face 0.07411392 -7 331 14 409
face 0.07405729 165 425 207 486
face 0.074044 265 -1 285 29
face 0.07398 15 388 44 483
face 0.07386488 27 275 104 411
face 0.07376722 -7 208 33 416
face 0.07370891 364 390 399 454
face 0.07353869 50 387 83 482
face 0.073449425 214 -1 236 45
face 0.073430546 2 501 33 605
face 0.07342367 191 153 219 220
face 0.07342188 156 81 214 263
face 0.07331676 30 116 92 304
face 0.07331637 226 -1 248 42
face 0.07322899 13 168 121 379
face 0.07318702 -6 365 14 442
face 0.07317781 14 0 43 86
face 0.07314399 -7 104 33 318
face 0.07314251 446 -8 468 41
face 0.072943375 362 433 400 497
face 0.072915025 93 493 135 564
face 0.07286249 183 410 217 483
face 0.0728135 200 168 273 260
face 0.07278749 118 537 158 607
face 0.07262717 217 2 256 64
face 0.07259527 87 540 134 612
face 0.07255892 169 208 206 300
face 0.072544515 15 159 43 252
face 0.07250175 388 436 421 497
face 0.072311334 288 -1 308 40
face 0.07228211 30 -7 52 42
face 0.07223629 -46 561 79 647
face 0.07218681 273 3 326 124
face 0.0718576 122 51 230 371
face 0.07177074 354 418 387 484
face 0.07176524 7 264 62 434
