face 0.49297807 316 203 517 414
face 0.15566382 273 185 545 569
face 0.13840319 17 98 563 654
face 0.12662771 13 21 315 211
face 0.1242991 384 260 476 381
face 0.12294747 434 220 515 332
face 0.11410942 524 503 566 620
face 0.11054103 62 81 332 303
face 0.10324745 542 510 583 610
face 0.09982107 363 315 435 385
face 0.09857827 276 115 516 351
face 0.09803938 330 291 369 369
face 0.09735947 -5 -13 27 39
face 0.09649501 240 262 317 390
face 0.09593611 529 474 596 613
face 0.09490998 172 193 406 528
face 0.0943865 469 342 558 477
face 0.09352637 225 286 279 371
face 0.0927118 427 121 546 243
face 0.09146857 262 549 350 675
face 0.091097355 319 278 381 391
face 0.09093242 478 508 554 634
face 0.08998349 470 224 523 318
face 0.08530611 392 272 567 580
face 0.08429644 294 -11 357 39
face 0.08140771 2 -10 51 35
face 0.07999267 352 296 395 368
face 0.07988889 79 97 226 451
face 0.07967146 140 123 284 479
face 0.07925952 354 317 466 501
face 0.07862403 450 239 676 478
face 0.07833454 550 475 582 557
face 0.078200586 410 307 472 379
face 0.07796942 553 448 586 495
face 0.077765055 406 69 522 218
face 0.07769504 -26 -43 43 67
face 0.07756753 -7 280 24 377
face 0.07693758 550 466 585 514
face 0.07688151 224 306 471 545
face 0.07684376 240 46 398 152
face 0.07660068 190 544 278 645
face 0.07646384 308 4 483 299
face 0.07625422 245 171 393 273
face 0.07612225 0 275 44 384
face 0.07606404 198 447 243 532
face 0.074774034 240 522 310 583
face 0.07443654 316 271 361 353
face 0.0742496 210 276 293 406
face 0.07412407 410 296 524 502
face 0.07401487 62 491 104 601
face 0.07394721 282 -34 365 59
face 0.07372153 330 321 382 382
face 0.07345777 338 275 415 395
face 0.073336914 152 365 299 472
face 0.07328784 1 -5 46 75
face 0.07325961 531 432 597 552
face 0.07282828 183 616 254 683
face 0.07263729 285 221 333 338
face 0.07226407 497 262 567 409
face 0.07212686 -27 299 124 613
face 0.071923904 379 173 525 276
face 0.07182078 -18 -6 151 258
face 0.07176746 43 158 288 381
face 0.07148393 -8 3 36 55
face 0.07138724 187 274 260 391
