face 0.99995077 94 96 297 407
face 0.13256598 80 46 502 663
face 0.1164403 385 493 454 614
face 0.10983839 262 570 302 650
face 0.093866356 303 507 448 714
face 0.09383354 245 574 289 664
face 0.091331184 427 448 464 562
face 0.09118983 370 456 441 588
face 0.090928674 275 293 319 402
face 0.09055233 -1 4 64 133
face 0.090321705 354 592 419 709
face 0.08471269 413 465 453 574
face 0.08463882 463 47 547 155
face 0.08430591 415 418 454 517
face 0.082754046 187 512 334 713
face 0.08155971 402 442 438 563
face 0.0815486 309 268 348 384
face 0.08130189 382 525 428 625
face 0.08109106 227 577 275 672
face 0.08091177 431 392 500 623
face 0.0807084 364 341 454 572
face 0.079601705 263 238 328 375
face 0.07926686 477 49 534 94
face 0.07883961 273 528 316 624
face 0.07846739 556 440 590 524
face 0.07846681 268 490 358 694
face 0.07826124 220 611 293 710
face 0.0780465 242 324 399 579
face 0.07799706 555 277 587 357
face 0.07783379 400 384 466 527
face 0.07742846 380 255 423 369
face 0.077285446 289 515 333 622
face 0.077190705 247 600 320 709
face 0.07695475 372 478 445 687
face 0.07686657 217 589 261 693
face 0.076657414 398 417 440 513
face 0.07605326 249 304 319 436
face 0.07569789 288 567 330 665
face 0.075444214 364 429 408 520
face 0.075347856 444 422 478 523
face 0.07525691 376 237 444 428
face 0.075170025 323 584 393 712
face 0.07505036 540 270 570 363
face 0.0750206 273 598 320 676
face 0.07482505 305 221 371 347
face 0.0744903 430 529 512 706
face 0.07446522 383 442 423 556
face 0.07430114 320 244 357 353
face 0.07376769 176 32 261 157
face 0.073722765 408 44 491 167
face 0.07357628 376 339 531 702
face 0.07353942 433 304 510 497
face 0.0734583 290 263 333 387
face 0.07329686 421 681 485 742
face 0.07321331 3 41 44 169
face 0.07314077 321 286 358 397
face 0.07289275 339 344 376 471
face 0.07283242 90 401 132 521
face 0.07283186 498 294 567 416
face 0.07267935 381 366 422 492
face 0.07240434 125 468 287 729
face 0.07234425 304 138 347 239
face 0.07208965 322 329 360 448
face 0.07205411 444 383 479 484
face 0.07200705 352 342 391 467
face 0.071779534 397 344 437 461
face 0.07177615 208 686 246 732
face 0.07176076 321 356 466 700
face 0.071710505 278 91 344 224
face 0.07169828 202 589 244 674
face 0.07162352 129 276 218 343
face 0.07162195 432 631 492 704
face 0.071484186 463 523 552 704
face 0.07136431 388 611 454 704
face 0.071344994 29 64 77 152
face 0.07134203 64 313 104 421
face 0.07130333 280 384 355 624
face 0.07123281 486 68 568 253
face 0.07115518 238 342 393 447
face 0.07114585 312 424 387 663
face 0.071042255 1 404 48 486
face 0.07095356 114 465 272 561
face 0.07092362 366 532 410 633
