face 0.9953282 1836 1369 2231 1887
face 0.12597112 55 408 2421 2848
face 0.1246018 452 1142 501 1232
face 0.12312529 527 1150 575 1237
face 0.119166955 475 1161 525 1252
face 0.114399455 466 1211 518 1310
face 0.11414914 418 1137 468 1233
face 0.1136548 555 1186 603 1269
face 0.11316661 1359 1132 1426 1241
face 0.11257619 1313 1162 1382 1270
face 0.11216221 544 1213 597 1320
face 0.11201111 588 1219 646 1328
face 0.11134533 593 1160 643 1246
face 0.11127883 626 1196 676 1281
face 0.11110954 474 1122 529 1207
face 0.11064174 348 1144 396 1239
face 0.11033796 642 1216 703 1325
face 0.10987281 520 1078 578 1167
face 0.109424874 2098 2342 2345 2921
face 0.10923557 444 1080 501 1171
face 0.10911547 487 1217 541 1317
face 0.10906263 411 1210 460 1307
face 0.10888215 300 1177 348 1273
face 0.10882706 1383 1119 1454 1235
face 0.108654186 422 1180 472 1287
face 0.10859294 615 1227 674 1324
face 0.10826849 349 1223 397 1317
face 0.10793236 1397 1066 1458 1162
face 0.10760383 933 1135 982 1233
face 0.10750746 363 1112 416 1209
face 0.107284315 656 1163 707 1251
face 0.10697241 403 1076 458 1172
face 0.10684184 1417 1088 1476 1187
face 0.106725246 335 1270 387 1381
face 0.10671782 541 1170 591 1255
face 0.106663376 285 1214 334 1319
face 0.10631225 551 1116 605 1197
face 0.105973855 416 1256 470 1366
face 0.10581494 402 1305 457 1405
face 0.10532326 308 1227 355 1316
face 0.10532159 306 1316 358 1408
face 0.10471263 275 1168 326 1271
face 0.10471231 583 1072 643 1161
face 0.104686104 883 1157 931 1253
face 0.104512036 350 1315 405 1412
face 0.10409231 605 1176 657 1263
face 0.103774786 1472 1060 1529 1159
face 0.10367919 673 1196 725 1287
face 0.10354863 921 1070 973 1163
face 0.10349134 293 1104 346 1203
face 0.1030525 1331 1110 1390 1203
face 0.10299686 614 1110 669 1193
face 0.10298698 641 1068 700 1158
face 0.102454305 288 1266 339 1370
face 0.102056146 1439 1097 1511 1227
face 0.10203125 447 1289 514 1397
face 0.10195586 881 1098 932 1192
face 0.10192825 865 1144 916 1247
face 0.1018766 340 1067 394 1164
face 0.101872474 277 1302 334 1403
face 0.1017386 821 1161 868 1257
face 0.10150031 1426 1019 1486 1124
face 0.101459 713 1163 765 1257
face 0.10134351 911 1205 964 1304
face 0.10103919 1378 979 1443 1079
face 0.10074589 790 1153 842 1251
face 0.10072805 823 1096 873 1190
face 0.10046413 686 1208 753 1322
face 0.10032059 1394 1023 1455 1124
face 0.10000916 509 1263 594 1393
face 0.09985047 1273 1166 1361 1285
face 0.09985047 1304 1075 1361 1175
face 0.099609025 869 1185 920 1298
face 0.09954467 1058 1256 1203 1504
face 0.09941921 219 1303 277 1405
face 0.09939299 927 1185 982 1299
face 0.09927322 924 1251 980 1365
face 0.099096715 1327 1006 1390 1107
face 0.09908739 1519 1092 1573 1187
face 0.098895304 857 1065 910 1161
face 0.09875387 946 1315 999 1419
face 0.09865703 334 1339 392 1456
face 0.09859916 958 1137 1012 1235
face 0.0985229 933 1103 991 1201
face 0.09847962 1276 1124 1338 1209
face 0.09840646 745 1183 796 1279
face 0.0982869 1541 1062 1597 1156
face 0.097990416 283 1338 340 1450
face 0.0978338 238 1172 289 1274
face 0.097731285 1227 1140 1312 1254
face 0.09772603 1185 1153 1268 1273
face 0.097615354 1465 982 1528 1083
face 0.09738096 670 1101 725 1190
face 0.09687719 1469 1107 1541 1232
face 0.09682527 227 1225 277 1321
face 0.096665435 1260 1162 1324 1266
face 0.09664953 1237 1192 1335 1344
face 0.09647116 969 1214 1021 1307
face 0.096454136 1041 1148 1143 1288
face 0.09635754 927 1338 985 1474
face 0.09628346 1393 1356 1541 1588
face 0.09597506 701 1065 759 1159
face 0.09592446 1346 1154 1441 1320
face 0.09576095 352 1012 409 1105
face 0.095747896 2231 1059 2290 1161
face 0.095556304 1421 1163 1518 1344
face 0.095482565 2346 1196 2434 1332
face 0.09540878 1093 1146 1193 1289
face 0.095274605 1302 1255 1416 1413
face 0.0951534 1214 1279 1343 1451
face 0.0951461 731 1148 781 1246
face 0.09507703 472 1254 553 1379
face 0.09487558 2197 1070 2254 1179
face 0.09485281 711 1201 778 1313
face 0.094731264 2402 1084 2480 1249
face 0.09467151 2347 1116 2412 1249
face 0.09463342 2342 1074 2402 1183
face 0.09458607 782 1067 840 1163
face 0.09455005 2418 1038 2500 1189
face 0.09437757 747 1093 800 1188
face 0.09435294 1516 1123 1586 1245
face 0.09433893 804 1187 852 1299
face 0.09429767 408 1010 472 1103
face 0.09420238 887 1301 944 1406
face 0.09403995 1520 1008 1579 1115
face 0.093958534 2291 1069 2357 1184
face 0.093889944 326 975 390 1076
face 0.09388488 1339 1246 1447 1473
face 0.09387384 1091 1086 1192 1228
face 0.093799084 201 1324 264 1450
face 0.09371834 1220 1072 1297 1172
face 0.0936092 548 1250 651 1392
face 0.09356625 1418 1299 1525 1512
face 0.09351554 1133 1126 1237 1264
face 0.09349186 2328 1239 2430 1427
face 0.09344119 206 1264 261 1380
face 0.09333936 376 974 442 1074
face 0.093327045 958 1062 1020 1160
face 0.0933227 988 1309 1041 1405
face 0.09326454 2250 1071 2312 1179
face 0.09319939 913 1452 982 1587
face 0.09315524 1569 1119 1632 1240
face 0.09311903 2229 1116 2293 1223
face 0.09308091 1587 1073 1650 1183
face 0.0930737 2186 1123 2248 1230
face 0.0930685 868 1235 926 1359
face 0.09302686 182 1216 242 1325
face 0.09301829 835 1206 894 1312
face 0.0927585 284 1013 345 1112
face 0.092747584 982 1085 1061 1199
face 0.09262806 1030 1068 1140 1216
face 0.09254372 2319 1053 2383 1161
face 0.09252642 2273 1058 2334 1161
face 0.09252436 2174 1094 2231 1218
face 0.092346326 2067 2511 2271 2902
face 0.092190154 2286 864 2362 1052
face 0.09212188 271 1087 328 1192
face 0.092114374 266 1363 344 1486
face 0.09205179 1086 1208 1180 1351
face 0.092019424 1081 1383 1246 1638
face 0.09194337 2431 939 2506 1089
face 0.09188162 1551 970 1616 1078
face 0.09182215 1641 1044 1707 1150
face 0.09177713 372 1365 444 1477
face 0.09175708 976 1153 1048 1264
face 0.09168492 234 1096 291 1200
face 0.09162605 2415 975 2488 1141
face 0.09157987 2383 1183 2487 1370
face 0.09157455 971 1382 1034 1504
face 0.091559224 430 967 503 1070
face 0.09151799 945 1390 1008 1531
face 0.091473326 466 1010 534 1105
face 0.09142182 179 1292 252 1411
face 0.09137213 1185 1108 1261 1212
face 0.0913263 2337 1166 2407 1283
face 0.091218606 1023 1298 1319 1759
face 0.091217294 931 1388 1064 1758
face 0.09118981 2170 1023 2231 1164
face 0.09103299 586 1241 702 1392
face 0.09090649 2331 855 2395 981
face 0.090781055 924 1303 980 1401
face 0.09075614 1039 1275 1156 1439
face 0.090707995 889 1413 947 1533
face 0.090598874 2306 837 2379 998
face 0.09055395 1123 1055 1227 1186
face 0.09054538 800 1012 863 1113
