face 0.9686525 112 131 166 204
face 0.12962992 288 161 317 202
face 0.12010787 267 153 324 216
face 0.11949007 244 171 260 184
face 0.11898505 258 169 273 183
face 0.117400676 241 164 259 178
face 0.11390879 243 174 261 191
face 0.10975641 69 239 103 283
face 0.10882087 257 163 274 177
face 0.107467294 276 170 299 195
face 0.104287066 67 151 100 198
face 0.101342596 275 179 297 203
face 0.10007108 273 166 291 185
face 0.09925093 43 300 77 350
face 0.098942496 127 208 191 266
face 0.09866114 233 169 251 184
face 0.097249724 254 175 273 193
face 0.09574441 261 173 280 190
face 0.094970495 51 164 109 224
face 0.09490884 232 173 247 191
face 0.09479259 275 190 293 210
face 0.09435821 35 178 56 203
face 0.09421771 26 182 58 219
face 0.093565755 41 176 59 193
face 0.09205733 287 183 307 209
face 0.09057558 241 158 262 173
face 0.09053392 282 192 301 209
face 0.090499274 79 153 111 213
face 0.09035589 258 158 278 172
face 0.09034911 231 164 251 178
face 0.089754514 252 180 275 202
face 0.08916544 155 221 196 269
face 0.08902901 372 133 397 154
face 0.08897409 237 173 254 194
face 0.08895797 2 264 60 341
face 0.08872048 273 161 295 179
face 0.088616736 232 138 299 196
face 0.08841846 453 76 479 105
face 0.08839375 226 171 242 188
face 0.08839301 295 196 312 215
face 0.08823001 16 178 44 214
face 0.08814903 323 165 340 181
face 0.08806777 78 250 109 299
face 0.08800784 222 158 243 172
face 0.08799634 16 294 74 356
face 0.08787488 48 150 88 175
face 0.08721852 28 145 98 205
face 0.087184876 243 179 264 197
face 0.08714673 54 289 90 341
face 0.08657286 306 163 326 183
face 0.08640836 236 80 258 95
face 0.08639971 38 167 62 189
face 0.08581259 255 188 278 210
face 0.084417924 18 174 41 199
face 0.08426296 281 158 313 185
face 0.08420973 310 198 326 222
face 0.08409446 443 79 468 105
face 0.08382437 238 86 255 99
face 0.08376784 425 79 450 106
face 0.08370721 396 134 420 156
face 0.08339407 62 167 90 207
face 0.083132304 415 82 439 105
face 0.08277363 43 177 76 221
face 0.082727514 61 162 88 182
face 0.08262257 59 173 82 191
face 0.08262203 323 178 336 199
face 0.08238431 399 121 422 143
face 0.08224068 213 170 230 191
face 0.08218103 91 106 107 122
face 0.08214647 370 140 400 163
face 0.082050465 230 162 296 217
face 0.082025945 382 132 409 154
face 0.08170359 102 99 120 112
face 0.081385426 137 111 162 131
face 0.08134073 461 73 487 108
face 0.08123992 426 116 451 141
face 0.081131786 46 168 69 192
face 0.08106705 338 165 354 181
face 0.08102418 395 56 465 158
face 0.08087905 97 101 114 115
face 0.08080411 60 246 91 291
face 0.08079013 27 280 62 341
face 0.080783375 397 146 424 174
face 0.080700725 13 188 53 227
face 0.08069834 51 164 76 186
face 0.08045657 26 174 52 192
face 0.0804541 89 110 107 130
face 0.080413625 281 198 304 216
face 0.08039758 60 147 105 178
face 0.08036674 213 155 234 171
face 0.08035024 240 153 262 166
face 0.08027825 418 118 439 141
face 0.080094464 373 127 397 144
face 0.08008395 300 201 316 216
face 0.07993436 225 87 240 100
face 0.079909235 423 102 450 130
face 0.079687506 262 168 279 180
face 0.07924874 278 165 303 183
face 0.0791961 255 152 277 166
face 0.079139866 223 166 240 183
face 0.079034634 52 135 94 171
face 0.07901258 324 169 337 188
face 0.07900664 416 173 487 231
face 0.07898619 229 178 246 197
face 0.0789573 398 156 422 185
face 0.07868339 131 118 166 154
face 0.07865147 270 156 289 173
face 0.07857873 447 81 479 120
face 0.07857415 423 55 480 115
face 0.078565724 42 137 76 171
face 0.07853985 476 77 502 109
face 0.07853476 209 138 228 151
face 0.07851273 80 107 96 124
face 0.07843278 358 135 386 151
face 0.07841717 101 106 120 120
face 0.078376524 169 203 203 257
