face 0.99900836 238 215 538 617
face 0.1175158 15 112 697 836
face 0.11227476 25 765 110 951
face 0.10885695 502 722 551 832
face 0.10183425 486 655 574 822
face 0.08409466 -9 658 27 800
face 0.08328698 -9 718 27 846
face 0.083232984 695 847 745 965
face 0.082389496 521 724 573 837
face 0.081867896 483 707 535 846
face 0.07996407 526 713 612 909
face 0.079938985 -4 892 39 968
face 0.0793978 181 693 261 768
face 0.07934984 168 709 234 808
face 0.07908481 113 124 291 604
face 0.07702371 499 784 597 964
face 0.075884216 488 -103 682 268
face 0.075004995 -8 351 27 496
face 0.074423105 -8 787 34 918
face 0.07426136 224 686 306 773
face 0.07382874 -8 175 27 316
face 0.07375727 0 778 55 940
face 0.07325331 502 475 554 634
face 0.0732169 3 711 51 865
face 0.07070101 501 183 553 303
face 0.06965643 403 -113 599 268
face 0.069608785 -8 480 27 624
face 0.069538355 163 -98 376 239
face 0.06941217 173 792 273 951
face 0.0693981 322 -112 527 262
face 0.069300175 -10 925 41 993
face 0.06903744 614 423 805 555
face 0.0689685 622 759 783 934
face 0.06858104 693 -16 749 47
face 0.06821812 136 712 231 865
face 0.06765997 706 294 739 371
face 0.06752672 677 796 763 962
face 0.06724865 618 522 806 653
face 0.06716654 51 838 120 953
face 0.06695826 561 689 650 874
face 0.0669079 260 526 349 616
face 0.066742934 -8 278 27 419
face 0.06651543 311 632 433 799
face 0.066418335 208 669 287 745
face 0.0663657 616 321 802 448
face 0.0662714 -8 581 27 728
face 0.06589503 263 560 336 635
face 0.065841645 96 -12 301 391
face 0.06576845 675 883 722 968
face 0.0657013 244 546 309 650
face 0.0655821 210 700 277 805
face 0.065558374 -72 876 126 1010
face 0.06534525 8 -21 96 56
face 0.06531457 218 812 333 953
face 0.06529003 521 750 574 920
face 0.06522051 616 273 720 495
face 0.0651308 608 666 714 938
face 0.06502371 310 737 404 823
face 0.06498404 216 490 264 618
face 0.06482938 502 749 554 917
face 0.064813964 540 721 599 844
face 0.06478698 155 700 228 766
face 0.0647743 197 46 383 211
face 0.06472936 265 856 359 949
face 0.06463523 343 406 471 590
face 0.064625844 99 816 189 957
face 0.064625114 278 815 396 951
face 0.064608686 555 739 615 871
face 0.06460817 501 238 584 405
face 0.06459922 56 758 118 874
face 0.06459264 442 710 528 893
face 0.06458574 314 403 391 505
face 0.064534344 617 370 807 500
face 0.06440478 485 774 534 940
face 0.06436662 703 437 742 526
face 0.06434893 130 890 198 961
face 0.06434792 542 272 589 367
face 0.06430365 160 860 240 949
face 0.06427925 54 334 137 631
face 0.0642562 712 269 748 322
face 0.06414765 62 766 146 948
face 0.064144015 173 702 265 863
face 0.06410809 699 620 746 745
face 0.06409351 615 643 674 766
face 0.064043365 636 558 786 715
face 0.063944705 712 242 748 298
face 0.06394397 584 734 669 927
face 0.063917354 38 587 145 788
