face 0.9999926 1072 7 1908 981
face 0.124708325 424 47 2095 1895
face 0.12449175 44 189 640 834
face 0.108691625 694 12 1320 983
face 0.0965058 347 -32 1035 858
face 0.0964643 80 239 1227 767
face 0.09507588 2122 961 2462 1321
face 0.09376442 -51 99 554 401
face 0.092163876 75 285 409 662
face 0.09151387 2213 1686 2507 1860
face 0.09140562 -23 24 898 638
face 0.08791892 2052 858 2380 1247
face 0.08750912 297 874 662 1455
face 0.085608006 491 -1 802 272
face 0.08548394 -73 38 303 486
face 0.08236874 134 74 496 604
face 0.0811875 1870 7 2175 397
face 0.08019542 -4 -11 339 314
face 0.07785211 2504 -25 2653 84
face 0.07769448 2192 1510 2528 1820
face 0.07736281 1975 1178 2303 1532
face 0.076666884 1562 36 1884 351
face 0.07542041 2549 435 2661 541
face 0.07488781 32 1 332 164
face 0.074215226 -16 781 107 1021
face 0.07366266 -7 594 100 696
face 0.07323893 -35 218 572 508
face 0.073215224 2192 1328 2383 1610
face 0.072960794 263 343 676 968
face 0.072650105 2105 1344 2317 1570
face 0.07257669 2523 1139 2637 1310
face 0.07255247 14 410 659 694
face 0.07231565 68 -27 310 99
face 0.07199668 273 441 1033 1319
face 0.07196712 118 529 584 1000
face 0.071824595 2539 485 2660 592
face 0.07151248 2 651 101 741
face 0.0710208 2303 1603 2539 1832
face 0.07086782 2518 414 2629 591
face 0.07077597 2508 1389 2633 1565
face 0.070753016 2535 587 2665 698
face 0.07074884 2515 568 2638 751
face 0.07059618 2547 1154 2666 1259
face 0.07047381 2541 536 2665 642
face 0.07045684 458 -35 703 99
face 0.07042252 2547 1100 2670 1207
face 0.07038078 1501 246 1810 640
face 0.070046194 1863 790 2039 1109
face 0.06993689 2545 382 2657 489
face 0.06989091 2514 298 2632 497
face 0.06987257 2539 328 2661 444
face 0.069849715 22 208 192 447
face 0.069821596 1859 593 2029 909
face 0.06970863 2473 1720 2643 1925
face 0.069558285 1568 360 1756 616
face 0.0694808 2095 14 2465 356
face 0.06947758 1980 1008 2344 1394
face 0.06926851 -7 680 98 843
face 0.06926847 2190 679 2508 1015
face 0.06911026 2131 1406 2450 1740
face 0.06909765 -24 521 75 689
face 0.06907257 138 518 811 804
face 0.06892282 33 486 174 712
face 0.068916745 2039 1298 2367 1626
face 0.06890601 1986 663 2325 1047
face 0.06884862 2510 1495 2637 1667
face 0.068823524 2487 19 2640 143
face 0.068823524 95 196 268 446
face 0.06881578 561 -41 743 146
face 0.068536945 2528 1353 2664 1467
face 0.06850511 196 195 442 463
face 0.06845556 2518 1024 2640 1211
face 0.06837736 29 380 418 838
