face 0.9964141 243 212 519 605
face 0.11975381 15 114 698 837
face 0.11168615 228 500 287 612
face 0.109340064 538 834 593 916
face 0.10474428 391 377 498 535
face 0.08874309 219 448 306 616
face 0.08539919 203 513 274 596
face 0.08426259 406 233 516 390
face 0.08350546 404 97 558 267
face 0.08313302 554 837 607 944
face 0.082509734 583 803 618 896
face 0.08240442 441 571 498 681
face 0.082002245 209 571 272 671
face 0.08081913 234 2 345 127
face 0.08002236 9 856 75 954
face 0.0798275 701 723 739 811
face 0.079261884 702 772 739 860
face 0.077999935 195 541 251 653
face 0.077569515 563 829 598 898
face 0.07750443 172 544 242 610
face 0.07622525 153 516 253 645
face 0.07582072 -73 881 116 1012
face 0.07429983 579 858 631 944
face 0.07376953 317 207 433 340
face 0.07328269 697 -15 746 44
face 0.07300989 440 198 500 319
face 0.07151615 228 585 289 711
face 0.07125853 412 595 484 706
face 0.07044208 12 7 84 82
face 0.07024933 206 437 267 560
face 0.0702469 243 521 309 632
face 0.06991039 165 -103 375 250
face 0.06986278 525 841 578 942
face 0.06977897 13 -16 219 406
face 0.06966749 251 -53 395 119
face 0.06935512 -21 -83 63 177
face 0.06863019 92 -16 301 396
face 0.06819553 678 681 762 833
face 0.06816319 179 3 295 136
face 0.06786403 257 609 334 691
face 0.06766162 -69 -33 125 90
face 0.06760245 461 562 517 690
face 0.06760135 226 545 291 653
face 0.06756718 391 131 499 258
face 0.06738942 245 -115 454 237
face 0.0672024 555 812 603 870
face 0.066984795 481 161 567 341
face 0.06690563 -66 834 111 961
face 0.06677264 382 633 477 724
face 0.06676649 706 830 747 887
face 0.06672114 543 826 586 886
face 0.0665305 358 7 435 74
face 0.06637091 12 588 91 668
face 0.06607072 356 -9 403 38
face 0.066037655 521 184 566 316
face 0.06593756 610 880 805 1014
face 0.0659301 462 549 562 710
face 0.06589137 235 434 285 565
face 0.065875016 322 271 421 357
face 0.065843984 459 141 515 253
face 0.06577083 621 553 717 846
face 0.0657589 362 29 431 99
face 0.06569317 642 929 701 999
face 0.065685764 237 583 315 667
face 0.065685675 243 351 378 525
face 0.065653935 -63 726 121 857
face 0.065620504 492 438 605 615
face 0.065571755 423 566 484 637
face 0.06542524 -11 886 40 968
face 0.06528787 -7 32 30 155
face 0.06525074 401 79 491 156
face 0.06521409 354 637 472 784
face 0.06510562 313 542 439 686
face 0.06506679 681 751 763 917
face 0.06500813 458 462 522 583
face 0.064989224 353 389 430 506
face 0.06490612 416 159 514 309
face 0.064877145 549 783 631 936
face 0.0648591 518 263 570 423
face 0.06484474 554 610 701 770
face 0.06482337 337 -9 377 35
face 0.06480681 623 467 817 608
face 0.06477757 281 625 349 734
face 0.06470114 548 -103 744 275
face 0.064670965 565 493 678 663
face 0.06466579 368 -10 428 43
face 0.0646271 25 -9 77 44
face 0.06461007 447 103 523 175
face 0.06457919 620 623 811 759
face 0.06457887 266 211 343 326
face 0.06452713 491 533 601 678
face 0.0644837 621 676 808 811
face 0.064406656 600 858 652 947
face 0.06428179 2 908 58 1012
