face 0.9999639 316 1 595 399
face 0.99995697 65 92 254 387
face 0.11351125 21 94 581 703
face 0.113509044 62 -11 113 40
face 0.0911016 18 0 87 67
face 0.08956828 -2 5 34 67
face 0.087790236 -24 -5 48 117
face 0.08604386 47 -16 94 47
face 0.08454777 -5 -14 25 50
face 0.08169471 24 343 92 489
face 0.08102674 83 317 167 474
face 0.07961865 -5 33 28 125
face 0.07849864 91 -10 152 42
face 0.07761183 0 3 75 149
face 0.077039845 4 314 73 467
face 0.07632621 63 72 155 219
face 0.075825065 45 -42 123 68
face 0.07532353 5 -13 44 58
face 0.07512935 86 2 164 63
face 0.07434369 36 693 118 799
face 0.074129306 14 -13 70 42
face 0.07406036 55 2 118 60
face 0.073608726 142 483 219 631
face 0.07359706 4 -3 136 170
face 0.07357812 161 550 205 656
face 0.07337905 578 -13 623 38
face 0.07334423 96 91 203 220
face 0.07308086 539 -13 596 43
face 0.07264185 151 -10 217 42
face 0.07263266 -58 -24 98 76
face 0.07216307 284 506 364 648
face 0.07208072 582 723 616 801
face 0.071625434 555 -52 635 85
face 0.071243055 -6 360 26 461
face 0.07119921 -1 776 39 829
face 0.07071818 124 -10 190 43
face 0.07048165 -4 754 33 803
face 0.070378095 7 -27 145 86
face 0.069051884 133 416 225 584
face 0.06861604 -6 91 26 183
face 0.06857411 30 19 81 133
face 0.06848485 -8 289 30 409
face 0.068444364 583 488 620 603
face 0.06827436 37 441 104 516
face 0.0682174 -5 172 60 334
face 0.0681491 142 2 225 63
face 0.067828074 -8 701 24 803
face 0.067664705 75 20 179 150
face 0.06744258 276 221 345 370
face 0.067345485 584 429 620 540
face 0.067262076 411 442 477 512
face 0.06705268 118 474 187 629
face 0.06692517 305 441 381 610
face 0.06685924 -5 249 62 412
face 0.066806585 144 561 192 650
face 0.06665083 0 17 57 85
face 0.066562384 82 -15 122 52
face 0.06654164 208 63 252 181
face 0.066367336 94 380 185 526
face 0.06629768 -9 -45 65 75
face 0.06610094 132 -27 285 85
face 0.06579893 65 613 154 800
face 0.06574109 289 329 335 460
face 0.06568037 238 360 311 521
face 0.065627135 39 8 97 97
face 0.065616235 410 362 504 505
face 0.06558856 157 477 312 590
face 0.06552414 198 -6 388 297
face 0.06541113 583 554 624 617
face 0.06527129 66 -44 154 110
face 0.065251306 259 330 301 457
face 0.065195985 -40 557 128 854
face 0.06509545 563 690 635 815
face 0.06501016 583 84 621 191
face 0.06495539 132 513 292 635
face 0.06488185 370 252 459 323
face 0.06485423 568 514 633 656
face 0.06473584 585 709 624 763
face 0.06469583 -7 450 22 556
face 0.06455251 563 453 600 596
face 0.064549856 480 579 579 799
face 0.06453112 57 740 123 801
face 0.06437796 508 -28 668 78
face 0.0643551 -4 432 27 484
face 0.06426555 434 15 541 148
face 0.06422659 9 35 69 109
face 0.064195216 459 188 566 337
