face 0.99987316 111 192 873 1304
face 0.17173669 456 671 1251 1850
face 0.11934208 1067 1789 1303 2094
face 0.11363655 -6 24 228 378
face 0.11162568 1079 1846 1255 2027
face 0.1106827 1116 1801 1295 1966
face 0.09846015 1131 1796 1262 1902
face 0.096294574 1087 1793 1204 1892
face 0.092926696 323 1146 518 1318
face 0.09236236 1196 1731 1265 1829
face 0.090278886 1031 1758 1079 1833
face 0.08786028 1206 1805 1271 1897
face 0.087194666 1076 1761 1127 1833
face 0.08509998 1092 1921 1282 2118
face 0.08420802 1240 1733 1301 1831
face 0.082819864 868 78 975 299
face 0.0817697 1187 1814 1284 1943
face 0.08081964 1075 1713 1137 1789
face 0.08035853 182 -3 459 185
face 0.0803131 1025 1715 1080 1791
face 0.0801563 1195 1781 1264 1861
face 0.07997571 1051 1794 1185 1939
face 0.079722114 764 82 912 296
face 0.07868035 1115 1750 1176 1831
face 0.07859905 1180 1683 1267 1796
face 0.07844768 1238 1811 1293 1894
face 0.07801195 16 12 204 188
face 0.07794935 1140 1771 1222 1857
face 0.077943526 1148 1736 1218 1829
face 0.07785389 1050 1792 1119 1881
face 0.077536665 1280 1814 1337 1933
face 0.07744609 823 -10 1007 297
face 0.07740845 995 1740 1042 1824
face 0.07670356 173 701 304 947
face 0.07656212 137 652 256 977
face 0.07636904 1103 1703 1181 1790
face 0.0762652 705 48 906 229
face 0.076039016 160 490 390 848
face 0.07598492 -31 18 98 168
face 0.075960144 792 528 1000 916
face 0.07595194 1136 1687 1226 1792
face 0.075723544 208 1070 348 1291
face 0.07554517 1231 1683 1309 1796
face 0.075317994 307 1321 427 1618
face 0.07489953 1107 1777 1181 1856
face 0.0747074 586 -27 764 115
face 0.07466014 1232 1773 1291 1853
face 0.07460205 1284 1793 1334 1884
face 0.07446804 1030 1730 1268 1999
face 0.07439177 582 1607 765 1790
face 0.07430493 1040 1684 1100 1758
face 0.07427878 1071 1682 1146 1761
face 0.07411229 994 1838 1084 2011
face 0.07378576 1177 1987 1300 2160
face 0.07375039 903 529 1020 834
face 0.073693834 -15 48 88 343
face 0.07364672 214 1397 346 1636
face 0.073559314 9 -20 138 110
face 0.07350844 200 640 357 894
face 0.073292576 3 139 136 501
face 0.073211916 1572 -29 1683 97
face 0.07311462 1000 1709 1048 1782
face 0.072910205 935 1175 1372 1468
face 0.07286217 1589 1792 1691 1945
face 0.07284862 318 1275 507 1643
face 0.07266228 911 58 1020 348
face 0.07263932 523 95 904 475
face 0.07262152 806 36 934 247
face 0.07209718 1262 1813 1356 2060
face 0.072071955 1019 1740 1061 1805
face 0.071996905 956 1684 1013 1804
face 0.07181931 546 1537 785 1861
face 0.07171095 262 1424 384 1734
face 0.07154866 1007 1681 1060 1753
face 0.0715349 1525 1629 1628 1956
face 0.07121163 342 1400 767 1691
face 0.07106234 272 739 469 920
face 0.070914656 961 496 1062 702
face 0.07084777 1253 1786 1321 1875
face 0.07082172 1027 1814 1144 2004
face 0.07082157 602 9 822 163
face 0.070721164 975 1671 1034 1755
face 0.070671014 1285 1714 1346 1827
face 0.07064414 1094 1671 1191 1763
face 0.07061059 48 316 273 696
face 0.07054915 682 827 1191 1581
face 0.07051433 524 1678 650 1942
face 0.070470944 166 1251 308 1453
face 0.070266485 259 1358 387 1596
face 0.07006307 146 -31 343 124
face 0.07003648 964 1479 1065 1700
face 0.06997603 1153 1519 1389 1883
face 0.06990475 89 2 325 180
face 0.069819055 133 1295 334 1642
face 0.06979514 260 1188 393 1370
face 0.06978653 1015 1794 1088 1941
face 0.06953547 1128 1982 1256 2153
face 0.069361925 922 389 1024 666
face 0.069339 916 1464 1015 1693
face 0.069162525 524 6 742 173
face 0.06912527 400 757 659 1118
face 0.06903391 482 -19 632 106
