face 0.99998343 202 253 476 653
face 0.120719925 16 113 700 835
face 0.112782665 2 396 108 732
face 0.11230578 251 831 304 960
face 0.10566923 693 848 743 968
face 0.08855886 174 760 256 946
face 0.08751563 -1 -5 97 163
face 0.086616956 216 600 265 724
face 0.08393504 238 522 343 647
face 0.08351247 690 923 748 997
face 0.08330569 251 746 301 917
face 0.082045086 168 786 227 921
face 0.08122301 -10 44 57 330
face 0.08101326 215 657 271 760
face 0.079712585 -29 752 50 907
face 0.07959412 294 770 345 932
face 0.078466915 195 725 244 870
face 0.07732213 -11 804 28 920
face 0.07724053 236 776 284 931
face 0.07693749 177 281 233 412
face 0.076598756 171 697 230 815
face 0.076510355 214 793 299 957
face 0.075350314 130 737 224 915
face 0.07456336 242 581 322 656
face 0.07397548 191 567 249 673
face 0.07384292 226 859 292 948
face 0.073722355 247 412 379 567
face 0.07354106 264 861 327 947
face 0.07343905 273 745 322 911
face 0.073409654 217 576 272 668
face 0.07315079 386 759 480 846
face 0.07304898 15 -12 84 49
face 0.07288678 192 666 248 802
face 0.072670184 234 688 286 874
face 0.07252296 177 622 232 750
face 0.072344 240 602 293 692
face 0.07231028 -3 820 138 971
face 0.07180085 475 -103 684 254
face 0.07174536 161 600 253 771
face 0.071713924 235 925 291 994
face 0.07160188 -11 741 31 859
face 0.071435966 86 748 191 911
face 0.07129035 210 261 281 381
face 0.07117478 6 0 91 84
face 0.07106672 0 582 100 781
face 0.07079703 271 663 325 812
face 0.070637785 704 672 749 737
face 0.070456155 221 887 267 961
face 0.07030468 171 741 228 865
face 0.07015524 214 752 263 904
face 0.07010984 148 686 212 782
face 0.07002454 213 558 283 635
face 0.070016354 218 243 330 403
face 0.06991039 280 714 360 898
face 0.06986691 231 506 325 597
face 0.06980875 86 -28 284 101
face 0.0698074 -44 95 90 260
face 0.06969779 213 680 265 825
face 0.06956723 389 -102 606 237
face 0.06950534 252 667 304 843
face 0.06926823 -24 -69 73 152
face 0.06926635 197 574 285 746
face 0.06916988 181 264 277 447
face 0.06913628 -96 -76 198 187
face 0.068971075 234 -100 462 227
face 0.06858159 703 698 749 759
face 0.06837153 -12 858 33 948
face 0.06834224 -12 -98 287 250
face 0.06827417 619 53 806 198
face 0.068262495 195 256 249 391
face 0.06817012 257 799 337 954
face 0.06801235 -29 830 53 971
face 0.06799592 312 860 398 949
face 0.06794804 236 634 284 746
face 0.06792404 307 327 421 484
face 0.06781173 683 789 723 939
face 0.067641266 695 -16 749 46
face 0.06761574 680 892 725 971
