face 0.9990608 706 513 1221 1251
face 0.11939485 29 258 1574 1887
face 0.11931544 887 221 1248 594
face 0.1110213 689 1202 890 1579
face 0.107473105 874 110 1123 278
face 0.08629077 994 320 1223 646
face 0.0861779 977 37 1055 145
face 0.0860661 852 -11 997 104
face 0.08504428 20 1735 244 2131
face 0.08486742 509 985 642 1232
face 0.08362337 -15 -32 58 147
face 0.08309019 0 434 58 651
face 0.082434446 883 27 971 140
face 0.082315534 131 1416 332 1792
face 0.081416324 889 97 1224 455
face 0.080601804 795 506 1082 834
face 0.08039553 1011 78 1186 220
face 0.0803483 711 45 984 346
face 0.080139175 866 881 1183 1227
face 0.079627715 -4 350 59 560
face 0.07886119 926 31 1009 142
face 0.078209214 715 -10 839 104
face 0.07756197 774 1678 966 2069
face 0.077544376 479 885 600 1164
face 0.07748255 569 950 683 1256
face 0.07748091 636 6 704 152
face 0.07719165 911 -8 1046 103
face 0.07634425 740 68 938 233
face 0.07628555 736 1286 862 1507
face 0.07583867 772 -10 915 104
face 0.07556303 1222 367 1318 724
face 0.075364664 1080 455 1264 881
face 0.07518891 1008 541 1242 975
face 0.07514185 437 1055 576 1295
face 0.07495755 822 6 941 120
face 0.07489729 1175 496 1277 837
face 0.07477042 1013 22 1097 140
face 0.07454702 -16 215 52 445
face 0.07437044 914 1253 1112 1436
face 0.07436676 992 1941 1207 2143
face 0.07435531 410 1809 519 2047
face 0.07410024 783 1301 904 1492
face 0.07384817 822 74 1056 239
face 0.07376982 1002 -10 1136 101
face 0.07355035 1016 29 1201 162
face 0.07329326 921 1738 1015 2020
face 0.073268555 719 31 799 147
face 0.07326358 1 540 63 665
face 0.07276465 20 2020 155 2161
face 0.072449334 25 419 86 663
face 0.0724482 1242 1946 1461 2133
face 0.07222616 1037 394 1195 566
face 0.0722216 738 1298 947 1658
face 0.07205871 612 953 817 1311
face 0.071940705 675 22 748 145
face 0.07168496 925 2093 1055 2242
face 0.07144501 1187 183 1284 471
face 0.07113605 30 1686 192 1859
face 0.07106575 928 49 1089 162
face 0.07100327 719 1171 874 1431
face 0.07093823 -5 2092 107 2234
face 0.07070867 864 1367 999 1554
face 0.070637204 798 28 884 141
face 0.07063528 882 1685 980 1947
face 0.07056727 1045 461 1186 619
face 0.070490345 215 1795 423 2161
face 0.07045553 1104 -26 1276 110
face 0.070386484 616 740 820 1111
face 0.07037207 1177 373 1276 687
face 0.07021142 756 27 839 144
face 0.07014286 345 1804 461 2057
face 0.06987284 872 1354 1076 1677
face 0.069654815 757 38 922 152
face 0.06956758 796 -101 1048 183
face 0.06952539 653 921 771 1224
face 0.0694236 590 758 740 1010
face 0.06938675 823 34 1251 318
face 0.06936694 814 1699 943 1931
face 0.06908035 679 -11 784 95
face 0.06900309 389 2094 484 2227
face 0.06894818 578 21 668 397
face 0.06889042 890 -107 1133 194
face 0.068882436 437 1743 554 2028
face 0.068878055 327 934 479 1177
face 0.06874258 568 808 695 1062
face 0.06874118 514 835 717 1195
face 0.06867589 923 1742 1098 2111
face 0.06867148 597 874 729 1129
face 0.06865939 219 1778 340 2068
face 0.06865012 1562 1685 1677 1828
face 0.068614274 790 371 1072 682
face 0.0685969 923 1694 1012 1815
face 0.06853512 -8 546 59 781
face 0.06851236 168 1481 489 1852
face 0.06849523 570 618 781 988
face 0.06846988 759 1253 915 1428
face 0.0684603 512 1517 734 1901
