face 0.9999896 383 221 1142 1343
face 0.22111192 -10 1147 80 1380
face 0.120891385 -7 2023 94 2177
face 0.11259691 830 816 1089 1221
face 0.11118389 304 1569 441 1826
face 0.09569218 90 738 315 1212
face 0.09298416 366 1502 572 1868
face 0.086982206 -68 1882 135 2187
face 0.08526977 749 273 997 642
face 0.084693395 522 1227 623 1548
face 0.083881386 495 1269 596 1616
face 0.08376954 843 -30 1015 111
face 0.08343418 99 622 221 1012
face 0.08221744 1582 131 1654 303
face 0.08215734 668 -34 864 122
face 0.080855384 685 7 911 163
face 0.080460206 482 20 752 281
face 0.0798839 1579 -10 1653 143
face 0.07985624 170 1407 568 1714
face 0.0795816 471 243 718 628
face 0.079539955 101 1760 302 2150
face 0.07944471 1165 811 1369 1202
face 0.07816095 -8 371 58 568
face 0.07778361 1537 117 1609 311
face 0.07776637 1571 2029 1672 2166
face 0.07654476 1590 188 1675 323
face 0.075711615 3 1491 123 1817
face 0.07534898 166 1290 569 1596
face 0.075321 361 933 557 1343
face 0.074803144 -4 1089 51 1230
face 0.07443158 144 535 325 984
face 0.07436637 25 1154 105 1360
face 0.07422687 61 882 269 1303
face 0.07417625 173 459 299 816
face 0.073735595 -15 1975 109 2123
face 0.07352507 101 416 208 711
face 0.07350721 1571 38 1654 214
face 0.07340793 1261 814 1473 1197
face 0.0729747 338 1509 488 1803
face 0.072753936 1121 629 1322 1065
face 0.07251621 86 1640 197 1965
face 0.072436735 1282 1003 1512 1343
face 0.07229047 103 974 217 1261
face 0.071876965 899 6 1120 322
face 0.07167515 270 1599 389 1897
face 0.07167296 67 1365 413 1738
face 0.07162335 15 1997 174 2169
face 0.07148334 201 1064 433 1456
face 0.07120418 1338 737 1553 1168
face 0.071059726 10 1078 75 1180
face 0.07102896 398 1624 527 1864
face 0.07094699 1373 934 1605 1297
face 0.07091457 1573 1972 1676 2118
face 0.07072542 1003 1432 1571 2187
face 0.07070612 1137 1301 1339 1764
face 0.07059485 -9 430 72 693
face 0.07049429 512 1442 648 1746
face 0.070482515 12 377 88 584
face 0.070451096 878 -4 1055 182
face 0.070391245 1252 852 1381 1167
face 0.07035259 25 936 428 1248
face 0.07029839 68 1054 179 1193
face 0.070293225 298 1471 879 2202
face 0.070093274 221 1573 362 1819
face 0.07003151 488 -31 683 123
face 0.07000378 450 128 874 503
face 0.06996871 1581 1405 1653 1594
face 0.069676474 1169 541 1292 902
face 0.069573864 379 2003 537 2170
face 0.0695568 389 1462 529 1736
face 0.06948913 1596 1411 1672 1535
face 0.06948593 1084 496 1278 955
face 0.06947836 397 904 508 1226
face 0.06942604 13 1186 262 1654
face 0.06938181 1041 334 1230 778
face 0.06894641 -11 988 56 1173
face 0.06883723 62 629 171 1005
face 0.06883364 919 1465 1031 1858
face 0.06877099 167 1503 447 2057
face 0.06871904 335 1661 478 1919
face 0.06870206 1566 2082 1679 2234
face 0.06868995 459 1784 723 2147
face 0.06866074 1493 161 1594 361
face 0.06865091 80 1026 320 1468
face 0.06862803 1125 891 1253 1201
face 0.068588555 1472 -16 1602 110
face 0.06852368 -21 1917 100 2062
