face 0.9996112 381 22 595 291
face 0.13226569 21 161 945 1123
face 0.12290056 77 51 128 116
face 0.11988333 65 36 107 88
face 0.11860086 95 71 138 137
face 0.10141075 102 29 131 77
face 0.100339234 79 16 110 60
face 0.09981014 71 68 118 138
face 0.09978587 53 36 82 83
face 0.09780662 35 34 70 91
face 0.09779062 102 14 132 58
face 0.097675756 0 0 35 75
face 0.09742399 9 27 45 92
face 0.09672154 94 41 134 94
face 0.096413344 56 19 85 63
face 0.09638493 15 0 54 55
face 0.096275866 46 6 79 53
face 0.09615744 35 19 64 67
face 0.09585216 85 3 124 50
face 0.09569696 111 2 148 49
face 0.095611334 64 4 100 50
face 0.095331974 23 34 60 108
face 0.09491977 51 49 100 111
face 0.094886534 -43 -30 73 161
face 0.094169185 -7 47 46 194
face 0.09354506 133 11 163 57
face 0.09309307 113 72 156 145
face 0.09299396 46 69 99 148
face 0.09275005 685 826 805 1049
face 0.09244277 353 539 431 638
face 0.09193672 127 24 153 74
face 0.09082499 28 4 151 158
face 0.09073868 717 1053 786 1171
face 0.09030595 720 866 790 1022
face 0.08963625 10 39 65 152
face 0.08894661 786 1200 827 1261
face 0.08868035 749 1062 803 1163
face 0.08815723 850 1245 902 1317
face 0.08799573 -8 15 88 212
face 0.08795026 155 7 191 61
face 0.08785671 125 52 175 121
face 0.08766822 137 1 176 49
face 0.08635177 762 1180 811 1260
face 0.08580178 316 1250 358 1312
face 0.08540331 782 1098 831 1199
face 0.08525933 290 1248 332 1312
face 0.084796235 121 33 161 93
face 0.08445548 48 -83 175 131
face 0.084378935 366 1249 412 1314
face 0.08374494 821 1246 872 1316
face 0.08373219 341 1250 384 1313
face 0.083724715 633 780 771 995
face 0.08336543 78 18 193 185
face 0.08319144 777 1151 824 1246
face 0.08298239 798 1246 847 1316
face 0.08261218 665 611 795 725
face 0.08243723 791 1179 844 1249
face 0.081646584 150 35 210 143
face 0.08156417 257 150 413 428
face 0.08150858 244 43 432 291
face 0.08134052 531 32 717 300
face 0.0812334 720 1077 834 1273
face 0.08109584 -15 -86 101 131
face 0.08077019 211 1245 261 1316
face 0.080495924 417 545 482 662
face 0.08046891 362 571 426 677
face 0.080441214 775 336 840 541
face 0.08038887 233 1246 281 1315
face 0.080329604 442 1247 489 1314
face 0.08030438 263 1247 308 1313
face 0.08013116 465 1246 513 1315
face 0.07991744 298 179 486 407
face 0.079819046 297 1224 332 1271
face 0.079817325 280 125 356 250
face 0.079282075 846 1217 897 1275
face 0.07922324 321 1225 356 1271
face 0.07914904 812 1213 865 1272
face 0.07913055 766 1244 818 1316
face 0.07901208 150 23 204 90
face 0.0789838 690 1016 805 1212
face 0.07898338 388 1247 435 1314
face 0.07879183 419 587 484 708
face 0.07862207 657 138 744 276
face 0.07830666 737 828 863 1046
face 0.078038536 717 1115 787 1247
face 0.078003414 719 315 794 489
face 0.077984676 756 1120 869 1279
face 0.07791844 394 516 485 607
face 0.077771574 90 99 145 179
face 0.07743502 5 1242 61 1320
face 0.07742478 951 1041 992 1118
face 0.07728324 415 1247 462 1314
face 0.077237956 184 1248 232 1316
face 0.07711803 490 1245 541 1316
face 0.07704094 759 562 826 697
face 0.07680714 777 1072 832 1149
face 0.07679885 761 1144 809 1229
face 0.07669676 369 1223 412 1276
face 0.0764714 834 1136 877 1220
face 0.076436535 329 469 459 641
face 0.076315306 338 636 386 707
face 0.07612933 740 822 812 993
face 0.07610814 343 1225 381 1273
face 0.07596027 157 1249 204 1316
face 0.075821444 133 1249 180 1316
face 0.075804 268 1224 306 1273
face 0.07569452 927 1236 991 1322
face 0.0756751 508 672 672 922
face 0.07563186 873 1245 923 1316
face 0.075547196 526 3 627 126
face 0.075463146 504 136 660 420
face 0.0753847 762 674 830 810
face 0.07534702 357 1149 390 1218
face 0.07518952 513 1245 566 1317
face 0.0751721 712 383 833 614
face 0.075137295 736 234 822 360
face 0.07504658 217 681 261 731
face 0.07502481 652 1080 780 1273
face 0.07499051 4 1218 46 1286
face 0.07479344 808 1129 853 1216
face 0.07477576 225 -16 319 70
face 0.07474423 187 683 232 733
face 0.074711666 793 831 864 956
face 0.07470163 367 507 454 622
face 0.07469192 347 282 475 501
face 0.07460694 535 1243 591 1317
face 0.07451266 941 632 983 732
face 0.07451135 756 1104 810 1181
face 0.07450138 296 85 373 231
face 0.0744306 240 1221 283 1274
face 0.07437615 743 340 816 527
