face 0.9998485 506 429 1233 1514
face 0.20627075 1401 1659 1593 2040
face 0.112604655 998 21 1116 328
face 0.11056311 1513 1662 1618 1995
face 0.10236636 768 78 888 330
face 0.10133576 699 16 890 385
face 0.08426994 868 97 987 333
face 0.08293875 -27 -37 64 126
face 0.08236823 1301 590 1425 959
face 0.08096758 1270 924 1467 1292
face 0.08045767 1216 1070 1426 1445
face 0.0799739 1302 463 1418 814
face 0.07967214 1346 1049 1474 1295
face 0.07912061 826 -26 1016 369
face 0.079087704 1257 1033 1381 1316
face 0.07902172 913 88 1031 323
face 0.07893939 1348 502 1447 851
face 0.07808985 1590 1577 1663 1763
face 0.07722328 1413 1112 1554 1366
face 0.07693573 1556 1963 1678 2126
face 0.07672155 833 70 942 356
face 0.07663484 1341 1166 1466 1432
face 0.0763324 1259 1633 1373 1971
face 0.075932056 1607 1588 1683 1704
face 0.07589428 -22 1105 39 1294
face 0.07570477 625 1642 777 1888
face 0.07570151 -2 1126 64 1242
face 0.07554612 64 1150 388 1510
face 0.075036995 -22 1396 39 1582
face 0.07503441 -3 1069 64 1186
face 0.07490208 932 -17 1006 155
face 0.07470767 1579 1675 1665 1900
face 0.074563555 1254 370 1365 635
face 0.07456098 -5 1011 64 1129
face 0.07426029 1608 1528 1683 1645
face 0.073736094 -2 1184 63 1299
face 0.073686086 1303 1720 1417 2020
face 0.07351036 1090 1466 1289 1817
face 0.073506534 1403 439 1499 764
face 0.07336238 1024 -34 1101 166
face 0.07333616 1319 1684 1516 2063
face 0.07332935 1217 1043 1333 1341
face 0.07309411 973 2085 1110 2239
face 0.07295339 1382 971 1504 1268
face 0.07291478 1603 1468 1683 1590
face 0.07288481 1293 1119 1447 1352
face 0.072711684 -23 984 42 1182
face 0.07270488 1566 2078 1686 2235
face 0.07255578 1576 1914 1684 2063
face 0.072253585 -7 951 64 1072
face 0.072110385 1365 1142 1522 1319
face 0.07209728 2 1471 69 1586
face 0.07205601 1221 1273 1413 1667
face 0.07196341 -9 892 64 1015
face 0.0719343 1395 781 1578 1262
face 0.07143919 1039 -14 1156 309
face 0.07133345 -24 98 54 327
face 0.07133188 1173 1465 1367 1836
face 0.071328856 982 -30 1053 155
face 0.07132824 8 1417 71 1528
face 0.07132275 -2 1244 63 1357
face 0.07128233 -24 858 44 1066
face 0.07111611 1449 -9 1527 153
face 0.07109178 1589 1398 1664 1588
face 0.07108692 -22 1222 39 1411
face 0.071016274 1484 -22 1597 101
face 0.07100941 -11 832 64 958
face 0.07099195 -12 774 64 901
face 0.0709858 -24 2087 90 2238
face 0.07095122 1571 1789 1676 1950
face 0.070934534 926 1955 1130 2136
face 0.070906274 25 -35 109 160
face 0.07079698 1210 421 1329 727
face 0.07078992 6 1361 70 1471
face 0.07071849 -14 716 63 843
face 0.0707126 1059 -30 1135 162
face 0.07061347 -24 737 45 954
face 0.0705738 1 1302 66 1414
face 0.070547745 1578 -30 1680 98
face 0.070445724 -14 657 64 787
face 0.07039644 1194 1722 1336 1990
face 0.070391245 1255 468 1371 780
face 0.07031914 206 -197 663 630
face 0.07031535 -22 1255 309 1617
face 0.070095755 1357 469 1528 882
face 0.069992185 -25 558 48 783
face 0.06996801 916 -18 1025 248
face 0.06995903 494 1924 650 2153
face 0.06990362 1425 357 1544 732
face 0.06987294 1345 631 1457 993
face 0.0698279 370 -227 835 578
face 0.06970491 -16 599 64 730
face 0.06961966 1262 1519 1460 1904
face 0.06954498 1433 497 1539 836
face 0.06940882 -3 1525 68 1645
face 0.069404624 1384 1225 1587 1611
face 0.06934173 1463 1088 1590 1410
