face 0.99938357 430 1031 946 1754
face 0.12013748 498 190 699 555
face 0.11770471 103 919 513 1653
face 0.11633097 874 464 1095 833
face 0.109032586 543 256 676 499
face 0.09929441 23 1243 249 1589
face 0.09903087 826 2049 1045 2511
face 0.096452855 167 1017 396 1362
face 0.09284409 971 1117 1148 1521
face 0.09261915 265 1263 378 1430
face 0.09016968 1225 879 1440 1245
face 0.08922479 214 1137 435 1512
face 0.08868255 1231 1632 1424 2021
face 0.08841568 1004 1109 1113 1393
face 0.08768576 728 795 1046 1247
face 0.086503424 838 531 1209 933
face 0.08649658 457 276 659 704
face 0.084564835 592 291 725 542
face 0.08405457 956 1201 1076 1467
face 0.08366122 955 975 1085 1244
face 0.08298163 952 1528 1138 1961
face 0.08105182 1154 802 1268 1120
face 0.080979295 26 1098 417 1485
face 0.08085275 1411 804 1471 978
face 0.080616966 75 859 472 1218
face 0.0793876 7 938 274 1423
face 0.079300925 1408 722 1476 900
face 0.07922026 861 1239 1203 1603
face 0.07908928 246 1390 374 1555
face 0.078696065 1118 984 1240 1238
face 0.07829249 881 437 1019 715
face 0.07797228 779 466 1238 1406
face 0.0774172 981 1841 1170 2246
face 0.07723387 1124 809 1319 1213
face 0.07710814 989 1659 1115 1933
face 0.07709678 252 1342 370 1489
face 0.076825134 960 1530 1083 1823
face 0.076650895 346 1370 475 1576
face 0.0764229 760 369 1058 895
face 0.07630341 1424 801 1496 927
face 0.07623376 1062 1477 1210 1716
face 0.07613926 999 1370 1210 1824
face 0.075659595 1139 478 1296 694
face 0.07555833 530 -25 657 121
face 0.07553799 1236 1062 1426 1304
face 0.07547374 353 385 545 845
face 0.07514642 393 359 731 830
face 0.07486515 79 720 463 1065
face 0.07480859 816 341 1382 1093
face 0.07448751 18 1290 192 1498
face 0.07434113 -22 1264 60 1543
face 0.074235454 733 363 849 663
face 0.07418607 1006 1224 1115 1529
face 0.07411366 1021 1066 1149 1307
face 0.073952705 1274 2109 1370 2460
face 0.07391788 1388 1924 1494 2114
face 0.07387436 1078 918 1200 1197
face 0.073837735 1194 836 1312 1035
face 0.07378583 107 1083 317 1301
face 0.073651694 1363 714 1440 869
face 0.07361604 907 897 1040 1174
face 0.07354256 1409 -34 1492 112
face 0.073374175 1127 465 1351 827
face 0.073373914 1263 863 1399 1010
face 0.07324026 478 1558 646 1755
face 0.07323893 1148 1049 1449 1496
face 0.07298732 1404 1867 1497 2038
face 0.072959125 656 220 1082 1274
face 0.07291803 913 390 1048 627
face 0.0728778 1037 1294 1245 1648
face 0.07282603 936 476 1115 708
face 0.072795354 773 305 883 628
face 0.072768345 1008 1098 1364 1493
face 0.072690144 356 1636 525 1850
face 0.07264478 660 1824 847 2058
face 0.07263172 63 1237 446 1631
face 0.07259282 455 784 564 1026
