face 0.9999672 184 1328 698 2024
face 0.13505557 830 323 1475 1046
face 0.12834103 1090 519 1421 1004
face 0.1261983 1207 1500 1437 1938
face 0.114678234 1099 225 1419 676
face 0.109117575 73 1864 265 2273
face 0.10502313 1155 377 1458 809
face 0.10171389 800 435 1241 1467
face 0.10136627 800 0 1255 978
face 0.09946009 331 3 700 418
face 0.09814383 905 1659 1297 2031
face 0.08886558 1057 359 1335 897
face 0.0881228 864 1979 1033 2422
face 0.08383613 1135 1659 1501 2018
face 0.08145391 174 4 500 414
face 0.08071154 588 -33 746 133
face 0.08001946 560 859 1157 1609
face 0.07906497 1041 1454 1359 1921
face 0.078472294 1388 -39 1492 114
face 0.07802083 463 1368 698 1794
face 0.0773869 563 822 878 1255
face 0.07629296 382 -20 516 131
face 0.07626639 540 1142 1122 1927
face 0.07614228 359 20 533 196
face 0.075784415 710 1379 1303 2227
face 0.075679444 1075 1137 1317 1766
face 0.07492511 922 -67 1306 258
face 0.074823625 1028 665 1384 1129
face 0.0742419 838 1656 1040 2118
face 0.073969506 792 874 1477 1526
face 0.07384417 1412 705 1478 928
face 0.07378872 -5 2386 76 2588
face 0.07373717 506 1053 799 1535
face 0.07354309 983 186 1277 723
face 0.07348899 838 8 1242 399
face 0.07345955 1031 528 1167 782
face 0.07340284 1001 124 1401 526
face 0.07330223 906 844 1135 1256
face 0.073148526 1273 -36 1426 135
face 0.07305525 935 2319 1107 2540
face 0.07298386 964 -44 1142 143
face 0.07288436 715 1575 931 2020
face 0.072660334 371 736 775 1078
face 0.072660334 954 1653 1156 2131
face 0.07252508 327 1370 548 1598
face 0.07250264 809 2022 910 2426
face 0.072309226 1033 1248 1157 1555
face 0.07222966 859 2022 950 2407
face 0.07214668 717 -142 1296 531
face 0.07204931 545 7 902 415
face 0.07198494 809 1856 988 2326
face 0.07193848 1144 -34 1300 135
face 0.07182659 136 25 376 597
face 0.07166289 920 1526 1112 1997
face 0.07152391 150 -77 630 861
face 0.071425654 842 1520 1218 1897
face 0.07140864 1076 1475 1185 1876
face 0.07139441 880 262 1085 490
face 0.071342066 763 -35 897 120
face 0.07131303 1157 826 1401 1288
face 0.07129717 1208 1316 1417 1792
face 0.07129363 1409 568 1496 728
face 0.07128916 720 810 848 1061
face 0.0709468 38 29 196 197
face 0.070903964 799 1521 1002 1991
