face 0.9999969 221 233 493 626
face 0.12269949 15 113 699 836
face 0.11337332 244 399 369 598
face 0.112262115 119 685 214 900
face 0.10366382 572 412 665 487
face 0.10267437 538 437 636 512
face 0.088818595 639 655 722 868
face 0.08674239 700 492 745 600
face 0.08589275 697 410 744 543
face 0.08406767 564 393 650 464
face 0.08341941 476 566 579 715
face 0.08229042 629 369 699 476
face 0.08166186 636 580 725 791
face 0.08074328 675 421 723 557
face 0.080154344 567 239 634 344
face 0.080090165 695 849 744 967
face 0.07932652 260 231 380 403
face 0.078470945 682 467 762 618
face 0.077654205 530 433 660 575
face 0.07718844 591 686 674 864
face 0.07697487 221 381 322 573
face 0.07677415 680 492 725 592
face 0.07645374 672 639 722 820
face 0.07606904 698 263 743 385
face 0.07555556 198 414 246 573
face 0.07520681 700 538 746 661
face 0.07496385 215 445 266 603
face 0.0746522 677 666 762 850
face 0.07368537 677 237 760 400
face 0.07336466 -5 933 47 995
face 0.073167056 7 853 84 953
face 0.07282294 117 779 217 960
face 0.07267771 677 138 762 299
face 0.072507985 574 561 633 694
face 0.07224722 595 590 648 722
face 0.07221677 578 500 688 795
face 0.07208455 678 318 761 489
face 0.0718101 679 794 763 963
face 0.0717973 702 312 744 427
face 0.07179181 698 719 745 851
face 0.071688145 531 418 616 483
face 0.0716099 523 459 619 538
face 0.07150073 697 672 744 798
face 0.071365304 680 517 761 690
face 0.071311004 673 710 722 896
face 0.071255155 636 680 689 838
face 0.07108051 249 778 304 930
face 0.07067097 514 -7 736 336
face 0.07047824 672 828 725 970
face 0.07042138 177 387 228 540
face 0.07028171 531 388 610 458
face 0.069617 316 437 459 601
face 0.06952633 651 379 713 518
face 0.069525115 192 480 251 612
face 0.0694115 627 423 697 522
face 0.06910578 670 149 722 281
face 0.069075756 548 95 712 264
face 0.068918556 562 178 698 380
face 0.06886593 480 247 538 383
face 0.068843685 14 721 107 889
face 0.068740726 2 343 225 727
face 0.068539165 703 111 748 173
face 0.06836961 700 121 743 226
face 0.06820012 697 -15 749 46
face 0.06817767 379 149 475 236
face 0.06817067 616 623 668 749
face 0.068133004 552 572 642 742
face 0.06808954 699 796 744 925
face 0.068075806 561 639 612 768
face 0.06801442 675 588 762 772
face 0.06800033 168 559 241 646
face 0.067961484 640 787 720 961
face 0.067926496 697 386 746 461
face 0.06777003 699 183 747 251
face 0.06774306 620 675 802 811
face 0.06774096 585 218 656 317
face 0.06765772 489 501 596 658
face 0.06758421 708 87 750 145
face 0.06743157 399 792 502 955
face 0.067308344 674 351 721 500
face 0.06725533 596 648 652 777
