face 0.9993098 661 1006 1317 1750
face 0.1367884 43 319 1912 2247
face 0.12502994 1624 1405 1920 1847
face 0.12324974 1698 1095 1952 1566
face 0.122462906 842 1222 1181 1586
face 0.11999262 1455 1274 1630 1570
face 0.11582986 775 1006 1095 1353
face 0.10665237 1155 1745 1403 2191
face 0.10466988 1262 1341 1399 1722
face 0.08954348 1389 1366 1660 1846
face 0.08835582 1877 2352 1995 2591
face 0.08781467 1702 1692 1947 2141
face 0.08539859 282 2512 429 2684
face 0.08522072 1492 1916 1780 2347
face 0.0846652 889 1055 1216 1431
face 0.084070906 590 1188 806 1668
face 0.08406676 377 2047 638 2482
face 0.08255035 655 1784 960 2282
face 0.0816324 853 981 1052 1234
face 0.08101577 1604 1888 1863 2333
face 0.08075988 1820 2417 1938 2606
face 0.08016345 511 1670 667 2070
face 0.07976186 1332 1574 1529 1806
face 0.079580426 1865 2492 2017 2687
face 0.07926255 1292 1471 1437 1775
face 0.079017416 981 1216 1296 1721
face 0.07732909 494 1332 715 1798
face 0.076440334 744 1053 979 1283
face 0.07617732 578 1447 683 1677
face 0.07585598 940 1046 1195 1268
face 0.075239226 1147 1906 1338 2150
face 0.07472602 91 1790 364 2265
face 0.07449113 987 1099 1241 1344
face 0.074066885 431 2113 582 2386
face 0.074042834 580 2058 813 2303
face 0.073990986 1589 1591 1910 2046
face 0.07398455 1125 2327 1415 2566
face 0.07384397 576 1231 711 1612
face 0.073059306 524 1989 678 2242
face 0.07305228 1158 1740 1296 2088
face 0.072871245 640 1171 764 1540
face 0.072166756 1885 647 2011 813
face 0.072162665 1272 1858 1454 2199
face 0.07200696 564 1537 699 1822
face 0.071754776 292 -108 1799 703
face 0.071683966 1202 1975 1409 2220
face 0.07154646 264 2450 430 2612
face 0.07121135 1303 1697 1449 1969
face 0.07119278 1656 734 1916 963
face 0.071183324 1217 886 1453 1097
face 0.07088061 1238 1655 1412 1845
face 0.07072246 1463 997 1732 1395
face 0.0705752 537 2126 770 2367
face 0.07004373 1578 986 1880 1621
face 0.069883235 1907 587 2021 744
face 0.06988095 1351 1631 1503 2009
face 0.06968044 1485 1210 1744 1645
face 0.06962982 480 2084 653 2276
face 0.06962266 1687 654 1902 842
face 0.06952035 577 1673 714 2109
face 0.0695199 491 1444 620 1702
face 0.069270566 568 1890 728 2201
face 0.06906856 582 1083 717 1382
face 0.06897265 1879 908 2023 1095
face 0.068862855 561 1865 856 2311
face 0.06879416 306 2040 480 2347
face 0.06851079 1641 1853 1861 2080
