face 0.9999565 483 879 1005 1639
face 0.122712635 688 1904 894 2372
face 0.12148966 748 1684 975 2132
face 0.11400217 759 939 998 1337
face 0.11100712 753 1877 1296 2568
face 0.11076459 111 1795 240 2086
face 0.10511039 77 1716 271 2149
face 0.102097794 -12 2380 72 2588
face 0.08665832 411 1533 544 1780
face 0.085759826 369 1549 576 1909
face 0.08467379 969 911 1065 1225
face 0.08436281 -5 1798 76 1965
face 0.08276984 873 1920 1083 2382
face 0.0825206 1072 2059 1281 2517
face 0.082416944 1390 2397 1480 2590
face 0.08157947 1022 1814 1225 2233
face 0.081027 42 1735 141 2084
face 0.07944095 252 1244 472 1674
face 0.07863157 1406 -49 1480 175
face 0.07733161 12 1753 77 1886
face 0.07710605 917 1307 1038 1627
face 0.0766643 944 1557 1098 1776
face 0.07600869 1422 1734 1497 1887
face 0.07576501 1115 1738 1396 2314
face 0.075372644 66 1856 191 2150
face 0.07533503 1426 1873 1499 2024
face 0.07372877 7 1690 70 1816
face 0.073300555 1270 1834 1381 2214
face 0.0729885 473 1871 696 2300
face 0.07264609 714 2050 920 2520
face 0.072280474 0 2046 114 2362
face 0.072231516 -9 1667 45 1867
face 0.07192982 453 1397 569 1674
face 0.07152695 281 1420 508 1769
face 0.07099441 -18 1480 49 1749
face 0.07092772 356 1497 520 1714
face 0.07062008 26 1890 154 2226
face 0.070468746 709 847 959 1224
face 0.070091344 383 1599 508 1858
face 0.06998975 481 2065 700 2524
face 0.06989274 668 1972 765 2324
face 0.06986716 -21 -53 53 172
face 0.06941987 22 1732 97 1997
face 0.0686058 975 1918 1354 2397
face 0.06855768 346 1808 630 2436
face 0.068522 400 1121 492 1535
face 0.06826909 370 1686 765 2012
face 0.06826094 816 1793 1064 2255
face 0.068028234 837 2061 1037 2530
face 0.067948826 426 1287 544 1502
face 0.06787966 1295 -36 1424 133
face 0.06785735 -11 1604 64 1753
face 0.06784503 1063 1882 1191 2157
face 0.0678067 318 907 409 1228
face 0.06776605 900 927 1026 1212
face 0.06776215 969 1167 1062 1572
face 0.06773843 548 1628 722 1853
face 0.067673184 1426 1254 1499 1412
