face 0.9999893 447 733 1139 1717
face 0.11681913 31 255 1578 1878
face 0.11280714 1336 2058 1396 2132
face 0.11207684 1264 2039 1346 2135
face 0.1083663 1366 2052 1422 2133
face 0.103626885 1299 2050 1373 2134
face 0.09116444 1264 2101 1348 2216
face 0.0907639 1341 2105 1413 2208
face 0.09074217 1302 2104 1380 2211
face 0.09033757 1239 2020 1331 2116
face 0.08906809 1324 2025 1390 2099
face 0.088740446 1331 1953 1397 2046
face 0.088063516 1412 2052 1478 2142
face 0.086648904 1373 1959 1429 2052
face 0.086459614 1212 2098 1308 2222
face 0.0853683 1378 2101 1456 2211
face 0.083530605 1352 2021 1411 2096
face 0.08345085 1369 2003 1419 2074
face 0.08315418 1423 2098 1507 2218
face 0.08283588 1377 2026 1424 2101
face 0.082685165 1317 1914 1397 2015
face 0.08258046 1395 2009 1459 2098
face 0.082547314 1243 1970 1304 2052
face 0.082385935 1192 1958 1429 2212
face 0.081615984 1281 1956 1349 2047
face 0.081501864 1231 1927 1308 2016
face 0.08120383 1203 1976 1255 2052
face 0.08101981 540 95 653 407
face 0.08032331 490 47 996 701
face 0.08022236 1087 1670 1196 1954
face 0.08018162 1137 761 1237 1054
face 0.07918856 1154 1674 1411 2028
face 0.079124786 1195 1876 1268 1988
face 0.07879702 572 46 670 338
face 0.07865666 1367 1912 1435 2016
face 0.07864719 863 824 1143 1172
face 0.07857476 1130 1896 1191 2023
face 0.0780196 1200 1939 1258 2014
face 0.07777236 1270 1915 1356 2015
face 0.07750687 1108 1799 1192 1973
face 0.07738836 409 1478 503 1720
face 0.07717629 1160 1958 1211 2046
face 0.07662792 1407 1976 1466 2071
face 0.07647909 1047 1615 1235 1986
face 0.0764197 1210 2024 1297 2132
face 0.076150514 514 184 591 389
face 0.076124035 40 1718 250 2110
face 0.076050594 1050 1464 1154 1729
face 0.07603605 443 1463 547 1731
face 0.07591066 1145 1868 1219 1996
face 0.07580132 -5 2013 84 2180
face 0.075778924 1094 777 1261 1162
face 0.07571948 359 1410 479 1632
face 0.07570603 1126 874 1232 1234
face 0.07538025 874 960 1137 1315
face 0.07491506 1293 1740 1511 2110
face 0.074491784 673 1175 935 1523
face 0.074083984 1189 2004 1263 2103
face 0.074064665 798 1835 970 2023
face 0.07403447 1046 1426 1112 1538
face 0.07394398 980 601 1121 840
face 0.07375888 1163 1936 1214 2008
face 0.07373153 1451 1977 1528 2146
face 0.07337606 60 1681 199 1854
face 0.073183924 1029 1457 1113 1654
face 0.07316932 1039 1688 1164 1928
face 0.07314217 500 276 591 483
face 0.07304126 1277 2005 1350 2083
face 0.072952725 1231 1851 1314 1979
face 0.07293928 1187 1833 1279 1957
face 0.07290642 1133 888 1321 1336
face 0.07288237 404 1408 581 1782
face 0.07271978 394 1182 509 1523
face 0.07239988 1472 2098 1563 2226
face 0.07220588 1352 1810 1450 1999
face 0.07209364 1089 1491 1203 1790
face 0.07208053 -3 2091 101 2233
face 0.07200956 1042 569 1158 850
face 0.07188336 1332 1889 1530 2201
face 0.07183159 370 1483 469 1705
face 0.071779944 781 1228 1053 1577
face 0.071690336 307 330 651 705
face 0.071576655 442 1280 548 1535
face 0.07157186 224 -78 627 975
face 0.07145672 1046 1382 1109 1494
face 0.071367405 419 1638 519 1831
face 0.07136466 398 1438 522 1606
face 0.07131337 1578 -30 1682 98
face 0.07115484 -21 1905 72 2164
face 0.071144946 54 26 166 156
face 0.07110875 1044 1110 1159 1424
face 0.07104254 558 -13 632 81
face 0.070717245 1057 1249 1144 1472
face 0.07036462 592 8 657 151
face 0.070235595 2 1614 235 1936
face 0.07017812 762 1766 987 2098
face 0.070128635 1183 1966 1236 2037
face 0.070038676 1236 2002 1310 2084
face 0.07001965 1520 1732 1624 2033
face 0.07000946 1155 2097 1260 2227
face 0.07000318 18 1998 130 2178
face 0.069753416 1152 1990 1222 2100
face 0.06973149 900 -256 1360 554
face 0.06966501 928 494 1073 719
face 0.06956075 173 136 426 688
face 0.06945836 973 734 1187 1117
face 0.069451645 326 1264 514 1632
face 0.06941068 557 4 617 142
face 0.06938561 1175 1913 1228 1981
face 0.06936385 685 -29 1173 852
face 0.06934214 503 29 595 284
face 0.06933754 893 511 1107 863
face 0.069334134 88 1637 225 1812
face 0.069286644 425 -73 819 904
face 0.06926826 1068 862 1212 1056
face 0.06920063 1589 1746 1686 1884
face 0.06918048 48 1761 188 2007
