face 0.9998437 599 1082 1241 1936
face 0.123160355 41 319 1911 2248
face 0.122457795 605 1202 896 1641
face 0.116485916 635 1224 868 1460
face 0.11426077 679 1164 923 1397
face 0.10773735 668 1406 1014 1786
face 0.10190946 861 1204 1211 1657
face 0.09831059 624 2030 781 2307
face 0.088184915 -21 2423 105 2622
face 0.087977976 1866 2494 2023 2687
face 0.086403765 1874 2421 1997 2607
face 0.085269056 158 1941 425 2390
face 0.0830704 537 1195 677 1373
face 0.08244188 1035 286 1534 671
face 0.08186979 10 2406 178 2616
face 0.08044707 -35 2319 99 2566
face 0.08021992 942 1114 1173 1352
face 0.07971171 673 1901 837 2169
face 0.07967723 888 1388 1216 1894
face 0.07734419 1658 7 1906 473
face 0.07711906 257 1590 526 2106
face 0.076765895 674 1641 932 1886
face 0.07638426 908 1050 1194 1489
face 0.07546571 719 1100 962 1335
face 0.07503408 748 913 976 1109
face 0.07477757 662 1741 860 1989
face 0.07332961 697 2198 911 2432
face 0.073160976 674 1024 916 1261
face 0.073089294 -19 1035 64 1289
face 0.072853126 1889 -37 2015 119
face 0.07224378 1143 2357 1381 2576
face 0.07218756 570 1264 687 1431
face 0.07211142 343 1974 637 2392
face 0.071600646 -21 954 51 1147
face 0.071017556 744 1993 970 2228
face 0.07100422 207 2116 355 2402
face 0.07092118 1567 1543 2044 1913
face 0.07076918 472 2120 630 2415
face 0.0706975 658 2125 858 2362
face 0.07066019 1696 2491 1895 2704
face 0.07065969 298 1372 575 1897
face 0.070093825 1186 1186 1431 1657
face 0.069796726 570 2116 728 2392
face 0.06970719 398 1252 732 1952
face 0.06969801 185 1249 586 1676
face 0.06958458 709 2026 904 2322
face 0.069516234 636 1839 890 2234
face 0.06950855 1721 112 1863 482
face 0.06945688 1252 2357 1485 2557
face 0.06942136 613 1880 772 2171
face 0.06934 210 1720 481 2238
face 0.069333665 1013 1301 1281 1811
face 0.069291994 618 1279 800 1553
face 0.06926226 386 2192 693 2573
face 0.06914594 1704 1452 1841 1775
face 0.0691321 1708 1287 1844 1651
face 0.069127865 808 319 1365 654
face 0.06878836 591 1174 746 1433
face 0.068634845 1815 1233 1944 1598
face 0.06857229 1431 859 1929 1223
face 0.06832018 1665 1341 1809 1734
face 0.06823536 263 2130 407 2395
face 0.06821381 853 2050 1052 2296
face 0.06819748 784 893 948 1036
face 0.06811765 1289 1422 1434 1675
face 0.06803477 73 1971 194 2361
face 0.067889996 1028 1083 1192 1427
face 0.0677851 714 1835 907 2098
face 0.06777194 693 1284 892 1563
face 0.06771534 1721 780 1856 1149
face 0.06769786 -21 -38 66 159
