face 0.99993575 551 873 1085 1636
face 0.120801836 232 441 624 798
face 0.11545988 1211 1505 1346 1705
face 0.11475882 1192 1469 1307 1636
face 0.114567235 1179 1460 1380 1782
face 0.09544122 1065 1410 1434 1744
face 0.09355342 69 1260 460 1623
face 0.09104904 510 711 702 1079
face 0.08572637 1079 1362 1199 1606
face 0.08407686 1270 1429 1393 1629
face 0.0839467 315 304 700 662
face 0.08386472 71 1516 453 1870
face 0.08374931 306 1278 500 1670
face 0.083459385 1035 1392 1231 1780
face 0.08343524 338 1330 466 1594
face 0.08316299 -37 1372 331 1730
face 0.08230151 552 762 726 990
face 0.082233645 254 21 395 212
face 0.080776304 1099 1435 1237 1624
face 0.07970762 171 1365 381 1707
face 0.07967386 448 591 661 992
face 0.07966085 1075 1090 1148 1314
face 0.07951742 1271 1319 1393 1507
face 0.07930701 1073 1526 1445 1885
face 0.07900184 1132 1098 1206 1300
face 0.07849753 354 1507 468 1729
face 0.07808913 337 2 464 218
face 0.07776938 1152 1395 1256 1582
face 0.07756068 242 1381 390 1589
face 0.0773595 1351 1264 1437 1567
face 0.0759335 460 984 540 1133
face 0.075919636 1154 1504 1279 1704
face 0.075756356 869 2502 968 2648
face 0.075679325 1405 1386 1474 1615
face 0.075480275 331 -18 758 991
face 0.074698426 1303 1452 1419 1734
face 0.07457252 771 1165 1065 1566
face 0.07453914 378 1289 580 1662
face 0.07441154 5 1500 110 1719
face 0.074220896 1210 1423 1296 1570
face 0.07393971 516 784 610 1030
face 0.07352212 216 228 484 738
face 0.07334423 27 -22 105 98
face 0.073206805 1407 -35 1495 112
face 0.07297972 34 886 715 1553
face 0.07290904 356 1551 562 1962
face 0.07240273 1087 1155 1160 1369
face 0.07234804 320 -22 429 120
face 0.07228205 1263 1525 1387 1863
face 0.07212561 1320 1218 1423 1498
face 0.07192204 1173 1343 1255 1483
face 0.07180123 298 1517 668 1877
face 0.0717835 60 -20 149 107
face 0.0716165 1099 1312 1289 1665
face 0.07152221 507 684 606 928
face 0.07144953 467 680 568 925
face 0.071339585 583 146 731 331
face 0.071174 278 -19 382 119
face 0.07103883 446 1463 584 1719
face 0.07096397 61 1298 203 1509
face 0.070950836 74 1746 281 2174
face 0.0709156 1243 1404 1364 1555
face 0.07087029 180 -236 360 357
face 0.07082223 482 786 563 996
face 0.0708002 1092 1224 1180 1465
face 0.07074087 387 1345 519 1589
face 0.07050809 294 1475 410 1717
face 0.07049993 542 694 648 965
face 0.07028172 1417 1329 1491 1479
face 0.07027917 1044 994 1187 1395
face 0.070057966 578 820 848 1218
face 0.070036255 262 537 598 997
face 0.069968246 1421 1598 1500 1748
face 0.06990081 1086 1067 1149 1206
face 0.06981945 1189 1548 1306 1834
face 0.06971145 -12 -28 62 99
face 0.06968363 229 1391 595 1746
face 0.06965162 228 29 430 458
face 0.069630764 1128 1191 1201 1385
face 0.06960516 1230 1367 1412 1683
face 0.069576435 1121 1663 1482 2032
face 0.06957089 39 565 242 1031
face 0.06954409 1420 172 1481 381
