face 0.9998586 559 897 1072 1637
face 0.12336853 1218 1552 1423 1948
face 0.11608582 -2 2233 205 2556
face 0.11555517 1212 1106 1418 1524
face 0.11381136 458 1633 612 1834
face 0.10285261 831 1082 1075 1526
face 0.10190287 150 2032 351 2447
face 0.09266634 543 1639 651 1834
face 0.088360295 433 1555 652 1918
face 0.08651482 468 1190 575 1511
face 0.086153254 528 26 729 483
face 0.08584436 1401 -55 1481 174
face 0.0847218 -9 2114 53 2380
face 0.08364794 36 358 230 828
face 0.08317243 -14 -30 46 154
face 0.08241855 403 1019 486 1351
face 0.07983009 499 1599 624 1768
face 0.078892514 441 1939 679 2418
face 0.07462991 381 364 572 822
face 0.072464235 17 2378 126 2577
face 0.07157846 1063 1594 1318 2013
face 0.07098592 38 157 230 630
face 0.070913725 652 1681 846 1929
face 0.070282586 -1 2402 79 2581
face 0.070252486 112 230 304 691
face 0.06970157 -11 2296 65 2554
face 0.06960598 304 363 498 819
face 0.06946248 66 33 270 478
face 0.06945707 262 1967 382 2262
face 0.0691169 795 25 1000 483
face 0.06908836 681 27 884 482
face 0.06907088 497 157 689 621
face 0.068900846 415 503 630 925
face 0.06875702 265 230 458 691
face 0.06828189 687 360 889 785
face 0.06826569 420 227 612 688
face 0.068063945 225 501 420 959
face 0.06805569 428 1174 516 1354
face 0.067988366 576 1597 675 1782
face 0.06795127 53 -25 149 113
face 0.06791492 151 366 344 828
face 0.06784487 301 638 498 1092
face 0.06771871 1420 1471 1496 1615
face 0.067705154 488 1304 619 1573
face 0.06752603 846 828 1064 1232
face 0.067521974 350 1996 542 2429
face 0.06750729 190 233 383 685
face 0.06736159 167 1648 340 1865
face 0.067308635 373 34 577 482
face 0.067298286 33 6 157 260
face 0.0669587 399 1168 489 1486
face 0.0668641 985 16 1197 487
face 0.06679193 1426 1399 1499 1545
face 0.066606514 33 561 226 1026
face 0.066541225 -2 2143 77 2307
face 0.06653231 950 878 1074 1124
face 0.06652857 871 21 1080 475
face 0.06651146 54 1751 241 2000
face 0.06648609 1078 1304 1326 1694
face 0.066430934 344 229 536 687
face 0.066370375 22 -23 105 106
face 0.06629426 606 1594 728 1759
face 0.066199474 527 1533 648 1710
face 0.06619585 219 38 423 480
face 0.0661262 440 1267 546 1497
face 0.066089496 424 1098 513 1279
face 0.066089086 778 -267 1231 636
face 0.06607699 1073 899 1277 1383
face 0.06595443 573 161 764 621
face 0.06590289 218 1698 413 1930
face 0.06589551 1412 909 1497 1074
face 0.06589257 33 839 227 1297
face 0.065873474 149 93 345 554
face 0.06585446 -119 1669 244 2016
face 0.06584611 1233 2402 1360 2572
face 0.06578568 514 1066 702 1525
face 0.065737516 113 502 306 960
face 0.065704145 257 2009 445 2441
face 0.065685764 243 1919 402 2121
face 0.06567517 458 367 651 819
face 0.06564488 1414 1051 1494 1211
face 0.06553779 900 648 1178 1132
face 0.0655325 38 326 153 727
face 0.06551215 419 1239 518 1418
face 0.06547913 396 1564 571 1794
face 0.0654356 2 2215 79 2372
