face 0.8550788 919 1312 1223 1733
face 0.12790972 1295 1550 1460 1949
face 0.12642907 1309 1476 1476 1722
face 0.124402635 1426 1172 1610 1521
face 0.11724655 877 460 1743 1829
face 0.11687984 1043 989 1633 2209
face 0.10721193 1212 3193 1416 3549
face 0.10175869 1374 1283 1507 1568
face 0.10012859 1341 1375 1448 1588
face 0.09987284 1342 1480 1525 1879
face 0.09946611 1261 1396 1568 1974
face 0.09657995 1410 1300 1709 1997
face 0.0953677 1349 1296 1465 1473
face 0.09480575 1423 1314 1601 1655
face 0.09372106 1362 1404 1506 1641
face 0.092965245 815 1331 1027 1609
face 0.092179194 1364 1058 1658 1639
face 0.09148641 1277 1499 1403 1753
face 0.0914676 1469 1208 1663 1709
face 0.09144638 939 1324 1521 1894
face 0.09104352 1330 -16 1435 280
face 0.089896046 1477 1005 1639 1467
face 0.08988425 900 41 1843 1331
face 0.08929321 1393 1600 1591 1984
face 0.08926773 1264 1347 1369 1579
face 0.08922487 1137 3165 1417 3784
face 0.089166366 923 1626 1761 3089
face 0.085350595 1182 1452 1319 1732
face 0.08461095 1164 2840 1487 3486
face 0.08449247 1163 1370 1312 1591
face 0.083968654 1406 1202 1531 1407
face 0.08344228 726 1649 1056 2296
face 0.0832578 849 1197 1431 1709
face 0.08313249 800 1421 1312 2132
face 0.08305067 1289 2948 1480 3319
face 0.08294682 1541 997 1688 1504
face 0.08286958 1389 36 1701 1307
face 0.08240767 785 1493 920 1712
face 0.081279434 835 1471 976 1710
face 0.0812361 1289 8 1459 397
face 0.080933504 829 1271 1712 2491
face 0.08032849 409 1710 674 2402
face 0.080074556 1316 2796 1662 3465
face 0.07952694 1292 1306 1406 1474
face 0.07926985 1207 3106 1422 3397
face 0.079080075 411 1331 757 2023
face 0.07892305 777 2231 969 2699
face 0.07854627 1474 944 1817 2146
face 0.07834752 1699 2199 1919 2503
face 0.07823239 1155 1286 1290 1528
face 0.078122005 1260 1602 1400 1877
face 0.07808624 685 1976 962 2645
face 0.07735109 517 773 1337 2201
face 0.0771831 1282 1432 1397 1643
face 0.07707884 1271 2600 1594 3300
face 0.07685993 1582 1780 1792 2261
face 0.07673589 386 1672 559 2314
face 0.07663372 1357 37 1531 319
face 0.07654695 1541 1868 1728 2395
face 0.076278575 1196 3080 1507 3660
face 0.07592103 1516 1328 1720 1816
face 0.07590996 1484 117 2003 948
face 0.07590668 1226 1756 1473 2051
face 0.075849265 19 3890 145 4108
face 0.07551924 790 1665 1000 1945
face 0.07534093 1262 -19 1378 286
face 0.0751862 1407 1004 1616 1317
face 0.07487443 1385 -28 1512 172
face 0.074780956 1329 1056 1489 1269
