face 0.99001795 471 971 1162 1812
face 0.12590216 45 317 1912 2253
face 0.12005514 1031 1463 1386 2009
face 0.11688687 426 1909 569 2297
face 0.11154131 1891 821 1986 1029
face 0.098102815 523 1160 677 1469
face 0.094859205 485 2204 686 2432
face 0.0938517 455 2016 617 2323
face 0.092531 413 2099 580 2415
face 0.09222749 1919 803 2023 949
face 0.092110425 477 1033 637 1410
face 0.09149654 427 2045 668 2496
face 0.09068375 1842 799 1946 1045
face 0.08841461 521 1909 676 2283
face 0.085108414 386 2181 539 2459
face 0.084290415 392 1737 614 2218
face 0.08405611 373 1609 520 2024
face 0.08404638 383 1969 528 2251
face 0.08379637 1182 1573 1437 2072
face 0.08362264 336 1056 542 1514
face 0.08314548 494 1210 714 1615
face 0.081543386 441 1052 561 1376
face 0.08140541 469 960 650 1242
face 0.08139188 1104 1390 1248 1703
face 0.08125949 467 1880 630 2201
face 0.08111525 1056 1648 1195 2031
face 0.079701275 897 796 1263 1304
face 0.07959213 1899 708 1995 934
face 0.079406284 1209 1170 1323 1530
face 0.079354495 1919 725 2023 875
face 0.07929937 479 1781 727 2261
face 0.079149745 421 1659 555 2098
face 0.07880936 179 2175 542 2612
face 0.07837356 227 2496 395 2686
face 0.07819691 506 2514 638 2678
face 0.07800523 406 2508 538 2671
face 0.07789224 1311 761 1451 1209
face 0.07767927 392 2434 548 2586
face 0.077564664 7 1857 238 2306
face 0.077375405 396 966 512 1235
face 0.07670844 374 1793 522 2127
face 0.07665887 1072 -43 1651 971
face 0.07659982 324 1971 478 2239
face 0.07658154 327 1563 470 1963
face 0.076220535 597 2515 733 2681
face 0.076156005 1881 -37 2011 113
face 0.07555816 1193 1366 1339 1760
face 0.0754139 264 2414 452 2598
face 0.07532038 392 1073 518 1363
face 0.07531099 1148 1285 1267 1669
face 0.07525612 144 2295 346 2575
face 0.07513401 355 1368 495 1742
face 0.074695244 1317 881 1534 1432
face 0.074584626 229 1982 358 2231
face 0.07440034 -22 1960 91 2235
face 0.07434372 458 928 564 1156
face 0.07421899 521 962 765 1205
face 0.07415372 1400 1051 1543 1506
face 0.07400686 478 1299 625 1715
face 0.07398164 1626 51 1925 441
face 0.073905 1174 -1 1686 459
face 0.07350753 1088 1562 1245 1963
face 0.07350572 1149 1118 1260 1479
face 0.0735038 1204 665 1332 1056
face 0.073447675 211 2087 361 2443
face 0.073379934 1741 881 1859 1125
face 0.07331085 438 2350 655 2548
face 0.073238224 1238 1449 1389 1821
face 0.0731047 1832 912 1948 1088
face 0.07290266 969 1800 1440 2178
face 0.072782375 514 842 725 1033
face 0.072674625 500 888 702 1147
face 0.072500154 159 2072 311 2323
