face 0.99991286 486 599 1199 1547
face 0.13632682 321 250 436 408
face 0.11351667 32 256 1569 1880
face 0.110710256 1421 1920 1577 2172
face 0.11066551 1070 1469 1211 1688
face 0.105342336 680 1067 976 1444
face 0.08993397 710 -11 899 323
face 0.0826797 -4 1370 65 1586
face 0.08240583 186 -76 604 236
face 0.08088096 -15 2007 81 2182
face 0.08064986 431 1531 550 1728
face 0.08054079 370 244 431 343
face 0.080507085 770 16 900 170
face 0.07933129 0 1888 135 2157
face 0.078903295 1357 1834 1616 2190
face 0.07824495 15 1320 94 1558
face 0.078130975 3 1358 75 1482
face 0.07794356 1383 1869 1529 2123
face 0.077649795 1587 1865 1684 1998
face 0.077588774 320 1491 501 1673
face 0.077496566 238 1794 323 2079
face 0.07732741 926 1633 1113 2024
face 0.077323526 278 1783 362 2101
face 0.07731424 1009 1433 1192 1621
face 0.07707459 302 227 353 322
face 0.07696819 515 1698 752 2108
face 0.076666415 1133 1772 1321 2161
face 0.07635105 285 1422 525 1755
face 0.07633975 59 1804 255 2156
face 0.07565353 1348 1850 1470 2139
face 0.07495454 1268 1791 1370 2095
face 0.07484297 1418 1834 1555 2051
face 0.0746669 10 1248 77 1344
face 0.07444194 904 1798 1111 2166
face 0.074420474 1243 1880 1329 2083
face 0.074407935 1210 1569 1327 1819
face 0.074340664 989 1309 1217 1646
face 0.07428699 836 1814 1039 2143
face 0.07425373 408 1247 500 1469
face 0.07409959 1461 1982 1613 2193
face 0.07400859 1409 1794 1564 1958
face 0.073825225 1457 2067 1618 2255
face 0.07378812 1124 1496 1247 1787
face 0.07368628 275 1628 379 1924
face 0.073677555 421 1404 559 1634
face 0.07346551 254 104 511 456
face 0.07328879 1213 1554 1417 1870
face 0.07319139 -17 1430 64 1713
face 0.07293692 943 -9 1034 88
face 0.07292819 222 1924 342 2146
face 0.07284909 -19 1842 71 2111
face 0.07266935 799 -15 907 104
face 0.07247999 1583 1899 1667 2098
face 0.07244602 1249 1607 1385 1803
face 0.07242505 772 0 992 323
face 0.072387606 337 216 403 309
face 0.07236373 1559 2080 1684 2241
face 0.07231933 751 156 853 429
face 0.07206871 714 248 802 492
face 0.072055556 1421 1749 1574 1897
face 0.0719335 1584 1804 1686 1944
face 0.071869105 1332 2097 1447 2241
face 0.07185986 1296 1806 1420 2066
face 0.07181408 345 257 462 526
face 0.07181045 261 228 306 320
face 0.07166541 8 1403 95 1644
face 0.07155302 180 1780 285 2079
face 0.0714631 -4 1244 57 1398
face 0.0714335 1329 823 1417 1012
face 0.071427934 342 244 407 348
face 0.07138041 1311 879 1427 1078
face 0.071377724 401 1577 506 1800
face 0.071334384 407 222 470 330
face 0.071294956 30 1256 99 1413
face 0.07118521 829 19 959 163
face 0.071147434 1043 1670 1159 1979
face 0.07098845 366 1205 448 1373
face 0.07097366 783 80 903 384
face 0.07089186 308 274 366 368
face 0.07086256 1143 1801 1230 2078
face 0.070793316 1517 1759 1622 2013
face 0.07078672 361 1271 453 1425
face 0.070677236 195 1137 293 1267
face 0.070666045 66 1092 141 1240
face 0.070646025 15 1311 82 1414
face 0.0706004 1342 1656 1461 1867
face 0.07057295 1161 1522 1298 1760
face 0.07053426 199 360 592 661
face 0.07052727 275 1205 380 1301
face 0.07031993 44 1854 178 2113
face 0.07031805 9 1451 109 1808
face 0.070235394 999 1559 1119 1875
face 0.07015163 992 1484 1128 1689
face 0.07002337 731 41 874 226
face 0.07001202 828 72 942 346
face 0.06999386 226 1148 334 1275
face 0.06998748 1194 1902 1272 2074
face 0.06990574 1383 1684 1508 1841
face 0.06987183 354 1565 484 1749
