face 0.9999877 617 917 1178 1622
face 0.16924566 45 322 1915 2247
face 0.12521788 837 2062 1112 2449
face 0.12285327 718 820 795 945
face 0.11961624 1651 1161 1932 1686
face 0.11737656 1678 901 1919 1357
face 0.11352772 474 2178 643 2445
face 0.105772875 892 2055 1123 2265
face 0.10423994 482 2310 678 2581
face 0.10299214 699 808 818 1003
face 0.09711003 469 1764 637 2053
face 0.094818965 520 1687 674 1983
face 0.08885091 1501 1222 1805 1777
face 0.0887439 698 2170 896 2454
face 0.08820723 762 822 838 944
face 0.08706732 357 2098 633 2475
face 0.086794145 612 2299 802 2573
face 0.08659867 695 849 973 1220
face 0.08606471 790 1047 1119 1456
face 0.085971855 408 2192 578 2444
face 0.08594282 368 1745 624 2122
face 0.085853726 1635 1089 1777 1345
face 0.08478733 732 817 875 989
face 0.0844623 673 826 770 1006
face 0.08373076 1709 1044 1873 1442
face 0.0829389 702 833 903 1081
face 0.08280747 551 2251 734 2528
face 0.08261594 61 2160 318 2588
face 0.08244913 556 2065 868 2444
face 0.08226356 1473 1425 1767 2166
face 0.08199577 1286 1414 1565 1837
face 0.081936784 1523 1002 1788 1468
face 0.08176855 1130 1863 1398 2286
face 0.08173313 682 800 759 940
face 0.07992187 353 2243 523 2508
face 0.079677634 690 2203 1001 2554
face 0.0792128 369 2279 635 2596
face 0.07913149 578 1570 717 1947
face 0.07869633 743 2252 938 2500
face 0.07846817 1680 1715 1888 1956
face 0.077111274 602 2215 824 2434
face 0.077108 687 2501 854 2688
face 0.07694713 798 1204 1005 1448
face 0.07675298 306 2300 490 2582
face 0.076717444 759 2143 961 2342
face 0.07639327 641 1107 971 1540
face 0.0761507 1703 1941 1875 2224
face 0.07581501 1691 1004 1809 1262
face 0.075795524 561 2381 713 2590
face 0.07565826 514 1605 775 2055
face 0.07546035 1418 1485 1574 1772
face 0.07538421 688 2316 898 2575
face 0.07537746 1858 1311 2006 1516
face 0.07534052 1402 1518 1679 1948
