face 0.9999856 70 0 436 376
face 0.9992322 13 216 136 544
face 0.96794987 433 0 475 77
face 0.78455615 452 5 505 110
face 0.6465887 465 23 495 95
face 0.44312084 -14 343 117 597
face 0.40470892 421 2 466 52
face 0.3017023 345 65 404 116
face 0.2487829 409 270 470 390
face 0.14162537 402 -1 455 95
face 0.12547643 351 128 426 236
face 0.11108446 -3 -10 20 39
face 0.11105188 397 13 430 98
face 0.109541915 410 38 444 130
face 0.10399156 409 -1 445 61
face 0.0932541 414 -22 528 148
face 0.089454144 67 1 144 91
face 0.08663953 -3 555 24 603
face 0.08555731 360 9 423 105
face 0.08393233 464 -11 491 40
face 0.0836532 413 58 470 186
face 0.08202999 -50 264 126 450
face 0.08160303 -71 335 153 496
face 0.081468634 197 -7 247 31
face 0.07991939 30 348 194 592
face 0.07787708 464 50 495 125
face 0.076484874 113 240 184 350
face 0.07563603 222 1 295 89
face 0.07519295 402 -4 431 26
face 0.07499298 17 386 150 477
face 0.07418402 408 427 471 543
face 0.0737551 414 -4 440 35
face 0.07351605 49 422 131 593
face 0.072761565 424 16 462 91
face 0.072227634 450 240 504 351
face 0.07211811 433 42 472 153
face 0.07206012 -6 389 43 598
face 0.07154301 434 258 471 364
face 0.07146485 90 384 151 506
face 0.071213074 463 256 493 334
face 0.07116568 464 121 492 188
face 0.070938215 251 559 298 599
face 0.070755795 445 102 477 207
face 0.07046284 1 -7 43 29
face 0.070314944 148 262 223 366
face 0.07021411 425 226 461 298
face 0.07020729 226 -6 270 29
face 0.07003166 -3 0 70 94
face 0.07000536 -48 291 77 378
face 0.06998202 395 189 583 379
face 0.06957727 189 69 244 113
face 0.06949529 437 180 469 289
face 0.069391295 174 -7 227 32
face 0.069103815 410 29 446 80
face 0.0689579 89 206 159 322
face 0.06888372 45 356 178 441
face 0.068761066 180 1 260 84
face 0.06875794 -21 -10 116 220
face 0.06848469 333 181 384 247
face 0.06844349 422 38 459 136
face 0.0681599 -54 198 120 382
face 0.06814389 433 -8 476 33
face 0.06813876 396 -1 430 55
face 0.0680101 463 537 492 600
face 0.06799831 426 206 480 318
face 0.06782706 388 443 581 627
face 0.067702755 36 420 171 510
face 0.06761712 351 243 417 341
face 0.06739347 -2 578 29 619
face 0.06736373 209 50 260 99
face 0.067307256 395 46 429 129
face 0.06730126 207 0 261 56
face 0.06727996 425 248 459 342
