face 0.99979025 334 802 1124 1847
face 0.12220116 51 312 1898 2248
face 0.1220073 1014 1700 1135 1953
face 0.11091184 1040 1648 1182 1902
face 0.105954744 1236 717 1479 1138
face 0.10511555 927 369 1546 965
face 0.10348964 322 812 415 974
face 0.091535605 1343 1839 1475 1991
face 0.09007846 1413 1900 1522 2057
face 0.087972194 1425 1850 1524 1981
face 0.08766002 1586 1883 1761 2200
face 0.08676202 1193 1241 1470 1645
face 0.08580855 1244 1757 1516 2140
face 0.0857547 1143 314 1594 709
face 0.08543057 1309 1878 1420 2070
face 0.08477017 335 1058 653 1543
face 0.083277695 1374 1918 1477 2107
face 0.08317944 876 545 1345 962
face 0.08297778 417 794 566 1086
face 0.08121999 987 1679 1078 1927
face 0.08049585 309 1881 573 2331
face 0.079861134 1879 2497 2014 2680
face 0.07984375 1251 1286 1418 1567
face 0.079762705 1095 241 1900 1089
face 0.07923196 357 1549 655 1910
face 0.0787452 1273 435 1379 546
face 0.07865559 265 1907 423 2175
face 0.078358404 1091 1634 1249 1890
face 0.07779882 85 995 349 1462
face 0.077756315 989 1760 1095 2004
face 0.07768625 52 1638 122 1760
face 0.077355616 -10 1502 65 1695
face 0.07705812 365 868 521 1218
face 0.07700815 1281 1067 1563 1554
face 0.07699649 697 1048 1016 1478
face 0.07683459 973 1566 1181 1959
face 0.076821946 392 2506 538 2680
face 0.0762424 220 1817 475 2275
face 0.07621174 1210 2030 1586 2573
face 0.0762033 1001 788 1405 1246
face 0.075986385 1250 418 1324 536
face 0.07550218 1333 1783 1473 1928
face 0.07525588 1615 137 1930 588
face 0.075094864 244 1384 340 1590
face 0.07493539 169 2121 411 2556
face 0.07491199 1504 1897 1639 2164
face 0.0748227 502 681 687 934
face 0.07454492 918 1739 1135 2157
face 0.07419616 1425 1950 1552 2128
face 0.07410799 384 782 516 988
face 0.074086316 1467 1897 1568 2094
face 0.07401459 913 1400 1414 1773
face 0.07368324 301 815 396 1080
face 0.07365355 1330 1311 1473 1563
face 0.07359962 1342 1784 1586 2192
face 0.073529 915 533 1685 1330
face 0.07352091 583 741 894 1168
face 0.07345511 465 765 622 1079
face 0.07337195 231 2507 382 2686
face 0.07333323 1042 1599 1203 1796
face 0.073218904 86 1695 588 2043
face 0.07306841 1817 2415 1932 2612
face 0.07297866 994 543 1203 735
face 0.0727818 1216 811 1376 1106
face 0.072655246 1715 1171 1880 1378
face 0.072617695 375 2115 602 2371
face 0.07258097 221 2188 369 2457
face 0.07249175 287 824 366 972
face 0.07240841 1110 395 1437 774
face 0.072381034 335 846 464 1173
face 0.07215038 1394 1796 1512 1929
face 0.0721491 337 2509 479 2679
face 0.07211954 1355 243 1668 783
face 0.07188659 1828 1875 1940 2129
face 0.07184389 1895 2153 1992 2376
face 0.071797356 197 929 283 1110
face 0.07179671 262 848 336 1010
face 0.071710154 1687 1152 1794 1286
face 0.07163399 834 1596 1073 2078
face 0.07156575 1321 422 1407 562
face 0.07150356 1288 394 1381 512
face 0.07136189 13 1926 141 2276
face 0.07133614 885 756 1418 1542
face 0.071172856 1225 460 1360 624
face 0.07114205 1904 2235 2018 2401
face 0.071090065 185 826 279 1004
face 0.07107298 34 1591 108 1704
face 0.07107213 1688 496 1948 916
face 0.07106124 -3 1587 61 1761
face 0.07090781 1181 1396 1470 1827
face 0.07090169 73 1624 153 1788
face 0.07088888 1902 1757 2014 1916
face 0.0707778 288 1952 656 2559
face 0.070647284 248 1451 352 1678
face 0.070647135 1058 1583 1305 1965
face 0.07063503 1351 1996 1520 2194
face 0.070588775 1211 1221 1352 1500
face 0.07049886 1190 1330 1370 1617
face 0.07045686 -5 2524 124 2685
face 0.07036346 1014 1689 1214 2070
face 0.0703629 101 2507 279 2697
face 0.070341036 1127 1342 1311 1653
face 0.07024685 1178 410 1251 531
face 0.07023334 3 1497 100 1632
face 0.07009069 425 2193 652 2443
face 0.07007699 1303 1920 1458 2164
face 0.0700731 256 891 340 1109
