face 0.9997037 509 964 1039 1671
face 0.120380074 805 1064 1040 1533
face 0.11802217 1253 1803 1389 2081
face 0.11685339 589 1941 812 2364
face 0.116031475 1034 1843 1227 2220
face 0.1025606 850 1748 962 1975
face 0.09784922 966 1126 1137 1554
face 0.09608562 616 1893 760 2129
face 0.08660978 1198 1913 1294 2225
face 0.085542805 600 1798 824 2160
face 0.085155055 882 1596 981 1812
face 0.08421523 876 1682 974 1900
face 0.083677664 1140 1939 1250 2185
face 0.08321761 1298 1831 1418 2192
face 0.08235036 1065 1993 1256 2459
face 0.08224702 840 1545 1033 2006
face 0.08150124 1430 1479 1497 1614
face 0.08026683 1393 1707 1499 1911
face 0.07950101 997 1130 1116 1405
face 0.078200184 677 1825 1044 2165
face 0.07748091 1412 1480 1474 1679
face 0.07747925 1408 -34 1492 112
face 0.07698458 1270 1603 1393 1893
face 0.076734856 838 953 1067 1360
face 0.07553557 927 1728 1037 1894
face 0.07543271 716 2072 922 2520
face 0.075248644 604 1815 749 1987
face 0.07381163 888 2100 986 2506
face 0.07359943 1107 1801 1224 2125
face 0.0732677 1153 1804 1323 2183
face 0.073097914 584 1846 705 2067
face 0.07279694 1040 1958 1181 2173
face 0.07272557 1216 1752 1349 2034
face 0.07230311 815 1779 919 1975
face 0.072237186 942 1131 1076 1412
face 0.07217487 862 1612 946 1859
face 0.07210987 884 1820 985 2055
face 0.07208261 930 1922 1020 2253
face 0.07208026 1075 1120 1186 1404
face 0.071684085 934 2022 1027 2395
face 0.07166828 1356 1569 1436 1841
face 0.07159814 927 1770 1028 1994
face 0.07141155 984 1002 1114 1277
face 0.07112535 833 1728 932 1884
face 0.07094252 1397 24 1486 193
face 0.070483126 1425 1324 1497 1479
face 0.070378006 1269 1892 1385 2273
face 0.07037525 1030 979 1130 1203
face 0.07024844 1325 1580 1407 1857
face 0.07010288 942 1683 1042 1833
face 0.070023976 1221 1864 1347 2150
face 0.06992066 1069 1995 1203 2279
face 0.06969757 388 1815 611 2230
face 0.06947793 -18 -40 50 168
face 0.06935238 35 1653 156 1945
face 0.06934553 1430 1399 1497 1540
face 0.06933478 801 1747 887 1884
face 0.06923606 659 1836 759 2057
face 0.06894765 830 1929 960 2231
face 0.068815604 794 1735 979 2147
face 0.0688139 328 1919 548 2386
face 0.06865815 954 1237 1082 1515
