face 0.9999865 431 924 933 1652
face 0.122287504 336 0 575 376
face 0.119234726 355 1564 572 1942
face 0.11436594 101 1540 296 1949
face 0.111177295 400 1609 545 1858
face 0.10006439 231 1673 342 1993
face 0.097403534 441 1549 529 1716
face 0.09187553 136 1609 264 1884
face 0.089750305 183 1665 309 1952
face 0.088886276 120 565 225 895
face 0.08823428 77 488 263 953
face 0.088166974 1399 -35 1475 161
face 0.08740214 155 1636 345 2082
face 0.08693927 630 1780 868 2231
face 0.085241504 257 1318 466 1714
face 0.084966205 80 495 201 789
face 0.08485098 448 1390 525 1620
face 0.08471952 772 -13 1087 389
face 0.08305794 39 393 147 770
face 0.081772365 1388 2387 1483 2591
face 0.081304185 267 1689 371 1938
face 0.08092121 243 -48 331 180
face 0.08069711 954 4 1323 385
face 0.07868442 159 538 266 884
face 0.07846953 169 179 257 552
face 0.07726917 12 522 101 836
face 0.07684849 -15 1555 51 1825
face 0.07660381 1310 104 1431 367
face 0.0761789 -8 747 50 993
face 0.07567304 204 24 373 463
face 0.07559453 1267 107 1388 349
face 0.07526206 341 1724 540 2182
face 0.075181134 1023 2036 1099 2203
face 0.075158015 201 -45 296 144
face 0.074942365 53 1020 215 1492
face 0.07488796 184 1842 370 2295
face 0.0745797 88 862 252 1361
face 0.07418306 338 1423 450 1662
face 0.07367678 252 455 433 693
face 0.07340567 925 1130 1014 1505
face 0.07301903 366 1520 491 1709
face 0.07279077 851 1613 1023 1851
face 0.0726857 702 11 892 232
face 0.07267509 24 20 225 488
face 0.07242238 10 790 70 928
face 0.07232456 998 1180 1188 1650
face 0.072238505 183 1030 387 1521
face 0.072100915 348 1633 491 1834
face 0.07194291 396 1343 480 1618
face 0.071839154 24 644 96 894
face 0.071455896 148 1726 265 2009
face 0.071423374 510 1620 687 1840
face 0.071314536 223 90 526 554
face 0.07118315 943 1305 1164 1746
face 0.07113751 -16 -43 51 165
face 0.07110272 723 -39 870 139
face 0.07102401 -3 1663 74 1820
face 0.07097819 784 -113 1227 866
face 0.070872344 1086 1892 1181 2169
face 0.07079371 125 390 227 787
face 0.07076044 -5 1594 77 1762
face 0.07073238 27 731 101 1009
face 0.070704676 318 536 678 956
face 0.07067007 1043 1952 1131 2135
face 0.07064655 323 1700 421 1922
face 0.070624135 475 1560 647 1780
face 0.0703067 265 1826 372 2171
face 0.07023728 273 -39 394 128
face 0.07023382 1306 14 1429 217
face 0.07015972 1398 86 1495 261
face 0.070152715 1094 1385 1319 1832
face 0.07011515 318 1034 411 1375
face 0.07004943 162 -58 256 192
face 0.069989495 304 1801 414 2084
face 0.06972163 60 661 133 877
face 0.06971506 47 1197 146 1575
face 0.06970781 325 -57 761 916
face 0.069706194 77 2066 189 2349
face 0.069661334 290 1598 395 1771
face 0.069637425 969 1042 1060 1378
face 0.06958461 298 1428 517 1816
face 0.06949973 276 966 374 1319
face 0.069468565 76 308 187 696
face 0.069422185 6 734 67 865
face 0.0692987 106 1665 227 1957
face 0.06899883 197 -142 374 240
face 0.06899748 86 714 185 939
face 0.06895969 919 970 1099 1444
face 0.06892473 20 1542 118 1836
