face 0.99992394 32 5 848 1013
face 0.99376136 122 301 333 468
face 0.9535075 589 266 801 443
face 0.92892647 98 172 1298 1187
face 0.8169206 1236 1189 1319 1295
face 0.75882643 628 421 823 659
face 0.3709773 1246 1026 1309 1152
face 0.3352211 1170 1048 1243 1219
face 0.25325194 1097 738 1181 941
face 0.15158074 891 30 982 213
face 0.13003352 928 29 1013 207
face 0.1295817 1245 966 1306 1083
face 0.120909244 1239 1105 1323 1260
face 0.107403986 1029 430 1109 634
face 0.10533719 1137 1019 1226 1197
face 0.09990279 23 1231 160 1336
face 0.097465955 951 1023 1122 1263
face 0.09354019 744 1181 858 1293
face 0.09264808 1131 840 1218 1048
face 0.09136714 -15 269 48 448
face 0.08725636 928 96 1011 290
face 0.08617043 998 357 1081 576
face 0.08521731 -17 1240 76 1326
face 0.083648995 1209 990 1273 1163
face 0.08353521 396 446 572 693
face 0.08133736 961 192 1042 399
face 0.07751773 956 448 1105 712
face 0.07728222 964 123 1043 318
face 0.076675504 596 21 776 244
face 0.07553926 800 617 949 870
face 0.074493855 1132 765 1214 969
face 0.07397499 888 205 1035 461
face 0.07339295 -17 403 55 581
face 0.072345465 1067 441 1144 623
face 0.07220796 1263 1071 1329 1150
face 0.07209096 740 1231 862 1335
face 0.07197123 1214 1066 1356 1276
face 0.07180002 1207 923 1276 1095
face 0.071414664 997 223 1078 420
face 0.071140945 1266 1039 1326 1113
face 0.07112809 90 -22 223 64
face 0.071039595 -13 -27 48 87
face 0.07098111 871 -10 938 87
face 0.07082461 575 1135 690 1271
face 0.070810094 923 871 1322 1345
face 0.070756465 711 -144 1057 367
face 0.07063588 185 334 320 443
face 0.07063117 753 1053 851 1229
face 0.07019307 1034 475 1166 711
face 0.070011325 1208 1050 1279 1234
face 0.069947086 740 992 853 1147
face 0.06992453 1067 782 1157 963
face 0.06979196 562 373 767 594
face 0.06940821 1251 1101 1328 1187
face 0.06936679 1065 824 1210 1066
face 0.069297776 1267 1007 1325 1079
face 0.06917498 1072 680 1209 916
face 0.06897687 1031 559 1123 755
face 0.068797104 992 617 1141 862
face 0.068790495 1099 908 1186 1110
face 0.06870497 315 612 484 732
face 0.06860019 -15 39 54 211
face 0.0685374 -16 1009 59 1197
face 0.06841268 749 786 854 950
face 0.06839225 276 4 490 198
face 0.068335935 1101 519 1176 688
face 0.068279795 779 1139 887 1272
face 0.06826642 1265 971 1326 1046
face 0.068226315 851 -145 1201 355
face 0.068166904 273 642 448 759
face 0.06813091 856 73 1006 326
face 0.0679562 1064 370 1146 554
face 0.06778717 11 1194 163 1292
face 0.06778611 -16 334 52 515
face 0.06770411 610 650 775 868
face 0.06766024 0 1027 97 1233
face 0.06765921 1035 331 1173 578
face 0.06763041 1167 830 1253 1043
face 0.06761237 1164 903 1246 1114
face 0.067532815 931 135 1069 379
face 0.06747884 224 -20 361 64
face 0.06746571 824 -16 923 63
face 0.067363776 40 399 234 674
face 0.067347646 1200 1129 1288 1284
face 0.06719781 996 144 1073 313
face 0.06718056 988 535 1085 728
face 0.0670115 689 648 846 900
face 0.06699835 1064 530 1141 726
face 0.06690484 618 1082 715 1217
face 0.06689749 386 568 545 693
face 0.06688267 758 772 918 1026
face 0.06687811 619 679 1109 1097
face 0.066795826 1065 636 1148 839
