face 0.99843556 479 304 1241 1443
face 0.2635811 1401 1779 1572 2159
face 0.115715794 1131 17 1329 385
face 0.114798374 828 866 1093 1223
face 0.101412185 915 735 1128 1160
face 0.09662402 960 878 1203 1248
face 0.08699609 855 1433 1077 1839
face 0.086693 1122 70 1256 329
face 0.085672006 1591 1895 1668 2107
face 0.0854242 1217 1558 1409 1906
face 0.08289749 901 2105 990 2220
face 0.08251419 983 624 1219 956
face 0.0818614 1013 1441 1188 1853
face 0.081425026 869 2103 956 2219
face 0.08119845 1034 1524 1245 1957
face 0.08098036 941 2102 1039 2224
face 0.080745615 481 1708 601 2051
face 0.08040952 1056 2087 1182 2235
face 0.07985146 1002 1372 1114 1696
face 0.07942253 49 1780 264 2149
face 0.07930519 1310 1696 1499 2080
face 0.07922013 1608 1867 1685 1997
face 0.0792189 478 1193 593 1498
face 0.07898151 1478 1728 1587 2044
face 0.077508055 1303 1608 1415 1858
face 0.077284284 1525 1787 1612 2091
face 0.07706816 1125 1763 1250 2067
face 0.07675711 961 382 1212 764
face 0.07668273 1342 1649 1459 1897
face 0.07587197 1213 8 1409 405
face 0.075480014 1216 1805 1404 2149
face 0.07541602 946 1601 1161 1987
face 0.07537371 1209 0 1338 294
face 0.07530959 521 1446 1296 1980
face 0.075071536 447 1612 643 2016
face 0.07493349 1388 1659 1503 1888
face 0.07488046 395 1547 503 1839
face 0.0748279 441 1658 555 1987
face 0.074709535 1590 1700 1675 1824
face 0.07463406 448 1253 638 1629
face 0.074315146 1581 2031 1673 2163
face 0.07381865 1050 1407 1140 1732
face 0.07380774 983 2101 1086 2227
face 0.07371611 1430 1708 1555 1926
face 0.07371593 1579 2090 1680 2230
face 0.07369927 312 1616 420 1945
face 0.073627524 1600 1650 1681 1762
face 0.07356689 729 1424 1166 1723
face 0.07354788 1379 1741 1512 2012
face 0.07330841 1178 1457 1281 1638
face 0.07321318 1520 1688 1613 1969
face 0.073131636 1259 1706 1368 2069
face 0.0729172 1593 1746 1681 1885
face 0.07272907 1084 1409 1189 1652
face 0.07270995 863 1627 1089 1973
face 0.072642826 1209 1585 1328 1827
face 0.072567634 712 1540 959 1923
face 0.07255757 1500 2092 1600 2227
face 0.07228688 1482 1875 1586 2157
face 0.07213715 812 2098 913 2225
face 0.071958095 594 1890 828 2150
face 0.07190865 1169 1537 1284 1772
face 0.0718451 1259 1636 1380 1882
face 0.07178954 1517 1934 1610 2144
face 0.071711905 1172 92 1366 502
face 0.071593985 1070 1792 1216 2039
face 0.07148023 998 1580 1118 1919
face 0.07145323 1081 1515 1210 1808
face 0.07134631 515 1765 641 2100
face 0.071257286 1274 1496 1350 1629
face 0.07117776 215 1908 346 2149
face 0.071013875 926 1081 1166 1391
face 0.0709981 515 1859 739 2144
face 0.070967995 404 1442 508 1735
face 0.0709386 352 1565 468 1858
face 0.07057483 1273 1540 1356 1728
face 0.07035832 1441 1997 1540 2164
face 0.070327766 1167 1798 1288 2054
face 0.070275724 1368 1889 1510 2159
face 0.07017255 854 1601 1010 1875
face 0.07015163 1603 1587 1687 1707
face 0.070142664 -15 2014 75 2175
face 0.070074156 1078 -203 1506 675
