face 0.99998283 169 141 497 618
face 0.12051381 528 850 600 944
face 0.11007612 92 58 627 896
face 0.10924341 153 507 211 603
face 0.108617194 173 490 223 625
face 0.104314044 703 890 743 970
face 0.094676144 700 -11 735 70
face 0.0899505 -7 -12 42 42
face 0.084744975 455 254 580 504
face 0.08368256 700 926 747 992
face 0.08320427 141 450 222 606
face 0.08305879 678 -66 763 107
face 0.08247649 353 -13 433 53
face 0.08102021 439 50 496 130
face 0.08016849 488 57 595 223
face 0.07986219 148 484 208 564
face 0.078832105 170 335 285 516
face 0.078139015 9 -10 50 65
face 0.07701842 282 -9 356 48
face 0.07666548 342 341 414 461
face 0.07445918 131 468 190 574
face 0.0742419 608 877 804 1016
face 0.07374378 346 359 458 533
face 0.07359914 579 678 690 944
face 0.07337051 152 589 212 703
face 0.073100075 187 518 249 637
face 0.07279236 29 121 207 596
face 0.07254314 318 -11 396 52
face 0.07202183 0 931 47 994
face 0.07191912 50 631 166 787
face 0.07141994 705 393 735 475
face 0.071161844 65 263 155 455
face 0.07116127 700 813 743 943
face 0.07096966 -71 880 124 1013
face 0.070723444 376 5 612 357
face 0.07060549 -8 334 28 463
face 0.070441544 414 26 512 160
face 0.07029894 395 126 493 293
face 0.070219904 117 572 172 669
face 0.06985628 704 340 735 424
face 0.06985094 167 543 232 655
face 0.069297455 -6 905 41 966
face 0.06923167 -9 276 30 420
face 0.069147326 338 4 442 81
face 0.069128096 179 607 260 691
face 0.069060795 127 516 197 592
face 0.06895336 133 601 194 691
face 0.06875608 459 105 516 177
face 0.06867802 703 289 735 374
face 0.06854844 717 398 745 448
face 0.068452545 442 131 495 271
face 0.068427406 -7 444 25 556
face 0.068392105 443 91 494 204
face 0.06826717 705 437 737 528
face 0.06823073 24 -11 82 42
face 0.068191186 421 543 478 657
face 0.06818775 -7 394 25 506
face 0.06807668 702 214 734 298
face 0.067999355 716 423 745 474
face 0.06793731 716 372 745 423
face 0.06787522 618 636 704 828
face 0.06783702 408 26 483 102
face 0.06762292 -70 579 116 704
face 0.06761035 -10 538 29 654
face 0.067535125 474 -19 666 412
face 0.067234926 443 469 499 573
face 0.067184165 -8 485 29 608
face 0.067183025 321 569 450 718
face 0.06707994 420 499 480 610
face 0.06680675 716 347 745 398
face 0.066775955 648 35 790 211
face 0.06675945 687 895 721 962
face 0.06661284 579 586 686 837
face 0.06659432 479 92 538 193
face 0.06659313 137 239 191 392
face 0.06658596 715 321 745 372
face 0.06649657 4 311 51 483
face 0.06647544 58 544 123 612
face 0.066324 143 558 217 640
face 0.06626024 685 -9 718 73
face 0.06618945 701 134 734 222
face 0.066147014 388 1 461 81
face 0.066140905 701 51 737 149
face 0.066017956 3 451 45 603
face 0.06601324 627 315 816 452
face 0.06593598 -62 629 125 756
face 0.06593577 330 422 420 521
face 0.06592351 514 611 672 774
face 0.06591709 715 270 745 321
face 0.06582348 67 608 142 701
face 0.06576356 604 1 676 114
face 0.06575849 -34 -59 61 92
face 0.065706424 701 743 744 877
face 0.06566859 100 568 154 638
face 0.065414675 715 447 746 501
face 0.06536475 715 295 745 346
face 0.0653535 686 11 762 182
face 0.06521873 -10 196 29 344
face 0.065073565 424 115 478 239
face 0.065020055 96 557 192 685
face 0.064951874 687 339 765 514
face 0.06491694 -21 607 86 795
face 0.064915575 196 581 281 673
face 0.06490438 702 587 744 725
