face 0.9993574 364 244 670 651
face 0.118539564 21 155 938 1120
face 0.11772666 534 128 756 351
face 0.11393684 116 118 339 355
face 0.1101911 238 631 359 826
face 0.09047086 930 500 993 625
face 0.08979469 6 402 137 759
face 0.0892738 159 503 218 623
face 0.089050956 190 518 298 734
face 0.08773716 188 507 244 641
face 0.08555625 169 470 208 562
face 0.0852335 171 444 205 504
face 0.08506049 -12 41 116 315
face 0.08459946 106 696 244 1014
face 0.0844951 158 473 196 544
face 0.08415573 125 165 387 789
face 0.083345756 203 534 274 669
face 0.08111458 17 136 163 379
face 0.080207326 59 486 188 806
face 0.07998768 10 18 352 447
face 0.07923754 167 464 195 511
face 0.07770121 189 599 253 783
face 0.077307716 892 466 1017 655
face 0.07705241 154 438 189 501
face 0.076931074 1 456 82 683
face 0.076726586 302 671 382 792
face 0.076496325 322 367 426 615
face 0.07584064 272 109 415 317
face 0.07504388 316 378 371 532
face 0.07478328 130 495 196 629
face 0.07477158 185 470 225 551
face 0.074454606 62 676 185 1048
face 0.0744503 563 73 846 415
face 0.07421963 355 649 428 757
face 0.074174695 133 471 237 678
face 0.074082874 -27 421 205 604
face 0.07402184 312 419 362 498
face 0.073868394 339 400 398 589
face 0.07344748 190 443 231 518
face 0.073321514 77 564 155 762
face 0.073311955 17 -13 79 53
face 0.07290227 -5 595 176 821
face 0.07267197 7 54 239 300
face 0.07262003 496 381 675 588
face 0.0724948 168 415 211 483
face 0.07230567 188 567 251 696
face 0.072108634 940 730 991 808
face 0.0721079 900 678 953 824
face 0.0716564 405 215 518 311
face 0.0715484 163 618 275 828
face 0.071259156 192 11 341 227
face 0.071247496 898 609 955 767
face 0.07113217 -12 687 40 836
face 0.0710635 937 1114 987 1254
face 0.07105615 188 493 232 579
face 0.071053006 -88 557 156 737
face 0.071046695 232 673 328 792
face 0.071024954 83 402 150 530
face 0.07097032 816 141 950 378
face 0.07093119 53 349 191 692
face 0.07090819 527 15 670 238
face 0.07089675 69 175 287 419
face 0.0707377 932 443 991 567
face 0.070462525 25 7 106 118
face 0.07026328 24 960 244 1186
face 0.07017751 501 175 549 243
face 0.0700743 559 258 640 333
face 0.07003638 81 468 195 664
face 0.07003348 270 651 369 760
face 0.06997616 943 1211 990 1280
face 0.06994668 130 1066 268 1282
face 0.06992376 -10 -15 48 53
face 0.069920436 468 115 528 227
face 0.069820814 937 934 990 1094
face 0.06975156 928 -19 996 58
face 0.06957537 44 318 182 534
face 0.069475345 40 -8 91 82
face 0.069469765 938 1034 991 1196
face 0.06946687 37 298 482 643
face 0.06943947 4 569 76 758
face 0.06940812 -25 716 100 997
face 0.0692506 201 604 282 717
face 0.06923998 28 655 107 807
face 0.06919011 936 357 995 434
face 0.06917989 -13 623 38 779
face 0.06915428 559 233 632 304
face 0.06914064 629 579 742 688
face 0.06906743 135 -4 298 182
face 0.06906392 155 689 226 845
face 0.068988144 203 258 330 529
face 0.06888017 483 304 652 521
face 0.068787985 -12 166 43 343
face 0.06875125 641 341 707 506
face 0.06874027 612 348 726 566
face 0.06863707 -91 695 151 873
face 0.068616465 -11 550 39 721
face 0.06859008 185 683 253 845
face 0.06857575 944 1172 995 1251
