face 0.9960716 2276 598 2688 1128
face 0.99569005 3123 1508 3611 2091
face 0.14578734 2690 680 3032 1172
face 0.13006814 666 635 974 1171
face 0.12349953 2306 1808 2501 2122
face 0.11957148 2343 1938 2506 2153
face 0.1180124 2538 1697 2763 2052
face 0.11397833 2593 1935 2742 2205
face 0.11383409 2588 1816 2750 2108
face 0.11211541 920 72 4658 3688
face 0.11114871 2456 1398 2586 1563
face 0.111076266 4264 1743 4651 2125
face 0.1106232 2472 1521 2751 1969
face 0.108807 2292 1657 2543 2053
face 0.10867705 2698 631 3313 1285
face 0.107354596 2551 1393 2666 1530
face 0.1072213 2433 1274 2566 1424
face 0.10686073 2371 2002 2528 2224
face 0.10675472 2204 1578 2737 2280
face 0.10670741 2635 1939 2849 2358
face 0.106398314 2525 1439 2710 1727
face 0.10573167 2589 1376 2725 1551
face 0.10571743 2201 1049 2418 1352
face 0.10554876 2391 1292 2548 1496
face 0.10521983 2573 1282 2692 1411
face 0.105094865 2965 2033 3245 2445
face 0.104989074 2301 1370 2452 1567
face 0.10478151 2400 2121 2563 2409
face 0.104684584 2289 1267 2441 1432
face 0.104332775 2630 2026 2787 2254
face 0.10405103 195 1275 793 1978
face 0.10402618 2479 1459 2625 1656
face 0.10401878 2362 1391 2492 1540
face 0.103933394 2408 1123 2591 1315
face 0.10223423 2534 1958 2677 2126
face 0.10216019 2789 1998 3033 2318
face 0.10209038 2046 2540 2279 3011
face 0.1018291 1267 1296 1546 1723
face 0.1016852 2353 889 3003 1623
face 0.10166676 2632 1262 2783 1443
face 0.10156671 2635 1715 2842 2067
face 0.101542145 2313 1000 2587 1291
face 0.101465404 2693 1273 2838 1427
face 0.101463825 1773 1042 2002 1324
face 0.10114418 2729 626 3004 951
face 0.1011213 2829 608 3034 878
face 0.10099177 2084 1466 2307 1878
face 0.10092413 2669 1375 2800 1525
face 0.10087204 2534 2063 2669 2225
face 0.10064524 2131 1122 2322 1327
face 0.100600645 2221 2201 2468 2710
face 0.1005698 2238 1243 2412 1483
face 0.10047278 2646 1915 2809 2156
face 0.10029672 2576 2105 2735 2409
face 0.100099325 2380 1869 2526 2031
face 0.09988341 2227 1525 2437 1890
face 0.099826835 2502 1167 2662 1321
face 0.09973137 2374 2199 2568 2555
face 0.09970255 2333 1570 2611 1938
face 0.09966804 2280 1995 2458 2260
face 0.0995121 1967 1089 2148 1273
face 0.099338 2754 1031 3071 1616
face 0.09922496 2428 1453 2594 1729
face 0.09881334 2350 1289 2489 1425
face 0.0987443 2249 1346 2413 1612
face 0.09862747 2607 2167 2730 2316
face 0.0985806 2927 576 3081 737
face 0.09853662 2081 1317 2647 2056
face 0.098433316 2314 2135 2457 2327
face 0.0982578 2679 2045 2880 2256
face 0.098109566 2147 788 2745 1441
face 0.09794219 2612 1147 2803 1357
face 0.09790111 2664 2150 2809 2323
face 0.09784123 2648 1002 2921 1465
face 0.097714044 481 2018 871 2716
face 0.09766599 2827 1700 3047 2052
face 0.09755293 2320 2251 2570 2748
face 0.09728423 2274 1149 2471 1318
face 0.09728088 1664 1026 1873 1319
face 0.09724116 2165 2657 2421 3083
face 0.09705024 2556 1002 2807 1300
face 0.0970156 2260 2122 2437 2417
face 0.096925884 1925 1151 2125 1362
face 0.09677787 1809 1136 2041 1384
face 0.096767455 2720 1946 2871 2122
face 0.09675491 2305 2819 2509 3070
face 0.096711084 2687 1306 2868 1551
face 0.09654644 2536 1469 2664 1622
face 0.09650745 2818 1922 2997 2166
face 0.096474946 2535 2176 2725 2544
face 0.096465096 2312 1441 2460 1652
face 0.09639475 2293 1534 2484 1800
face 0.09616975 2254 1439 2418 1726
face 0.09615736 2292 1229 2889 1947
face 0.09605616 310 1146 683 1667
face 0.095906675 2097 1091 2267 1244
face 0.0958386 2133 1253 2318 1468
face 0.09583094 2865 717 3216 1228
face 0.09582253 2030 1152 2217 1323
face 0.09577201 2189 1078 2385 1242
face 0.09575744 2564 2840 2735 3067
face 0.09568139 2371 2847 2557 3036
face 0.09539822 2436 2230 2605 2481
face 0.09526509 2325 1744 2524 1954
face 0.09515199 2400 1468 2531 1629
face 0.095109895 2323 1797 2889 2464
face 0.09493062 2804 2140 3071 2542
face 0.094923206 2127 1344 2320 1611
face 0.09482998 2743 1866 2892 2044
face 0.094718374 1902 2408 2413 3120
face 0.09463795 2409 2169 2531 2310
face 0.09462664 3166 657 3308 835
face 0.09459888 3144 566 3303 742
face 0.09451481 2123 940 2339 1225
face 0.09447797 1752 913 2000 1174
face 0.09423135 485 1382 841 1879
face 0.09413448 3109 838 3577 1476
face 0.09411936 2333 2681 2543 3042
face 0.093597814 3385 690 3523 837
face 0.09358805 2702 2131 2904 2345
face 0.09350792 1510 1377 1684 1590
face 0.093479834 1575 1152 1757 1372
face 0.09343172 2844 2121 3105 2367
face 0.093422 1495 1164 1681 1433
face 0.09335962 1481 1269 1670 1540
face 0.09329392 1065 1159 1643 1907
face 0.09322412 2627 933 3190 1680
face 0.09315242 2216 2383 2432 2841
face 0.09309149 2637 1832 3201 2512
face 0.093015395 3334 605 3482 744
face 0.093012616 2064 2715 2326 3105
face 0.09297702 2667 2189 2871 2460
face 0.09287438 1960 965 2145 1159
face 0.09279301 3174 737 3329 964
face 0.09268457 2369 2924 2553 3192
face 0.09259136 2399 1047 2642 1256
face 0.09255044 3048 740 3394 1275
face 0.09230362 2165 2170 2683 2860
face 0.09199003 3223 625 3365 784
face 0.09194601 2321 1866 2454 2026
face 0.09192995 2876 563 3019 687
face 0.09171576 2392 2763 2572 2943
face 0.09154147 560 1181 800 1569
face 0.09137567 2619 2247 2773 2424
face 0.09124085 2920 629 3081 829
face 0.0911928 3950 983 4619 1685
face 0.09109704 2636 1408 2822 1657
face 0.09106268 2932 471 3138 655
face 0.09099353 1705 970 2292 1592
face 0.09097402 2619 1455 2763 1621
face 0.09087399 1231 1045 1829 1717
face 0.090868674 1517 958 1718 1180
face 0.090833485 73 791 666 1429
face 0.09079912 1962 1501 2167 1848
face 0.090746745 2724 1758 2917 1957
face 0.09074446 2897 1949 3062 2128
