face 0.8939012 450 371 527 473
face 0.13461858 26 165 957 1117
face 0.13438374 918 421 947 494
face 0.12676099 2 438 158 628
face 0.118767105 93 467 149 567
face 0.10938298 37 306 105 363
face 0.10738902 941 410 973 487
face 0.10693995 749 267 798 342
face 0.10555189 910 446 948 551
face 0.0970921 905 433 939 492
face 0.096875705 174 332 247 394
face 0.09682098 578 528 623 657
face 0.094247326 922 382 948 452
face 0.09145267 869 411 902 474
face 0.091441214 288 338 448 484
face 0.091177054 77 451 108 494
face 0.090950795 79 428 117 470
face 0.08991479 549 471 607 638
face 0.08955753 576 269 711 448
face 0.0888984 774 270 821 341
face 0.08777334 319 367 421 439
face 0.08754973 913 369 938 423
face 0.086872004 77 411 125 460
face 0.08611356 16 482 90 578
face 0.085259914 61 358 136 425
face 0.0851847 47 318 138 387
face 0.08463639 597 470 642 528
face 0.084118776 742 201 865 398
face 0.08359743 955 363 991 423
face 0.08336158 934 5 976 87
face 0.08307602 581 504 629 603
face 0.08287414 951 329 988 392
face 0.08240543 923 329 953 412
face 0.082368106 942 459 985 530
face 0.082352735 598 501 641 573
face 0.08223854 43 393 85 447
face 0.08218064 495 1063 608 1274
face 0.08212072 140 391 331 623
face 0.08209618 942 370 974 448
face 0.081732295 942 86 980 188
face 0.08168879 926 365 950 420
face 0.08145355 591 421 666 488
face 0.08117134 66 386 113 445
face 0.08110154 760 451 802 496
face 0.08094536 892 312 930 386
face 0.08086196 903 389 929 449
face 0.08082308 92 437 133 491
face 0.08078449 122 544 339 753
face 0.080630384 923 102 951 180
face 0.08058636 185 406 239 469
face 0.08047997 82 317 140 370
face 0.080465436 42 371 93 427
face 0.08035098 88 416 140 473
face 0.08026353 90 457 137 520
face 0.0802101 165 404 218 466
face 0.08020315 939 332 974 416
face 0.08014271 28 468 87 538
face 0.08007541 944 492 991 563
face 0.08002281 335 346 410 403
face 0.08000321 893 411 924 461
face 0.07999246 290 433 370 496
face 0.0798543 80 462 116 508
face 0.079747766 20 309 167 468
face 0.07952023 255 516 302 564
face 0.07941702 773 441 823 493
face 0.07935269 276 436 337 491
face 0.07929238 907 316 1021 544
face 0.07925538 881 271 933 374
face 0.079235196 615 23 923 565
face 0.07920998 862 384 896 456
face 0.07918788 579 464 627 526
face 0.07905011 918 304 951 383
face 0.07888613 864 429 908 507
face 0.078882605 46 236 98 290
face 0.078740984 171 355 239 419
face 0.078498945 59 489 122 570
face 0.07826268 44 454 77 498
face 0.07823786 908 334 940 399
face 0.07815059 113 457 161 536
face 0.07807986 832 430 887 493
face 0.07806607 247 439 295 491
face 0.07805446 317 324 369 372
face 0.07803524 897 339 929 413
face 0.07802485 255 494 289 534
face 0.07799414 63 320 119 370
face 0.07783621 266 505 334 567
face 0.07782822 275 488 367 577
face 0.077816986 444 287 508 388
face 0.077811554 489 1030 562 1210
face 0.07780419 550 486 650 691
face 0.07778947 604 566 641 651
face 0.077774025 187 461 368 688
face 0.07763382 125 331 269 510
face 0.077562995 155 336 211 389
face 0.07752825 252 412 392 589
face 0.07743246 954 401 991 462
face 0.07741904 831 322 939 532
face 0.07725773 124 513 218 608
face 0.07715845 633 500 686 566
face 0.077146895 726 558 951 756
face 0.077137865 101 359 249 651
face 0.07699752 602 527 643 595
face 0.076987706 32 324 96 405
face 0.07696624 948 294 990 358
face 0.076826975 241 529 314 601
face 0.076725475 310 347 377 398
face 0.07664908 84 384 140 450
face 0.07654886 922 77 954 152
face 0.07647194 930 410 955 457
face 0.07646448 892 472 942 563
face 0.0764326 822 196 944 414
face 0.076431826 872 368 904 430
face 0.076424986 782 244 833 316
face 0.076358646 493 408 554 562
face 0.076357 936 -13 997 56
face 0.07635474 936 259 978 353
face 0.07631092 389 480 455 668
face 0.076296926 581 386 691 473
face 0.07628825 127 463 189 546
face 0.07628788 936 538 990 656
face 0.07620939 71 475 121 535
face 0.07618422 294 391 405 469
face 0.076160096 866 904 952 992
face 0.07613307 110 137 454 498
face 0.0760596 48 282 97 332
face 0.07604454 285 465 360 533
face 0.07596093 44 430 81 472
face 0.07595885 938 302 973 384
face 0.07584352 213 449 256 502
face 0.07582904 735 238 798 309
face 0.07566727 747 448 786 493
face 0.0755771 48 389 178 595
face 0.07548403 274 489 317 534
face 0.07542126 222 537 419 748
face 0.07537187 936 169 986 285
face 0.07530561 706 318 755 407
face 0.075272344 943 148 996 225
face 0.07525109 910 255 954 358
face 0.07524406 702 1004 871 1270
face 0.07516446 563 425 630 497
face 0.07512693 515 301 594 411
face 0.07507801 754 308 808 392
face 0.075076155 755 1131 844 1275
face 0.07502606 208 405 261 466
face 0.074994594 187 438 236 501
face 0.07494556 714 264 761 340
face 0.07482693 838 406 881 475
face 0.074821465 163 429 217 498
face 0.07479328 359 315 424 375
face 0.07475481 261 503 293 550
face 0.07474731 884 -3 951 60
face 0.07465843 339 319 398 374
