face 0.99991786 275 190 818 1009
face 0.12225086 345 1030 465 1288
face 0.11447371 63 252 1574 1907
face 0.11377427 1062 1743 1306 2082
face 0.11211787 250 962 454 1310
face 0.098365076 1039 1450 1251 1805
face 0.09745404 599 1725 1047 2137
face 0.09427608 557 1557 915 2024
face 0.09260359 -35 1280 74 1512
face 0.09247356 712 1567 1095 2028
face 0.09006736 796 1693 1196 2112
face 0.08875537 1382 1019 1607 1397
face 0.088190965 466 5 687 167
face 0.08710734 265 1070 404 1299
face 0.087077886 1372 608 1614 952
face 0.08599596 383 967 500 1264
face 0.08503682 1545 263 1617 500
face 0.0844799 -11 1178 261 1661
face 0.08369308 159 883 409 1273
face 0.0834603 1031 1614 1181 1849
face 0.08286128 1576 276 1660 504
face 0.082763016 953 1601 1338 1990
face 0.08258208 1552 196 1613 418
face 0.08205044 1329 1015 1555 1586
face 0.081894234 -22 1397 69 1675
face 0.08180347 0 11 220 302
face 0.08162138 1229 1061 1464 1577
face 0.081500396 935 1948 1174 2137
face 0.08092202 -14 27 66 190
face 0.08029656 380 1116 520 1342
face 0.080171145 326 191 602 544
face 0.07897898 1536 100 1614 367
face 0.07860078 578 -31 746 110
face 0.07799306 740 876 858 1143
face 0.077478975 1574 533 1681 663
face 0.07744459 1579 487 1678 612
face 0.077346124 -44 1387 71 1544
face 0.07698507 1360 438 1627 848
face 0.07632583 1066 726 1206 959
face 0.076078504 -12 -25 62 114
face 0.07605896 897 2020 1058 2160
face 0.07582308 987 1715 1129 1905
face 0.075709395 944 1253 1218 1732
face 0.075647056 565 2077 713 2238
face 0.07561536 828 675 1032 1047
face 0.07536081 1284 702 1684 1002
face 0.075167626 1183 1484 1427 1857
face 0.07498909 -8 354 215 715
face 0.07477168 215 1042 374 1220
face 0.07475389 440 207 704 543
face 0.074548185 1571 590 1686 727
face 0.074530266 1088 1905 1273 2142
face 0.07445882 66 678 317 1108
face 0.07443783 1322 1662 1504 1851
face 0.074153915 1367 240 1603 624
face 0.07396753 9 352 129 623
face 0.07394004 475 2006 624 2158
face 0.07380207 161 61 406 439
face 0.07372745 863 1356 1008 1599
face 0.073362425 1060 1268 1244 1446
face 0.07330489 1589 424 1684 551
face 0.07326556 -57 823 356 1143
face 0.07314247 1584 118 1660 332
face 0.073058836 1201 1029 1415 1227
face 0.073029555 1234 1569 1395 1813
face 0.07302224 931 1515 1345 1826
face 0.072996534 1056 1272 1301 1613
face 0.07294915 1582 -29 1678 95
face 0.072916895 383 531 657 967
face 0.072593905 716 1369 868 1583
face 0.07250654 946 2074 1097 2238
face 0.072502986 25 -16 122 84
face 0.07239823 166 1231 316 1453
face 0.07233847 1459 375 1547 521
face 0.07226976 739 734 855 1028
face 0.072255895 787 888 902 1156
face 0.07219396 1195 673 1393 994
face 0.07205291 829 858 949 1151
face 0.07189879 51 126 210 277
face 0.07184005 49 24 166 171
