face 0.99950206 106 261 474 804
face 0.745516 16 113 700 833
face 0.12152685 183 662 283 745
face 0.117089614 248 485 350 660
face 0.10662694 -14 512 28 639
face 0.10376215 152 667 230 741
face 0.09012259 169 691 254 761
face 0.0894749 230 12 346 156
face 0.086590566 -13 585 34 719
face 0.08474775 312 -16 356 73
face 0.084266305 -47 456 90 619
face 0.08350837 465 316 508 480
face 0.08319205 40 698 95 806
face 0.08159168 86 0 298 398
face 0.080952555 161 736 215 830
face 0.07810487 0 931 46 993
face 0.07768549 177 -20 359 429
face 0.0767145 346 302 454 462
face 0.07636479 367 865 455 946
face 0.07620618 140 729 191 834
face 0.07273403 288 -12 345 47
face 0.07213764 334 519 447 681
face 0.07205682 166 715 245 795
face 0.071710326 4 426 123 642
face 0.07157593 696 -14 746 44
face 0.0710026 13 767 79 846
face 0.07075905 -5 905 41 965
face 0.0705088 178 281 295 434
face 0.07033897 238 5 313 88
face 0.07012267 253 -118 459 235
face 0.07007935 -8 78 30 203
face 0.070056476 464 395 560 605
face 0.0698972 -15 492 25 556
face 0.069564715 274 3 350 87
face 0.06924004 482 317 531 489
face 0.0691009 -70 880 121 1013
face 0.068647586 -12 716 30 837
face 0.068627074 615 726 805 863
face 0.06845933 19 687 74 814
face 0.06822678 172 741 232 864
face 0.068216085 200 2 308 129
face 0.06804718 197 740 294 821
face 0.06785349 251 578 340 673
face 0.06784725 121 739 209 889
face 0.06777638 389 -93 613 220
face 0.06753993 58 729 118 826
face 0.067528374 298 5 365 118
face 0.06745389 620 673 806 811
face 0.067289114 369 122 423 209
face 0.06728624 545 -104 747 264
face 0.06726953 1 649 56 806
face 0.067100555 267 545 390 696
face 0.067023985 334 -12 372 69
face 0.0669845 347 8 658 278
face 0.066886 601 -2 712 157
face 0.066801794 219 638 323 726
face 0.06673337 275 -10 316 75
face 0.06669356 314 -38 697 158
face 0.06667566 335 -7 419 145
face 0.06661041 -8 -10 22 55
face 0.06659189 356 -11 393 67
face 0.06655523 392 125 465 205
face 0.06652061 226 -3 488 328
face 0.066427104 251 444 307 572
face 0.06630195 254 -9 305 46
face 0.066288784 114 0 240 141
face 0.06618941 126 -74 400 211
face 0.066188544 337 234 439 380
face 0.06614962 619 519 812 656
face 0.0660807 -13 657 30 794
face 0.06602267 -34 494 42 654
face 0.065886684 116 297 227 451
face 0.06584591 0 744 58 874
face 0.06584379 348 124 399 204
face 0.06584247 30 57 228 527
face 0.0657916 214 764 311 843
face 0.06564805 223 512 293 636
face 0.065629974 290 101 367 182
face 0.065599546 620 571 809 709
face 0.065552674 638 38 787 209
face 0.06553341 679 7 763 179
face 0.06542363 28 -9 72 38
face 0.065368704 287 -53 374 100
face 0.065365896 101 560 194 740
face 0.06527413 55 617 160 777
face 0.06525997 410 719 520 905
face 0.065234646 369 -10 424 46
face 0.06522519 316 -27 517 93
face 0.065104164 -12 775 33 895
face 0.06505126 210 612 304 696
face 0.06499473 702 749 744 868
face 0.06482522 42 669 135 838
face 0.06470222 367 -3 463 152
face 0.064671814 11 -9 50 37
face 0.064670905 -8 7 25 93
face 0.06466915 602 439 716 614
face 0.064568184 363 193 509 367
face 0.06455556 613 780 800 916
