face 0.999726 490 1030 965 1695
face 0.12550549 1053 1945 1267 2375
face 0.11743655 814 1847 1328 2450
face 0.113653906 726 1084 963 1574
face 0.11343855 577 1810 953 2134
face 0.1068206 1385 2319 1480 2574
face 0.10347276 499 1882 720 2322
face 0.0979247 963 1152 1131 1621
face 0.09425019 737 1829 1169 2178
face 0.08892683 1404 1937 1477 2156
face 0.08777281 3 1318 216 1739
face 0.08673213 1349 2369 1441 2570
face 0.08564969 764 1913 1013 2301
face 0.08504902 -9 1677 96 1832
face 0.084015556 696 1885 888 2107
face 0.08382691 1423 1886 1496 2024
face 0.08353378 -18 1563 63 1810
face 0.08336401 1098 2108 1306 2528
face 0.08332605 922 1958 1119 2392
face 0.0831518 598 1939 726 2226
face 0.0821654 284 1480 516 1858
face 0.07997119 387 1810 752 2172
face 0.077517174 956 1551 1081 1805
face 0.07729122 -42 1525 310 1878
face 0.07619356 951 1461 1152 1847
face 0.075965516 932 1255 1023 1588
face 0.075258754 1430 1812 1501 1953
face 0.07506698 1417 1787 1482 2007
face 0.075047664 1406 -34 1492 114
face 0.074972354 551 1879 698 2174
face 0.07464801 77 1844 180 2185
face 0.07463709 960 1206 1050 1553
face 0.07460123 981 2132 1206 2543
face 0.07384625 998 1257 1102 1549
face 0.07346293 -15 2374 74 2585
face 0.07293029 1219 1458 1419 1874
face 0.07264609 -6 1717 82 1930
face 0.07224661 1006 1840 1173 2065
face 0.07223511 658 1868 793 2037
face 0.071426414 887 1563 995 1810
face 0.0713932 1401 2196 1501 2373
face 0.07139208 921 1104 1073 1561
face 0.07130333 993 1749 1101 1932
face 0.07128343 0 1553 131 1809
face 0.071130045 1396 2269 1499 2452
face 0.070925035 347 1498 511 1724
face 0.0707227 917 1699 1036 1926
face 0.070634454 364 2041 778 2498
face 0.07061008 1425 1731 1500 1889
face 0.07048749 997 1302 1190 1774
face 0.07040682 671 2101 894 2505
face 0.07037894 55 1392 285 1805
face 0.0703766 1235 1870 1424 2290
face 0.070317455 666 1965 776 2183
