face 0.99958295 396 1173 917 1937
face 0.122786574 1030 1902 1238 2300
face 0.120362036 183 1732 308 2007
face 0.11944067 1283 1985 1364 2337
face 0.10736219 1328 2000 1411 2366
face 0.10536884 1406 -33 1492 114
face 0.09936083 890 1610 995 2013
face 0.09773234 854 1644 1035 2130
face 0.09255896 140 1798 260 2079
face 0.0879726 191 1508 359 1726
face 0.08778398 795 -240 1219 704
face 0.0864387 869 1147 1001 1364
face 0.08266772 880 1205 982 1471
face 0.08000769 1019 633 1351 1123
face 0.07843644 1421 1939 1496 2099
face 0.077170715 157 1423 384 1824
face 0.07565578 1087 2004 1297 2429
face 0.073312856 1404 2340 1495 2508
face 0.07224501 1423 1390 1499 1552
face 0.07196912 1058 1928 1203 2117
face 0.071595035 846 1841 1043 2346
face 0.07140513 1420 159 1495 323
face 0.07122465 1421 1871 1498 2031
face 0.071047306 1418 224 1496 394
face 0.07091972 692 1282 918 1718
face 0.070522115 929 1417 1031 1804
face 0.07049508 340 1714 457 2032
face 0.0704421 338 706 558 1132
face 0.07018828 -16 -38 50 163
face 0.06973145 883 1462 987 1744
face 0.06968045 1415 492 1497 671
face 0.06933318 1120 1978 1279 2199
face 0.06908198 960 1452 1080 1770
face 0.06896609 1418 1042 1496 1212
face 0.068906166 1422 1599 1496 1754
face 0.068872854 93 1675 206 1820
face 0.06885442 1171 520 1466 977
face 0.0688522 98 1755 231 2015
face 0.06862729 1396 25 1486 191
face 0.068560876 1423 1800 1499 1960
face 0.06847645 673 -68 1033 1093
face 0.06844062 131 1521 300 1716
face 0.06840412 1425 1668 1497 1820
face 0.06839289 823 2136 1053 2551
face 0.06838589 956 1327 1072 1608
face 0.06834996 750 1489 955 1948
face 0.068330064 -18 2406 85 2577
face 0.06800306 837 1571 960 1883
face 0.06793744 861 1011 1016 1245
face 0.06791465 590 1139 753 1417
face 0.06790907 1425 1733 1499 1889
face 0.067898296 747 945 910 1166
face 0.067862555 919 1282 1016 1544
face 0.067832984 1416 2275 1497 2441
