face 0.99999595 181 379 321 569
face 0.99984384 438 251 693 586
face 0.11841902 15 118 707 838
face 0.11704333 200 834 222 886
face 0.11411974 208 837 227 879
face 0.1134626 181 911 225 960
face 0.102711834 170 809 195 881
face 0.102354065 179 833 202 888
face 0.09942198 579 831 607 888
face 0.09660994 200 816 220 866
face 0.09619711 485 841 511 908
face 0.09588416 178 809 201 865
face 0.09566086 522 890 540 927
face 0.095581055 494 854 515 905
face 0.09551956 211 816 232 883
face 0.09511982 498 845 518 889
face 0.09506836 224 826 257 918
face 0.09467944 210 785 236 855
face 0.09429263 541 916 559 946
face 0.09395691 506 881 525 920
face 0.09369719 144 746 222 913
face 0.093441546 531 941 558 984
face 0.09335059 192 800 216 856
face 0.09333502 527 913 544 945
face 0.093187034 543 895 563 936
face 0.09318481 212 861 242 906
face 0.09261458 559 914 579 948
face 0.09257989 536 893 553 926
face 0.092576765 568 840 591 887
face 0.09216767 190 871 217 924
face 0.09198628 521 874 538 912
face 0.09187914 547 939 576 983
face 0.09166725 551 784 628 931
face 0.09166654 346 180 386 227
face 0.09106702 604 767 639 875
face 0.090984516 520 849 539 886
face 0.09072569 499 870 519 912
face 0.090682216 204 857 231 922
face 0.09048754 518 860 536 903
face 0.090398744 561 851 585 905
face 0.09036723 457 822 495 902
face 0.09025449 202 862 226 900
face 0.09023159 589 835 624 903
face 0.08958302 233 809 285 943
face 0.08936458 480 804 508 884
face 0.089328244 554 893 575 931
face 0.089005284 514 889 533 924
face 0.08898196 198 789 220 837
face 0.08872874 144 779 183 879
face 0.08850397 568 846 605 928
face 0.08843228 528 844 545 878
face 0.088345006 177 788 200 838
face 0.08811569 494 777 519 856
face 0.08773654 565 936 600 985
face 0.08771754 183 779 262 940
face 0.08764358 221 868 270 947
face 0.087492935 510 842 529 878
face 0.0874886 506 812 528 854
face 0.08738336 541 873 560 913
face 0.0873702 359 176 402 222
face 0.08728837 530 871 547 904
face 0.08698062 588 775 623 866
face 0.08696309 -5 787 35 882
face 0.08695677 199 890 239 946
face 0.08638319 508 870 527 905
face 0.08632832 578 810 608 867
face 0.08629197 484 873 510 922
face 0.08610887 517 914 537 947
face 0.08591177 493 822 515 881
face 0.08589524 580 865 625 939
face 0.0856564 157 829 191 884
face 0.085490085 542 848 560 887
face 0.08545191 381 149 409 188
face 0.08527311 498 811 520 859
face 0.08519348 218 776 303 959
face 0.085157275 558 871 586 933
face 0.085074626 582 937 621 988
face 0.08503888 500 786 524 831
face 0.085027836 551 868 571 904
face 0.08483895 218 307 322 441
face 0.08472324 428 779 509 937
face 0.0846279 206 752 239 832
face 0.08454825 61 615 145 797
face 0.084498405 531 785 555 843
face 0.084374145 508 908 528 941
face 0.08437392 222 331 291 411
face 0.08431607 138 467 184 627
face 0.08419872 600 878 650 938
face 0.083973944 567 731 648 907
face 0.083927915 475 763 507 861
face 0.08375495 555 843 573 877
face 0.08356621 190 895 226 938
face 0.08351966 538 862 556 905
face 0.08350546 359 148 389 191
face 0.08329222 245 290 304 407
face 0.08300357 515 785 541 854
face 0.082907245 321 150 430 269
face 0.08290385 699 498 745 599
face 0.08286621 453 788 494 875
face 0.08286375 521 940 548 987
face 0.08286142 209 787 231 827
face 0.08281464 527 747 556 830
face 0.08279934 481 784 509 833
face 0.08268749 522 817 541 853
face 0.08238906 12 434 42 524
face 0.0821739 237 880 283 962
face 0.08216525 219 766 258 867
face 0.08216238 187 863 214 902
face 0.082063854 623 887 674 942
face 0.08189338 214 186 308 262
face 0.0818891 572 778 611 856
face 0.081650056 171 873 196 924
face 0.081592344 194 765 222 819
face 0.081529565 510 827 593 969
face 0.08150446 574 275 692 454
face 0.0814776 332 785 419 934
face 0.08143167 574 908 606 955
face 0.080704674 679 432 719 558
face 0.08058041 177 867 202 909
face 0.080572546 467 728 542 898
face 0.08028407 603 837 639 916
face 0.08020431 399 607 462 689
face 0.08015767 186 346 296 485
face 0.0801262 42 288 101 371
face 0.08012304 525 709 565 816
face 0.08011283 2 478 26 529
face 0.08009695 193 924 244 989
face 0.08004279 0 777 41 837
face 0.079896845 3 721 54 849
face 0.07980036 517 826 537 877
face 0.079770945 -1 444 24 520
face 0.07972658 -33 777 45 917
face 0.07971935 338 132 375 188
face 0.07956363 170 927 214 985
face 0.07956119 175 900 208 940
face 0.07953081 31 429 63 526
face 0.07948346 0 905 37 966
face 0.07937805 340 192 375 252
face 0.079280674 377 166 408 200
