face 0.99953794 242 301 523 683
face 0.11859533 16 116 706 840
face 0.11612134 580 537 639 622
face 0.113255106 593 573 712 728
face 0.11162962 314 501 397 608
face 0.094161406 361 458 494 637
face 0.09354432 614 463 711 620
face 0.0860776 234 49 328 221
face 0.085483186 558 530 619 625
face 0.08301716 566 591 659 667
face 0.081738554 617 655 711 854
face 0.08137769 556 647 644 813
face 0.08131438 105 209 290 685
face 0.080624305 250 278 365 441
face 0.08004465 600 458 651 582
face 0.07989998 193 78 291 253
face 0.07770121 222 664 328 807
face 0.0765661 699 -13 746 44
face 0.07611524 638 705 728 913
face 0.075762935 600 565 690 642
face 0.07571 672 831 725 967
face 0.07498892 696 856 743 963
face 0.07418504 625 477 699 567
face 0.07332825 299 480 439 622
face 0.07251853 542 523 591 635
face 0.07250089 539 510 634 657
face 0.07190146 302 457 381 544
face 0.07184708 0 865 95 951
face 0.07157675 557 581 618 684
face 0.0713628 574 568 652 639
face 0.07115388 230 185 290 310
face 0.07107611 581 714 665 881
face 0.07090303 594 514 662 590
face 0.07090012 698 539 748 611
face 0.07063287 359 96 625 457
face 0.07036228 479 286 569 455
face 0.06993905 673 27 720 172
face 0.06993691 554 627 614 744
face 0.06988079 289 425 400 601
face 0.06970106 677 796 762 959
face 0.069411345 658 925 719 999
face 0.069214016 540 666 598 797
face 0.06904037 240 432 340 616
face 0.06891152 538 776 594 881
face 0.06886054 635 752 693 904
face 0.06865851 678 160 762 331
face 0.068638444 678 12 762 182
face 0.06859139 693 8 743 73
face 0.06851223 -8 722 27 836
face 0.06835569 673 746 724 921
face 0.06835242 1 681 54 827
face 0.068311475 196 221 250 353
face 0.06810915 520 752 609 911
face 0.06803812 239 177 322 260
face 0.06773506 132 574 237 739
face 0.067604065 326 304 436 472
face 0.067543484 212 198 270 336
face 0.06723833 577 756 632 901
face 0.06710877 257 640 334 719
face 0.06704638 611 880 807 1012
face 0.06693578 700 471 744 587
face 0.06690654 541 568 646 705
face 0.066876166 672 424 720 578
face 0.06674261 577 464 632 590
face 0.06673326 522 551 575 654
face 0.066724196 191 115 252 269
face 0.06662204 216 482 311 659
face 0.06636663 499 235 589 410
face 0.06632622 668 -62 763 104
face 0.06631911 678 441 761 606
face 0.06630839 435 3 538 163
face 0.06629301 702 208 749 278
face 0.06626149 679 339 764 509
face 0.066198066 696 913 745 1017
face 0.066184685 450 142 681 546
face 0.066126086 -7 508 31 641
face 0.06598659 701 402 742 511
face 0.0659783 541 480 589 592
face 0.06593728 700 46 742 154
face 0.06592217 127 2 229 163
face 0.06556733 521 56 740 467
face 0.06551136 289 862 380 948
face 0.0654975 -20 675 158 808
face 0.06543364 0 133 55 303
face 0.065409586 611 574 800 704
face 0.06527993 704 236 749 302
face 0.065210626 671 165 720 321
face 0.0652 697 801 743 923
