face 0.29974455 443 380 521 495
face 0.13138571 25 164 956 1119
face 0.1259962 629 494 671 564
face 0.12141567 593 467 643 527
face 0.116213 100 511 148 581
face 0.109592885 947 494 993 574
face 0.106592014 597 202 738 396
face 0.10344087 596 489 647 561
face 0.10031623 100 554 152 632
face 0.100032955 381 358 604 701
face 0.09434801 266 357 433 530
face 0.09365051 401 355 516 531
face 0.0925263 796 472 833 519
face 0.09159232 833 452 861 490
face 0.091057055 629 520 678 611
face 0.090880565 818 474 850 521
face 0.09077204 788 482 822 525
face 0.09043467 940 419 988 518
face 0.08999961 818 462 845 501
face 0.087734446 938 455 986 556
face 0.08719956 796 462 824 501
face 0.08661457 297 415 408 509
face 0.086424075 800 453 830 491
face 0.08612155 577 433 649 496
face 0.086097986 911 426 1023 630
face 0.08605889 618 475 660 529
face 0.086010225 56 343 113 410
face 0.08559408 476 412 679 639
face 0.085143834 576 472 622 548
face 0.08482699 603 495 660 621
face 0.08457697 846 463 886 524
face 0.08451566 466 651 581 760
face 0.08437129 830 469 866 519
face 0.08390691 613 534 668 648
face 0.08375526 122 343 171 388
face 0.083543524 91 349 143 396
face 0.083497144 123 372 160 420
face 0.0832232 668 538 791 652
face 0.08297694 13 445 154 627
face 0.082724586 20 487 91 591
face 0.08190865 601 447 713 615
face 0.081514396 902 454 954 544
face 0.081392445 807 492 866 558
face 0.08124079 93 478 138 530
face 0.081083104 577 499 634 607
face 0.08080995 906 360 1020 552
face 0.08066726 160 329 235 391
face 0.0806407 651 500 705 566
face 0.08048922 413 413 490 555
face 0.08044056 65 496 119 574
face 0.08040884 510 277 706 465
face 0.08006009 147 373 186 421
face 0.0799253 146 354 191 397
face 0.0798563 768 498 831 560
face 0.07981906 390 430 459 549
face 0.07935478 628 548 692 638
face 0.079339035 582 485 685 693
face 0.07927093 862 452 912 548
face 0.07927083 92 363 137 416
face 0.07926982 165 361 211 419
face 0.07905597 64 369 133 429
face 0.078881025 75 497 214 674
face 0.07871612 906 488 957 573
face 0.07863016 284 488 359 565
face 0.07857078 268 514 311 562
face 0.078162 15 290 114 361
face 0.07814658 788 497 822 549
face 0.07809217 812 483 846 541
face 0.07791501 325 364 421 467
face 0.07768163 259 511 292 562
face 0.07767715 935 609 990 718
face 0.0775561 189 348 243 415
face 0.077439345 288 459 370 532
face 0.077305034 27 268 103 334
face 0.07717388 544 434 659 613
face 0.07710418 649 517 713 623
face 0.077080294 633 459 675 515
face 0.07705069 118 309 166 353
face 0.077011906 88 305 144 353
face 0.07687026 262 532 326 610
face 0.076819405 908 418 957 514
face 0.07680694 508 200 608 298
face 0.076564044 772 476 813 522
face 0.0765602 570 583 630 749
face 0.07645007 931 342 987 464
face 0.07633383 932 556 986 666
face 0.0760109 594 582 654 751
face 0.07594036 138 309 198 358
face 0.07586033 851 448 886 490
face 0.075831756 780 424 820 475
face 0.07575254 312 -17 425 71
face 0.07572261 831 486 899 562
face 0.07570246 540 460 610 527
face 0.07568408 35 237 102 301
face 0.07565776 624 438 678 494
face 0.07562174 665 497 741 575
face 0.07546133 91 291 133 335
face 0.07545731 252 549 333 644
face 0.07545298 59 274 118 329
face 0.07541987 158 302 232 363
face 0.07531472 622 606 678 720
face 0.07522347 95 408 142 461
face 0.075133 17 543 102 641
face 0.07505444 929 1121 993 1287
face 0.07498166 349 393 536 595
face 0.07492819 471 319 530 410
face 0.0748138 116 394 170 463
face 0.07473041 531 380 682 544
face 0.07471721 788 443 823 494
face 0.07471089 98 381 146 430
face 0.074703276 58 551 119 639
face 0.07469177 201 307 377 584
face 0.07460107 949 531 1000 600
face 0.07456141 756 399 813 459
face 0.07445317 26 322 109 392
face 0.07441184 577 143 791 368
face 0.07440317 57 254 108 310
face 0.0743925 61 401 122 460
face 0.074257866 411 351 497 455
face 0.0742513 599 307 938 830
face 0.07411261 601 557 711 768
face 0.074105315 172 203 396 446
face 0.07410232 764 488 802 533
face 0.07406731 93 440 145 494
face 0.07403729 89 259 131 305
face 0.07400801 774 199 897 407
face 0.074001946 374 293 468 372
face 0.07399437 142 292 185 336
face 0.07394447 543 429 621 495
face 0.07378596 268 486 309 530
