face 0.99998176 309 330 1007 1330
face 0.12305655 296 1443 431 1706
face 0.1157769 345 1398 474 1652
face 0.11093891 -14 847 212 1243
face 0.09790226 400 51 653 311
face 0.089261256 345 358 591 734
face 0.088093095 502 1457 739 1823
face 0.08771082 304 1343 500 1727
face 0.08756324 1507 965 1620 1286
face 0.08727874 1470 1588 1605 1923
face 0.08646159 1427 985 1553 1242
face 0.08615699 414 310 688 678
face 0.082558386 -4 1794 193 2133
face 0.080928184 1576 1923 1659 2108
face 0.08024847 1242 867 1476 1225
face 0.07961713 680 817 970 1196
face 0.07908357 1 1378 198 1764
face 0.07820691 312 -66 647 249
face 0.07636488 990 532 1111 935
face 0.075927176 917 805 1109 1215
face 0.07530478 1576 1221 1661 1424
face 0.074958295 1518 1417 1620 1686
face 0.07494683 267 1483 380 1775
face 0.07494162 1580 1347 1659 1533
face 0.07425827 1471 1437 1596 1764
face 0.073742315 1475 2080 1619 2252
face 0.072868474 1122 809 1349 1188
face 0.07272061 1385 905 1498 1202
face 0.07264011 996 371 1112 726
face 0.07246108 652 380 921 728
face 0.07238346 -17 1999 89 2174
face 0.07236145 1603 1864 1692 1997
face 0.07229061 24 5 556 825
face 0.07226615 950 420 1067 784
face 0.072163746 -1 1739 131 2029
face 0.07211907 1588 809 1662 1018
face 0.07209139 1518 1788 1624 2092
face 0.07197739 -41 1058 351 1357
face 0.07173529 636 7 871 174
face 0.07159778 1042 422 1158 787
face 0.07155492 286 86 440 311
face 0.070972115 1607 837 1681 958
face 0.07096583 1565 1565 1677 1720
face 0.07091975 341 1501 473 1759
face 0.07086752 1583 1168 1681 1309
face 0.07041094 394 1347 515 1590
face 0.07040079 9 776 114 1063
face 0.07033618 1000 569 1195 998
face 0.07016837 1598 890 1681 1020
face 0.07008427 688 1856 821 2158
face 0.070060514 1587 941 1680 1081
face 0.0699966 464 1796 690 2120
face 0.069956385 895 -55 1364 888
face 0.06987861 1512 1172 1618 1443
face 0.06984705 -18 1108 76 1379
face 0.06977103 480 1337 717 1696
face 0.06970565 1570 -32 1680 99
face 0.069348685 1324 980 1485 1227
face 0.06933965 1574 1460 1678 1601
face 0.06930694 574 904 823 1129
face 0.06925993 1481 1999 1605 2182
face 0.0692523 1565 1620 1680 1782
face 0.06915819 1523 1311 1617 1565
face 0.0691097 2 200 138 530
face 0.06904901 1572 1514 1678 1659
face 0.06886262 345 1299 488 1561
face 0.068808906 849 1940 1021 2132
face 0.06866414 701 -35 889 118
