face 0.9999981 453 549 1143 1512
face 0.11698277 35 255 1572 1877
face 0.11674456 501 914 764 1367
face 0.109047525 849 840 1124 1207
face 0.10564717 1014 426 1607 1134
face 0.08802063 608 1611 727 1993
face 0.08603505 524 1766 647 2089
face 0.08523455 795 1818 997 2028
face 0.08403548 742 1806 877 2053
face 0.08126064 1214 852 1411 1231
face 0.08067238 570 1748 685 2064
face 0.07921036 822 1039 1096 1442
face 0.07906847 421 2080 584 2251
face 0.078793265 428 1912 586 2153
face 0.078444436 1367 975 1599 1367
face 0.07710741 1596 186 1670 367
face 0.07686929 651 554 941 921
face 0.07645319 10 1997 130 2170
face 0.0764294 1592 837 1664 1012
face 0.0760322 683 1892 840 2074
face 0.07600725 1390 1965 1581 2139
face 0.075790055 614 1706 816 2096
face 0.07566544 918 -230 1358 609
face 0.07523935 1581 1845 1666 2037
face 0.074301176 1002 1455 1206 1852
face 0.07423668 1582 -29 1681 97
face 0.07389545 470 1849 614 2115
face 0.073638074 1591 325 1667 489
face 0.073262535 1569 2089 1678 2230
face 0.07314226 1077 518 1197 804
face 0.07307363 828 568 1085 915
face 0.07299594 1590 777 1665 945
face 0.07282184 1613 203 1690 318
face 0.07268295 1582 707 1664 884
face 0.07171789 1581 462 1654 627
face 0.07164483 1583 1460 1680 1595
face 0.0715482 903 1937 1117 2138
face 0.07145637 806 2094 924 2232
face 0.071401834 709 1756 833 1994
face 0.07136424 636 1671 770 1955
face 0.07130364 1571 2030 1661 2171
face 0.07126816 61 1289 500 1605
face 0.07126352 1608 840 1685 956
face 0.0711596 1276 914 1473 1278
face 0.070924126 -4 1289 281 1795
face 0.07088853 1604 260 1688 381
face 0.07082916 1582 1516 1681 1650
face 0.070683785 1529 -21 1610 154
face 0.07055742 596 1843 750 2091
face 0.0704255 725 -231 1180 589
face 0.06999844 1579 1630 1679 1770
face 0.06994134 769 1861 933 2098
face 0.06987419 1517 918 1619 1231
face 0.06980536 1591 1406 1682 1535
face 0.06979416 1479 -22 1592 98
face 0.06972916 1346 20 1601 368
face 0.06971531 1607 143 1684 261
face 0.06963486 1126 563 1248 887
face 0.06914217 590 1377 765 1551
face 0.06908103 868 2078 1007 2235
face 0.068925686 1569 1980 1676 2118
face 0.06884598 1183 697 1383 1107
face 0.0688288 990 428 1196 815
face 0.068803035 -27 1931 90 2145
face 0.06876927 1097 787 1290 1197
face 0.06869314 423 1573 564 1822
face 0.068682835 1589 1350 1679 1477
face 0.068671525 285 1380 498 1805
face 0.06860159 885 215 1397 1041
face 0.06858377 437 1784 560 2077
face 0.06849193 1576 1807 1677 1939
face 0.0684884 907 1502 1121 1896
face 0.068435825 1022 631 1148 897
face 0.068397745 1234 1897 1496 2158
face 0.06826112 1496 350 1581 514
face 0.0681787 399 1257 514 1574
face 0.06810062 -22 -36 56 142
