face 0.9997249 585 803 1115 1552
face 0.12063277 542 1707 765 2137
face 0.12038167 544 968 643 1393
face 0.11752123 669 1909 1322 2592
face 0.11592002 1119 1851 1328 2307
face 0.103752434 -10 2372 75 2575
face 0.09981524 596 1856 806 2291
face 0.09478856 786 1694 1018 2149
face 0.094786756 431 1476 605 1701
face 0.09054706 626 1686 1006 2013
face 0.089523666 89 1832 253 2271
face 0.08809188 675 1995 881 2443
face 0.087551504 368 1786 586 2258
face 0.0872412 559 965 734 1438
face 0.08702297 417 1566 633 2042
face 0.084858865 367 1543 761 1880
face 0.084475495 972 1523 1364 1904
face 0.08432529 0 1678 62 1820
face 0.08261077 80 1626 186 1969
face 0.07887566 308 1523 805 2190
face 0.07798648 368 1682 784 2025
face 0.077664755 885 875 1115 1305
face 0.07752947 810 1841 1135 2412
face 0.07665586 376 1394 749 1742
face 0.07654459 263 1629 460 2044
face 0.07641796 -6 1730 66 1890
face 0.0753601 298 1736 509 2211
face 0.07500211 17 1460 103 1726
face 0.07485219 151 1740 275 2036
face 0.074757814 1406 -35 1493 114
face 0.0741257 424 1371 598 1601
face 0.073846675 340 1627 467 1880
face 0.073834024 515 1029 613 1355
face 0.07354986 47 1649 146 1982
face 0.07329929 835 1674 1234 2044
face 0.073053695 73 1659 262 2079
face 0.07291151 107 1795 235 2094
face 0.07284683 140 1508 681 2423
face 0.0728108 1 1611 64 1746
face 0.07242513 507 1393 645 1679
face 0.072135806 1028 1665 1421 2042
face 0.071840346 -9 1589 47 1806
face 0.07182245 823 2169 1039 2547
face 0.07168206 1151 971 1278 1267
face 0.07164907 199 1719 307 2062
face 0.071614124 1157 1105 1338 1566
face 0.071592085 921 1314 1121 1771
face 0.07153072 1070 427 1265 892
face 0.071195275 -16 -32 60 99
face 0.07113177 17 1629 93 1931
face 0.070702925 35 1656 118 1833
face 0.07068714 1149 893 1355 1351
face 0.070676565 -30 1241 316 1613
face 0.07065328 33 745 176 946
face 0.07064095 608 2080 808 2531
face 0.070626855 390 1584 510 1800
face 0.070582174 1315 -26 1415 118
face 0.07054145 220 1388 616 1754
