face 0.7638956 418 892 648 1161
face 0.13477817 985 180 1305 613
face 0.12749946 37 270 1604 1892
face 0.1244603 1433 60 1475 130
face 0.119676955 1385 50 1429 124
face 0.11771642 1463 56 1507 131
face 0.11249818 1566 170 1603 241
face 0.109631024 1481 181 1517 250
face 0.10754704 1408 6 1466 80
face 0.10069441 1434 24 1480 91
face 0.099073134 1438 118 1484 196
face 0.09865435 1393 23 1440 92
face 0.09862942 1434 87 1482 153
face 0.09847171 1402 80 1448 148
face 0.098120876 1574 239 1608 311
face 0.0980557 1475 208 1513 286
face 0.09793331 1595 159 1646 257
face 0.09743046 1460 151 1508 243
face 0.0973704 1510 172 1548 242
face 0.09713396 1384 110 1430 189
face 0.09690687 1437 164 1474 236
face 0.09650007 1468 17 1519 92
face 0.0963562 1537 180 1572 251
face 0.09605566 1439 1 1500 77
face 0.09603174 1599 220 1650 319
face 0.09557071 1433 196 1473 283
face 0.09555185 1178 37 1301 190
face 0.09545321 1573 202 1609 289
face 0.09542853 1588 184 1638 293
face 0.09499435 1408 128 1451 206
face 0.09486002 1537 239 1571 313
face 0.09485734 1493 237 1526 304
face 0.0944664 1408 176 1445 250
face 0.09441972 1518 216 1555 296
face 0.09432895 1611 158 1667 250
face 0.0942508 1487 0 1550 80
face 0.09411 1214 27 1345 159
face 0.09384132 1276 39 1377 149
face 0.09369728 1569 258 1605 348
face 0.09358272 1520 270 1555 354
face 0.09348308 1488 120 1538 198
face 0.09343477 1547 46 1597 135
face 0.093360074 1555 105 1606 199
face 0.09324079 1347 1 1417 83
face 0.09307315 1615 217 1671 309
face 0.093038976 1483 266 1516 344
face 0.09298523 1583 105 1642 214
face 0.092792735 1335 66 1399 149
face 0.09251446 1540 80 1592 164
face 0.09242098 1121 17 1261 190
face 0.09240318 1516 51 1564 133
face 0.09219434 1298 81 1394 203
face 0.092165075 1387 157 1431 244
face 0.09191347 1071 83 1387 546
face 0.09128594 1517 -2 1587 82
face 0.09120133 1337 18 1394 95
face 0.091199234 1582 16 1643 134
face 0.091175675 1152 -1 1504 346
face 0.091153555 1426 254 1465 342
face 0.09085319 1392 204 1433 292
face 0.090522334 1441 227 1477 299
face 0.09048291 299 1017 694 1337
face 0.090349436 1164 110 1295 286
face 0.09021413 256 1652 479 1996
face 0.09019544 1487 59 1544 135
face 0.0901092 330 962 527 1250
face 0.09000487 401 1151 579 1328
face 0.08998607 1290 -2 1377 90
face 0.089849494 -11 -16 64 115
face 0.08984558 1349 119 1404 209
face 0.08979534 359 1135 595 1472
face 0.089699 1244 9 1320 105
face 0.08952023 601 1099 792 1448
face 0.08932457 350 1857 472 2057
face 0.08915688 1029 3 1179 166
face 0.089059755 1086 25 1304 278
face 0.08901027 1533 128 1579 211
face 0.08900796 1422 220 1460 295
face 0.088498406 759 1711 823 1808
face 0.08780387 1338 136 1398 247
face 0.0875106 1393 242 1435 343
face 0.08748973 1516 102 1566 188
face 0.086920895 1471 330 1533 457
face 0.08680508 349 1064 481 1272
face 0.08654865 1598 264 1655 375
face 0.08641899 1455 330 1546 533
face 0.08633723 1199 24 1272 139
face 0.08619946 1152 -120 1386 217
face 0.0861568 1292 -134 1508 205
face 0.08569423 1425 315 1468 417
face 0.08568836 1582 -23 1672 89
face 0.08561622 1357 166 1403 256
face 0.08546562 22 1816 293 2165
face 0.08516364 410 1083 584 1255
face 0.08516038 765 1683 823 1765
face 0.08489605 315 999 432 1264
face 0.084790215 1487 292 1529 377
face 0.08471766 1492 314 1574 514
face 0.08468171 1305 135 1377 267
face 0.08448273 1004 -21 1130 93
face 0.084399015 1283 20 1348 124
face 0.084369384 9 801 130 978
face 0.084309705 1510 304 1560 426
face 0.0843055 796 1671 860 1763
face 0.08424181 1383 -135 1595 208
face 0.08422912 1206 -6 1304 97
face 0.084193885 1486 361 1583 611
face 0.084152915 1470 278 1509 356
face 0.08412037 480 1641 696 1963
face 0.08400887 639 1231 771 1459
face 0.08381864 1126 179 1262 356
face 0.08379271 1214 86 1327 299
face 0.08360715 1434 288 1474 373
face 0.08325826 1084 139 1287 433
face 0.083237 1142 -12 1258 99
face 0.083040476 1035 56 1253 362
face 0.08302979 1532 300 1611 501
face 0.08300443 569 1121 707 1385
face 0.082982436 1073 -17 1207 105
face 0.08294329 1347 -26 1557 269
face 0.08286987 651 1046 778 1351
face 0.08276078 332 1760 548 2097
face 0.08275747 1433 327 1486 442
face 0.08261773 720 -3 1060 343
face 0.082511894 272 1041 391 1323
face 0.08237515 1414 276 1458 359
face 0.08235664 329 1152 500 1323
face 0.082336016 1525 281 1574 382
face 0.08227378 1083 118 1221 291
face 0.08215357 719 1704 794 1813
face 0.0820841 448 1857 578 1995
face 0.08188952 516 1618 654 1873
face 0.08173881 1025 -107 1259 199
