face 0.99998605 202 106 474 545
face 0.3216621 300 346 420 487
face 0.12036461 651 687 717 827
face 0.11674409 91 635 185 853
face 0.10847398 672 499 722 647
face 0.09405678 225 297 351 493
face 0.08799008 -7 924 38 1001
face 0.08729066 612 20 718 171
face 0.0864609 637 383 720 659
face 0.085507914 477 462 543 575
face 0.08548139 699 544 746 664
face 0.08524704 537 111 671 316
face 0.08429622 653 554 713 683
face 0.08409787 700 -11 738 65
face 0.08277337 -3 795 70 959
face 0.08247873 398 0 608 403
face 0.081166595 519 458 577 597
face 0.079674505 626 722 727 889
face 0.0774185 681 520 761 678
face 0.07738624 634 545 699 653
face 0.07667706 448 176 534 376
face 0.076091416 568 154 695 386
face 0.07546101 631 508 720 801
face 0.07515371 474 466 573 626
face 0.07501161 0 728 53 888
face 0.07477612 700 498 745 611
face 0.07476611 505 56 697 200
face 0.07468723 20 688 73 833
face 0.074234426 703 593 747 706
face 0.07421251 506 73 613 297
face 0.07400474 702 652 746 763
face 0.07383116 545 681 594 828
face 0.0736197 77 715 177 927
face 0.07353726 -11 840 36 958
face 0.07352199 605 87 672 185
face 0.073432006 526 672 574 832
face 0.07334403 331 115 439 279
face 0.07329929 427 300 514 492
face 0.073189534 359 786 461 955
face 0.073157385 -74 878 113 1012
face 0.07248102 590 105 654 212
face 0.07246983 666 -92 751 164
face 0.07246712 676 443 760 613
face 0.072045326 -34 886 55 1038
face 0.07196752 580 296 725 469
face 0.07194338 173 477 235 615
face 0.07192737 461 380 551 565
face 0.071844794 443 506 496 646
face 0.07159439 582 32 689 271
face 0.07109249 405 39 484 139
face 0.07098854 447 44 529 130
face 0.07073526 693 461 748 535
face 0.070713684 373 23 479 110
face 0.07048211 166 791 269 956
face 0.07029731 536 838 597 957
face 0.07029425 589 389 690 653
face 0.07014797 610 806 719 951
face 0.07007739 676 631 762 799
face 0.06993452 -7 775 35 897
face 0.06983431 673 575 723 710
face 0.06959577 697 869 742 962
face 0.06959443 443 568 502 688
face 0.069511175 -8 721 31 840
face 0.06934182 14 -15 214 422
face 0.069298044 42 671 93 833
face 0.06913171 278 113 401 289
face 0.06913131 564 735 623 871
face 0.06908731 13 197 218 629
face 0.06895379 463 348 520 502
face 0.06892655 200 273 302 478
face 0.068888806 663 35 722 147
face 0.06886335 670 802 762 957
face 0.06884641 125 54 313 197
