face 0.9999579 461 1112 1123 2008
face 0.1210357 46 309 1905 2270
face 0.115951546 327 1855 580 2322
face 0.10905731 1357 183 1507 433
face 0.10422418 411 1850 577 2117
face 0.1009779 370 1912 543 2200
face 0.100365974 1064 -27 1270 531
face 0.09661651 564 -36 1366 920
face 0.091045335 911 162 1015 482
face 0.09022837 882 138 977 414
face 0.08925208 1316 68 1548 463
face 0.08712986 1146 2007 1310 2318
face 0.08699214 1523 -15 1619 131
face 0.086655326 200 2503 370 2689
face 0.08589616 315 1987 498 2257
face 0.084064186 795 1118 1102 1529
face 0.08292999 937 162 1070 568
face 0.08039066 929 2067 1193 2446
face 0.08028925 1556 3 1681 220
face 0.07989844 1611 24 1754 194
face 0.07955651 1155 1934 1406 2395
face 0.07944886 258 -44 491 653
face 0.07887502 466 52 962 1312
face 0.07809687 1059 36 1180 478
face 0.077628896 415 1974 582 2243
face 0.07744455 832 22 1033 491
face 0.07700172 400 316 703 1032
face 0.07645754 1655 14 1813 227
face 0.0764364 1714 3 1866 218
face 0.07643223 1273 1900 1428 2059
face 0.0762646 410 2000 701 2424
face 0.07607376 136 -163 378 420
face 0.07569706 270 1510 417 1887
face 0.07558493 196 2451 370 2609
face 0.075278856 1260 1816 1429 2001
face 0.075115666 458 1779 614 2038
face 0.074983545 1239 19 1458 475
face 0.07482143 1280 115 1385 411
face 0.07481966 1241 139 1600 712
face 0.07472009 1898 -28 1992 173
face 0.07467132 706 -8 897 495
face 0.07453624 491 14 712 526
face 0.07451302 1039 80 1611 1226
face 0.07450552 298 -99 1152 540
face 0.07424758 1099 1982 1241 2333
face 0.07407128 1789 -20 1910 112
face 0.07397119 614 1404 983 1912
face 0.07388182 1886 354 2016 542
face 0.073814504 806 1427 999 1724
face 0.07366482 348 1755 529 2043
face 0.07365286 818 86 913 411
face 0.07359829 1692 -20 1824 116
face 0.073593214 1834 -15 1929 177
face 0.073408715 1350 1931 1510 2153
face 0.07337195 1021 2047 1199 2320
face 0.07335297 1440 464 1747 866
face 0.073288605 9 2055 361 2569
face 0.0732826 1636 -23 1757 111
face 0.073250234 1316 -28 1475 122
face 0.073231846 1500 -7 1635 226
face 0.073039025 331 465 601 1233
face 0.07299812 1580 -23 1688 106
face 0.07285573 1722 1694 1863 1945
face 0.07285024 237 2007 539 2470
face 0.07283297 408 1778 663 2167
face 0.072828606 1014 68 1116 454
face 0.07252199 943 36 1065 367
face 0.07248315 1868 2148 2016 2340
face 0.07242513 311 1566 467 1940
face 0.07238295 1772 20 1921 198
face 0.07219943 261 1788 530 2169
face 0.0721694 575 84 710 448
face 0.07214753 377 6 593 540
face 0.07213598 -20 -46 71 183
face 0.07195229 483 621 830 1171
face 0.07181945 1405 -27 1567 126
face 0.07177991 823 46 1754 735
face 0.07173875 911 2368 1113 2555
face 0.071649574 416 1678 560 1989
face 0.07162157 1086 1926 1263 2149
face 0.07158736 1149 33 1288 437
face 0.071585745 1820 30 1945 340
face 0.0715848 1336 203 1452 396
face 0.07149886 1888 1040 2019 1232
face 0.07146086 1707 2118 1866 2403
face 0.07144919 895 77 1020 341
