face 0.9999889 594 1021 1326 2087
face 0.1966766 33 269 1598 1879
face 0.12710972 16 678 371 1094
face 0.12406844 958 34 1613 670
face 0.11518414 1274 1358 1443 1730
face 0.10626565 1306 1120 1420 1475
face 0.106117755 1267 1162 1453 1581
face 0.10422258 875 2085 1007 2236
face 0.09867076 661 1346 895 1695
face 0.08847873 899 2018 1042 2181
face 0.08780679 806 2095 908 2227
face 0.08395319 649 56 1264 717
face 0.08183996 368 379 830 1269
face 0.08164297 659 1126 924 1455
face 0.08159767 575 1022 814 1358
face 0.080570616 322 247 485 388
face 0.08003933 1331 1428 1459 1698
face 0.07990231 400 189 577 353
face 0.07971097 796 2049 901 2165
face 0.079267 62 825 488 1131
face 0.078947775 1336 1211 1530 1617
face 0.07819323 841 2053 958 2169
face 0.0769601 -1 899 202 1276
face 0.07654838 1278 1644 1378 1897
face 0.075839475 112 563 486 971
face 0.075774044 717 1508 878 1781
face 0.075407654 1345 1058 1452 1410
face 0.07475179 551 147 702 379
face 0.07460775 146 453 709 1220
face 0.07417998 1378 1450 1512 1724
face 0.0735231 665 1071 845 1321
face 0.07314073 1285 1596 1384 1777
face 0.072881624 285 228 532 495
face 0.07286694 680 657 818 862
face 0.07278555 1576 929 1687 1086
face 0.07258979 728 694 847 859
face 0.07229745 246 1229 536 1635
face 0.07214655 764 1966 907 2104
face 0.07203034 488 0 745 309
face 0.07194122 1356 -2 1606 360
face 0.07172296 362 72 627 389
face 0.07170424 299 273 456 457
face 0.07162715 527 166 1047 977
face 0.0712218 679 603 901 921
face 0.07103477 36 407 205 586
face 0.07082238 614 1197 804 1409
face 0.07078953 1086 1334 1336 1725
face 0.07061702 1573 -31 1683 99
face 0.070341505 315 764 627 1244
face 0.07018925 742 1597 947 1814
face 0.070068136 1413 1512 1568 1768
face 0.069941565 -18 -25 67 83
face 0.06954042 424 482 1122 1113
face 0.069417424 841 1868 1109 2159
face 0.06937849 26 -22 113 81
face 0.06920707 904 -232 1382 550
face 0.06919639 1305 1665 1423 1978
face 0.06887717 236 129 708 431
face 0.06851409 369 273 522 440
face 0.06847086 649 700 784 920
face 0.06846395 864 111 1382 960
face 0.06843609 1152 1792 1391 2158
face 0.06834857 50 743 156 1033
face 0.06834596 291 42 913 718
face 0.068282224 266 1055 692 1364
face 0.06827765 1588 1803 1667 1997
face 0.068265446 1198 300 1345 557
face 0.068106964 754 1911 930 2062
face 0.06807517 214 762 665 1776
face 0.068051 1232 801 1403 974
face 0.0679376 -21 426 68 695
face 0.06785195 1228 14 1497 418
face 0.067752585 1425 673 1551 993
face 0.0675861 1598 1758 1684 1877
face 0.067582406 1338 1645 1558 1996
face 0.06734108 1235 364 1387 605
