face 0.9993316 18 21 180 241
face 0.99609464 103 113 266 334
face 0.94904244 248 -4 263 15
face 0.948304 27 93 66 141
face 0.587704 250 15 263 39
face 0.53129274 -2 -1 26 46
face 0.27575406 108 109 130 127
face 0.26763898 241 3 272 47
face 0.16875492 242 -1 255 14
face 0.1165103 29 131 65 176
face 0.115164876 -18 129 32 218
face 0.11370128 -2 248 10 281
face 0.10902402 248 1 263 26
face 0.1085232 200 170 231 222
face 0.10210221 202 -1 250 49
face 0.10089501 217 -1 233 11
face 0.09869133 248 270 266 290
face 0.096936315 226 6 251 29
face 0.091272414 240 13 254 36
face 0.089542314 1 247 17 282
face 0.08829008 0 265 13 282
face 0.08568234 252 24 266 41
face 0.084715225 33 141 60 166
face 0.083603576 160 0 249 93
face 0.08097751 19 126 43 163
face 0.08074244 181 -22 215 43
face 0.07972777 213 2 235 20
face 0.07963011 229 0 241 16
face 0.07914921 136 -2 214 119
face 0.078201175 248 262 266 282
face 0.077500075 238 -18 272 26
face 0.07685608 -2 -3 10 19
face 0.076765016 7 211 38 261
face 0.07646537 8 107 24 154
face 0.07608546 180 1 216 76
face 0.07592758 240 2 256 25
face 0.075866066 163 75 245 194
face 0.07565378 0 130 19 176
face 0.075488634 233 231 251 276
face 0.07487832 57 142 88 166
face 0.07418696 7 57 27 97
face 0.07392299 105 96 148 137
face 0.07330325 223 0 235 16
face 0.073277496 238 0 250 17
face 0.07308383 227 -46 298 77
face 0.072869666 25 136 50 169
face 0.072835855 167 -23 202 43
face 0.07239205 200 -2 221 13
face 0.072213575 211 -16 246 26
face 0.072029874 196 250 324 320
face 0.071986474 15 115 34 164
face 0.071978636 193 35 224 93
face 0.07172822 8 131 24 172
face 0.071677394 17 105 53 161
face 0.071629025 251 27 265 58
face 0.071499385 220 23 251 74
face 0.07140441 250 240 266 277
face 0.07139119 199 182 218 230
face 0.071058765 226 240 246 276
face 0.07090643 -13 -4 59 110
face 0.070303656 214 118 314 209
face 0.070148356 230 -1 246 11
face 0.06983914 216 2 241 31
face 0.069816954 206 190 225 232
face 0.06970254 211 167 243 223
face 0.06953502 -24 -9 41 26
face 0.069488324 249 98 265 136
face 0.06942234 244 91 271 142
face 0.06938669 189 9 235 65
face 0.069374666 180 163 213 215
face 0.06937144 172 79 204 136
face 0.0692998 212 234 244 279
face 0.06924762 178 60 270 149
face 0.06924733 186 66 217 121
face 0.06920345 213 202 233 240
face 0.069096975 0 271 14 289
face 0.069044605 179 187 212 240
face 0.06901954 116 62 157 109
face 0.06898156 220 96 250 151
face 0.06894093 205 153 239 205
face 0.068751775 80 -2 105 14
face 0.06870029 -32 -20 70 57
face 0.06863945 20 209 39 252
face 0.06863939 216 256 286 297
face 0.06857525 105 2 177 42
face 0.06854961 27 156 54 179
face 0.06842847 -3 0 13 38
face 0.06831521 62 133 95 160
face 0.068286024 180 51 210 107
face 0.068257384 240 238 256 280
face 0.06819282 240 262 257 281
face 0.06817197 30 132 58 158
face 0.06807679 15 140 35 163
face 0.06801063 195 -7 262 110
face 0.06793429 123 78 162 124
face 0.067860305 131 -21 224 60
face 0.06772754 211 180 312 269
face 0.06768011 249 214 266 255
