face 0.9988825 342 883 906 1660
face 0.1341187 111 1665 315 2063
face 0.11969551 847 1491 958 1733
face 0.117075756 952 1687 1067 1948
face 0.11597482 1083 1794 1435 2171
face 0.11332165 961 1786 1276 2263
face 0.109114446 143 1799 281 2087
face 0.09956497 929 2041 1340 2461
face 0.09820457 880 1553 988 1771
face 0.09145284 386 1513 494 1813
face 0.08867823 1001 1684 1108 1946
face 0.08699365 1235 2184 1447 2557
face 0.085197754 805 1481 918 1729
face 0.082616635 1038 1021 1229 1526
face 0.08112777 1408 978 1481 1201
face 0.08067196 813 1436 993 1803
face 0.07863068 1331 2372 1440 2571
face 0.07805557 1406 -34 1493 113
face 0.07766654 421 1534 533 1790
face 0.07741077 115 1550 332 1913
face 0.07642914 0 1738 108 2049
face 0.07540152 275 1599 463 2011
face 0.0751551 0 1738 90 1886
face 0.07503209 1389 2317 1480 2561
face 0.074985296 72 2307 256 2534
face 0.07471818 917 1673 1097 2116
face 0.07447808 1381 1665 1484 1822
face 0.074220896 1243 1583 1408 1780
face 0.07382265 1196 1922 1310 2267
face 0.07365932 1130 1847 1248 2044
face 0.07347095 147 2015 266 2292
face 0.073368765 38 245 365 722
face 0.07323599 365 1498 464 1734
face 0.07323386 1284 979 1365 1206
face 0.07320444 1128 1979 1313 2424
face 0.07236526 1040 1728 1149 2084
face 0.07229412 48 -29 155 119
face 0.07225819 131 1263 357 1654
face 0.07197016 1168 1963 1276 2211
face 0.071837775 -16 -38 48 156
face 0.071396865 272 1142 375 1515
face 0.071058325 885 1609 990 1931
face 0.070788726 314 1137 411 1502
face 0.07076489 897 1461 979 1705
face 0.07072961 1398 2065 1491 2244
face 0.07072216 913 1725 1036 2021
face 0.07055014 200 945 303 1317
face 0.07052912 242 996 354 1282
face 0.07051589 363 1278 451 1535
face 0.07041504 74 1821 194 2078
face 0.07038435 -4 1788 80 1981
face 0.07032053 1318 -23 1415 117
face 0.07031544 38 1706 148 1935
face 0.07013957 1122 1654 1232 1960
face 0.07013107 826 1542 1029 1994
face 0.06982316 1414 848 1494 1001
face 0.06974823 679 893 913 1302
face 0.069692336 -8 1825 181 2228
face 0.069651805 926 1641 1038 1877
face 0.069586515 318 1546 419 1848
