face 0.9997205 685 923 1230 1688
face 0.12455978 910 1910 1124 2367
face 0.11897292 -10 1842 215 2170
face 0.11745459 1121 -24 1430 434
face 0.11216998 1233 1295 1431 1621
face 0.100856416 1012 1674 1218 2048
face 0.09763941 1155 1523 1248 1843
face 0.09664629 1293 1365 1430 1562
face 0.093824446 896 2101 1065 2524
face 0.08631448 265 1757 448 2155
face 0.08492264 1322 1334 1420 1485
face 0.08425188 664 1143 864 1610
face 0.082826585 -22 2143 268 2554
face 0.08236786 333 1740 459 2022
face 0.08044349 967 2009 1145 2501
face 0.08033015 181 796 359 1575
face 0.08006992 593 1237 682 1577
face 0.07997021 1357 1213 1424 1333
face 0.07994677 190 1751 309 2008
face 0.07977545 1405 1513 1482 1739
face 0.079493545 1233 1406 1423 1772
face 0.07932021 1184 1792 1376 2270
face 0.0778179 307 672 416 1020
face 0.0776472 29 518 343 983
face 0.0773712 385 1722 485 2051
face 0.07702835 -20 104 50 370
face 0.0769066 -23 273 65 479
face 0.07571253 226 1816 359 2067
face 0.07556714 875 2189 999 2507
face 0.07470356 1142 2070 1366 2522
face 0.0743904 159 2273 323 2555
face 0.074102305 1341 1287 1420 1415
face 0.07406813 -15 229 74 388
face 0.07395319 -12 -25 48 154
face 0.073832616 1415 1679 1489 1816
face 0.073473625 1191 1607 1297 1876
face 0.07344561 1189 1720 1315 2004
face 0.07341979 1408 1334 1492 1473
face 0.07312281 1315 1294 1385 1413
face 0.07299037 1399 2403 1478 2577
face 0.07298728 1219 1865 1349 2175
face 0.07279635 1071 831 1195 1035
face 0.07274278 7 83 116 380
face 0.072652996 1160 1773 1262 2112
face 0.072598174 1261 1480 1382 1708
face 0.07257022 905 2300 1044 2522
face 0.07246185 1235 1399 1354 1653
face 0.07216168 465 963 568 1183
face 0.07152499 257 2270 378 2541
face 0.07151245 546 1063 651 1335
face 0.071407534 397 889 480 1157
face 0.071304284 590 1108 678 1434
face 0.07125386 806 2122 983 2546
face 0.071193494 172 2156 313 2425
face 0.07119332 1168 1415 1258 1649
face 0.07116763 1130 1346 1290 1732
face 0.07109946 598 1505 747 1708
face 0.07091532 1317 1221 1381 1336
face 0.07070355 609 1241 698 1420
face 0.07066124 218 2023 432 2457
face 0.070628285 1242 1491 1330 1730
face 0.07053283 1230 1578 1417 1963
face 0.0704416 557 1173 716 1617
face 0.070278086 118 2205 290 2500
face 0.07027322 734 1591 828 1890
face 0.07018641 1402 -36 1493 115
face 0.070178 175 1881 387 2281
face 0.07013993 538 1588 680 1775
face 0.070064895 1422 1609 1497 1751
face 0.0699392 1265 1836 1381 2215
face 0.06992586 429 940 528 1226
face 0.06988823 691 1406 798 1642
face 0.0698713 841 2037 953 2419
face 0.06977433 11 2295 189 2536
face 0.06976444 595 921 686 1230
face 0.06975884 1295 1306 1365 1444
face 0.069709376 1397 1394 1493 1546
face 0.0696982 501 982 671 1414
face 0.06967532 509 972 613 1152
face 0.06957246 732 888 993 1308
face 0.06951196 20 9 176 229
face 0.069501765 1161 1207 1256 1562
face 0.069419846 618 1273 724 1606
face 0.06933946 26 19 239 449
face 0.06931817 1344 1147 1409 1306
face 0.0692943 898 2118 1014 2321
face 0.06928079 1248 1748 1381 2007
face 0.06927702 430 1713 529 2051
