face 0.9999306 592 1083 1050 1666
face 0.12674199 209 1815 647 2129
face 0.121996865 468 1773 697 2120
face 0.11433355 244 710 606 1100
face 0.11278911 529 1626 715 1847
face 0.110165544 1334 2392 1435 2582
face 0.1033267 412 1637 612 1845
face 0.10151268 122 1787 477 2167
face 0.091680355 9 1752 114 2093
face 0.08755165 676 1866 952 2255
face 0.08618053 783 1099 1045 1526
face 0.08424424 119 1820 238 2083
face 0.08286341 529 1310 623 1550
face 0.08284486 545 1158 647 1548
face 0.0827531 510 1503 676 1723
face 0.082332194 337 2117 540 2337
face 0.08219178 535 1360 662 1652
face 0.08207371 544 1709 695 1911
face 0.079613514 1403 2075 1490 2235
face 0.07595492 1400 -37 1494 117
face 0.07493091 341 916 540 1368
face 0.0740556 -3 1842 72 2103
face 0.073865615 1388 2398 1478 2585
face 0.073054485 -16 -30 59 99
face 0.07292388 -6 1712 57 1966
face 0.07266996 1102 2008 1234 2191
face 0.07214668 977 2025 1312 2477
face 0.07188085 23 -27 100 96
face 0.07186812 438 1102 614 1566
face 0.07157276 266 847 463 1301
face 0.07121446 433 1525 603 1727
face 0.070545524 5 1808 89 1967
face 0.07024618 1258 2039 1386 2287
face 0.07006086 1406 2007 1493 2168
face 0.069618456 1 1745 79 1895
face 0.06942697 428 1174 535 1504
face 0.06897066 1344 1963 1434 2258
face 0.06878239 28 1562 177 1782
face 0.06875903 472 1176 574 1510
face 0.068602785 785 -280 1228 634
face 0.06831055 40 837 231 1305
face 0.0681867 73 984 266 1438
face 0.06817421 339 1115 536 1536
face 0.0680785 59 -26 145 101
face 0.06780664 410 1722 572 1887
face 0.067779064 1077 1186 1188 1496
face 0.06747555 858 2001 1109 2414
face 0.06743484 1120 2097 1273 2326
face 0.06727411 151 985 341 1438
face 0.067157015 524 1786 699 1975
face 0.067156166 19 2384 191 2576
face 0.06711493 676 1900 848 2118
face 0.06705563 1423 1668 1498 1822
face 0.06703367 38 941 153 1341
face 0.06702908 383 1680 524 1829
face 0.066964194 707 1329 981 1703
face 0.06688034 74 1806 191 2074
face 0.06686375 459 1702 646 1894
face 0.06680578 259 1120 461 1524
face 0.06676095 1110 1248 1307 1719
face 0.06674083 186 718 605 1740
face 0.06674016 628 1719 786 1890
face 0.066718556 1303 -32 1424 128
face 0.066698104 759 1830 1148 2169
face 0.06667473 990 964 1116 1161
face 0.066640526 642 572 854 987
face 0.06662607 40 8 149 235
face 0.066434965 10 1535 112 1875
