face 0.99998057 169 203 491 644
face 0.117397815 17 111 697 840
face 0.116318844 396 492 754 1001
face 0.10797856 1 788 91 960
face 0.09564573 -3 891 39 968
face 0.08850357 -11 838 38 957
face 0.087258145 -74 876 124 1010
face 0.08510143 -6 916 32 1004
face 0.08288505 169 234 279 412
face 0.08199202 522 215 570 380
face 0.08005728 183 615 254 694
face 0.0792657 283 778 401 950
face 0.07894 307 676 438 824
face 0.07762616 414 -39 578 438
face 0.07588829 483 382 573 551
face 0.075684644 11 887 78 963
face 0.07510373 620 367 808 504
face 0.07481489 541 271 589 414
face 0.0747466 197 708 289 904
face 0.07407724 520 416 577 573
face 0.07401876 617 418 807 557
face 0.07377994 615 302 712 501
face 0.0724705 694 -15 748 45
face 0.072135925 266 403 400 584
face 0.071880974 153 615 247 757
face 0.07120547 39 691 94 844
face 0.0703765 697 860 743 968
face 0.069842316 609 230 713 420
face 0.06976106 -67 727 124 867
face 0.06933569 293 710 385 797
face 0.06912876 1 722 57 892
face 0.0682942 486 -98 682 279
face 0.06827753 -27 797 54 957
face 0.068194605 128 555 237 721
face 0.06774126 -33 883 54 1037
face 0.06757797 181 333 248 433
face 0.06741316 316 -97 523 259
face 0.06705242 614 677 804 811
face 0.066931546 665 -61 764 98
face 0.06683995 623 317 808 451
face 0.06667622 -72 626 110 755
face 0.06666011 481 33 533 166
face 0.06664074 140 586 225 672
face 0.06664033 180 804 291 953
face 0.066598915 336 162 524 302
face 0.06654673 612 879 805 1014
face 0.06651257 703 631 744 737
face 0.06645825 171 664 230 800
face 0.06643069 148 619 229 694
face 0.06642542 178 302 259 393
face 0.06631102 133 651 197 757
face 0.06628147 617 624 807 757
face 0.0661718 -20 817 40 899
face 0.06612777 634 681 724 888
face 0.065983325 176 667 263 850
face 0.06582084 481 179 568 365
face 0.065762155 17 744 77 913
face 0.06559529 164 642 239 720
face 0.06557333 164 -84 379 245
face 0.06547192 539 229 595 362
face 0.065439 -60 822 126 958
face 0.06542815 614 380 710 569
face 0.06529145 -11 770 38 842
face 0.065101214 -90 -68 207 185
face 0.06494456 310 736 408 823
face 0.06493014 114 644 208 818
face 0.06486685 158 738 245 922
face 0.06484826 541 441 589 611
face 0.06477722 210 573 272 674
face 0.06470121 481 648 544 775
face 0.06469721 461 3 547 188
face 0.064679734 517 352 574 514
face 0.06457875 205 638 272 716
face 0.06450566 669 845 725 975
face 0.06450181 136 810 238 952
face 0.06438353 494 198 682 669
face 0.06434013 -68 677 117 809
face 0.064224124 618 573 808 705
face 0.06421342 612 540 714 701
face 0.06418531 680 599 764 762
face 0.06415721 56 719 112 842
face 0.06413342 679 9 765 179
face 0.06411263 320 732 448 876
face 0.06403562 119 385 200 554
face 0.063972525 611 -36 808 92
face 0.06396171 651 893 719 969
face 0.06380825 232 634 289 765
face 0.06380696 543 640 634 821
face 0.063728675 6 667 56 818
