face 0.7858751 401 175 563 355
face 0.12951942 140 11 688 613
face 0.118951425 680 0 762 104
face 0.116615325 281 163 308 199
face 0.11071352 293 168 321 200
face 0.10693971 305 166 335 202
face 0.10493321 708 32 759 91
face 0.10333134 186 151 217 192
face 0.10018145 191 3 406 335
face 0.09830775 635 40 666 95
face 0.098285735 272 170 297 200
face 0.098136954 589 3 615 34
face 0.09776081 568 4 597 39
face 0.096302085 601 -1 630 22
face 0.09434248 440 178 660 372
face 0.0935901 181 158 206 186
face 0.09341199 154 121 184 176
face 0.09314234 627 115 660 168
face 0.09297646 147 121 174 163
face 0.09274891 623 1 646 24
face 0.09259869 633 55 671 119
face 0.092447735 784 9 814 38
face 0.0924233 630 -1 657 22
face 0.092170626 163 539 276 617
face 0.092104204 604 5 689 123
face 0.091860965 257 164 281 196
face 0.09178818 320 164 361 209
face 0.091526024 634 82 666 142
face 0.09136556 656 2 682 35
face 0.091307506 161 151 188 189
face 0.09121372 616 6 639 34
face 0.091013715 281 182 313 216
face 0.09095651 168 139 196 170
face 0.0909055 172 132 204 183
face 0.090410985 642 0 667 25
face 0.09029208 802 3 835 38
face 0.09026952 142 132 169 171
face 0.090023205 619 10 646 44
face 0.09000678 307 180 341 218
face 0.08996128 635 22 667 73
face 0.089723974 74 118 108 163
face 0.089508995 629 10 655 38
face 0.08938291 243 165 269 205
face 0.08924261 79 97 110 144
face 0.089164875 627 53 655 95
face 0.089102104 164 109 195 158
face 0.08909286 163 88 193 140
face 0.08896083 638 7 669 46
face 0.088813104 627 44 650 79
face 0.08869982 779 3 809 28
face 0.08865498 621 24 648 62
face 0.0885543 702 162 728 187
face 0.08853129 615 69 646 122
face 0.08836736 292 188 325 218
face 0.08831548 616 59 638 87
face 0.08800516 700 72 732 105
face 0.0878453 597 79 620 120
face 0.08770281 102 99 186 213
face 0.08768973 632 28 656 56
face 0.08754351 217 158 247 198
face 0.08705604 637 45 660 72
face 0.08705412 575 -2 610 23
face 0.08695535 726 198 748 221
face 0.08695143 730 169 751 190
face 0.086932816 594 11 626 40
face 0.086903185 549 7 581 43
face 0.086893 724 164 747 186
face 0.086728945 726 177 747 201
face 0.08662906 711 167 734 191
face 0.08651609 744 182 766 202
face 0.08630857 652 26 678 56
face 0.086253114 615 95 642 144
face 0.08612461 583 6 619 56
face 0.08611097 555 2 588 31
face 0.086086765 730 187 752 208
face 0.08608152 71 126 113 184
face 0.08607518 601 96 623 137
face 0.085981 651 42 676 71
face 0.08597069 358 198 425 252
face 0.085924394 787 162 811 189
face 0.085874334 768 7 797 35
face 0.08585975 38 546 151 617
face 0.08583897 354 165 420 212
face 0.08577167 147 111 175 142
face 0.08577057 522 4 555 41
face 0.08570856 602 148 690 265
face 0.08569453 611 77 633 103
face 0.08558247 232 159 260 190
face 0.08554866 662 -1 692 22
face 0.08550515 138 107 167 159
face 0.08544095 267 478 319 537
face 0.08534623 199 96 222 127
face 0.085331485 131 149 164 194
face 0.085311174 709 146 734 170
face 0.085279435 778 13 818 53
face 0.08525793 272 153 296 175
face 0.085072555 745 165 765 185
face 0.0850697 803 20 840 56
face 0.08505832 86 579 158 617
face 0.08504056 613 97 634 121
face 0.084994234 589 101 674 217
face 0.084963195 150 73 183 143
face 0.084928215 773 165 793 185
face 0.084907725 682 6 707 38
face 0.08487566 627 140 666 212
face 0.0848278 656 37 687 78
face 0.084794454 333 154 379 205
face 0.0847617 618 113 639 140
face 0.08473036 0 -2 31 37
face 0.084640205 619 42 644 90
face 0.08463285 129 128 162 181
face 0.08461442 174 159 209 216
face 0.08455268 765 -42 874 64
face 0.08449786 756 169 776 190
face 0.08447214 155 16 206 108
face 0.08445254 623 181 665 244
face 0.084437735 617 214 670 264
face 0.08436394 556 8 600 64
face 0.08429126 724 212 748 236
face 0.084262185 615 124 649 190
face 0.08424776 705 173 730 202
face 0.08414445 18 98 43 140
face 0.08413074 812 39 847 72
face 0.08411951 332 141 435 231
face 0.08408917 653 219 691 256
face 0.084063284 683 27 725 94
face 0.08399004 190 147 230 213
face 0.0838927 649 52 686 99
face 0.083819196 175 93 201 123
face 0.08376354 18 68 42 110
face 0.08375508 577 79 598 106
face 0.08374521 785 175 812 205
face 0.08371689 688 162 717 193
face 0.08371042 627 109 653 140
face 0.083549924 709 185 732 208
face 0.0834889 622 92 648 130
face 0.08346578 769 181 792 202
face 0.08342869 78 70 114 127
face 0.08339415 681 216 707 242
face 0.08338778 253 142 338 232
face 0.08338631 666 69 704 107
face 0.08338055 804 -6 852 25
face 0.08331742 609 112 632 147
face 0.08329872 281 153 307 175
face 0.08323835 699 5 731 40
face 0.08322955 665 56 701 92
face 0.08314027 784 134 813 177
face 0.08311365 683 -1 717 23
face 0.08310287 321 182 370 222
face 0.08307145 568 80 591 103
face 0.08302746 592 25 625 58
face 0.08299553 251 213 309 262
face 0.0829749 367 173 439 236
face 0.082946405 144 156 172 187
