face 0.99999344 546 1078 1249 2010
face 0.24624917 46 321 1909 2257
face 0.12525067 909 625 1216 999
face 0.12375082 51 360 248 560
face 0.11901575 1702 242 1953 663
face 0.107844196 615 691 874 923
face 0.10731038 -24 235 88 531
face 0.102912955 64 298 280 498
face 0.09943566 899 1021 1205 1480
face 0.0966641 1345 418 1583 632
face 0.09316612 479 672 927 1069
face 0.08992042 14 267 157 543
face 0.08980134 123 394 318 651
face 0.088040315 879 1445 1213 1911
face 0.08549613 1902 833 1997 1057
face 0.082611546 1204 423 1670 837
face 0.08253165 1895 194 1983 388
face 0.08239152 886 2165 1139 2579
face 0.08230191 1045 2178 1195 2474
face 0.08109841 66 471 340 942
face 0.08072049 42 409 549 816
face 0.080564626 1721 1713 1936 2147
face 0.0797191 999 2228 1144 2511
face 0.0793094 1235 1755 1507 2147
face 0.079246156 2 155 145 364
face 0.07924214 1297 1610 1461 1935
face 0.07917139 661 1166 907 1416
face 0.07874265 1908 185 2008 321
face 0.078628846 229 645 697 1126
face 0.07856809 3 242 258 596
face 0.07806544 1137 566 1924 1389
face 0.07796697 1444 1172 1770 1563
face 0.07767823 53 226 213 426
face 0.0776479 1385 321 1848 707
face 0.077340215 1252 1551 1398 1856
face 0.077112764 917 857 1202 1222
face 0.07693669 -23 377 84 672
face 0.07664833 1913 930 2019 1084
face 0.07601595 1179 1205 1332 1491
face 0.07589605 1040 2163 1301 2581
face 0.07586939 181 442 400 738
face 0.075659096 1270 1849 1473 2078
face 0.07555759 618 618 1157 963
face 0.07547792 426 1923 570 2298
face 0.07546983 52 431 232 686
face 0.07521968 1897 738 1984 932
face 0.074760996 963 795 1192 1020
face 0.07475768 20 371 162 682
face 0.074163705 317 2058 556 2554
face 0.07388434 1928 1906 2016 2038
face 0.07365062 1906 1843 1988 2027
face 0.07348671 1106 328 1571 710
face 0.07348617 1903 1915 1986 2097
face 0.07336134 1903 1622 1993 1832
face 0.07329079 784 1303 1027 1533
face 0.07258208 1050 663 1224 968
face 0.0724977 1859 178 1932 324
face 0.072489664 1885 2504 2016 2678
face 0.07238253 1894 994 2011 1163
face 0.07218534 0 2524 125 2682
face 0.07217655 1395 489 1643 699
face 0.07211302 1727 852 1880 1010
face 0.07209925 91 524 316 761
face 0.07204308 1911 653 2019 802
face 0.07201086 603 796 881 1050
face 0.071865946 1926 1842 2013 1969
face 0.07182773 83 172 628 553
face 0.07167127 44 -103 525 259
face 0.07159827 1922 1771 2011 1905
face 0.071587496 1205 1486 1343 1863
face 0.071447365 1135 1069 1293 1381
face 0.07139312 1122 601 1298 876
face 0.07127141 1067 1011 1339 1437
face 0.07117744 1213 2263 1513 2588
face 0.07110061 1762 1825 1905 2110
face 0.07106269 1070 577 1335 1015
face 0.071015686 1918 2114 2014 2255
face 0.070944056 1917 1550 2018 1705
face 0.07077623 1925 2046 2014 2178
face 0.07076332 1124 1140 1361 1563
face 0.070730224 -19 215 368 734
face 0.070709914 1903 2050 1986 2245
face 0.07067921 1925 1974 2015 2108
