face 0.98348016 347 230 545 409
face 0.12881863 17 101 584 698
face 0.12084482 0 9 56 256
face 0.11997216 535 540 584 639
face 0.11943901 309 245 455 413
face 0.11611783 453 234 552 376
face 0.10932202 0 192 49 287
face 0.10330704 189 445 259 595
face 0.102294505 402 263 518 393
face 0.1007075 -10 3 27 108
face 0.09279189 363 286 476 408
face 0.09209887 -11 -30 28 64
face 0.09202947 77 18 371 247
face 0.09118791 18 34 57 158
face 0.090765156 -6 213 27 303
face 0.089701936 241 498 283 634
face 0.08949889 0 -1 46 117
face 0.08921084 254 514 294 655
face 0.088403784 1 230 46 343
face 0.08816801 130 73 407 326
face 0.087104924 17 80 55 222
face 0.08531783 1 290 41 407
face 0.084515244 11 244 89 381
face 0.08431706 265 485 308 643
face 0.082289204 -6 98 24 216
face 0.08112146 20 -12 58 43
face 0.08055862 162 424 289 642
face 0.0803364 235 424 309 589
face 0.08028661 365 119 478 275
face 0.08006171 31 0 70 66
face 0.07943484 336 559 395 619
face 0.07914153 209 96 362 468
face 0.07880863 11 223 68 304
face 0.078382336 -6 301 25 401
face 0.077896595 -21 198 43 319
face 0.077525616 35 -8 73 32
face 0.07718363 297 326 538 574
face 0.0766828 322 -2 501 325
face 0.076655686 -5 262 32 311
face 0.0764053 343 299 435 425
face 0.07611211 31 16 69 140
face 0.075850315 205 412 278 562
face 0.075813055 -5 276 23 359
face 0.0756118 246 153 445 423
face 0.07479127 327 -10 385 38
face 0.07469128 222 460 265 580
face 0.074677445 180 473 321 593
face 0.07467617 2 -21 46 52
face 0.074523814 -20 64 40 205
face 0.07442115 256 611 320 680
face 0.07426423 54 -7 91 32
face 0.07418106 147 449 417 666
face 0.07412467 448 126 573 261
face 0.07401639 -6 46 24 145
face 0.07373884 15 296 59 403
face 0.07371274 318 330 486 448
face 0.07361464 -8 170 26 270
face 0.07323513 411 217 518 325
face 0.07315017 573 474 603 543
face 0.07290636 169 527 246 653
face 0.0728523 221 565 264 644
face 0.072838165 128 273 206 343
face 0.07282873 504 514 582 633
face 0.07278818 165 553 308 670
face 0.07268844 14 187 99 304
face 0.072598964 357 76 485 215
face 0.072562195 156 609 206 695
face 0.07240661 7 607 100 733
face 0.07237486 314 320 399 464
