face 0.9998969 615 1095 1020 1616
face 0.12143376 79 966 189 1423
face 0.119963594 1321 -25 1418 112
face 0.11804859 66 1026 145 1371
face 0.115871586 33 1011 101 1303
face 0.108381696 30 2035 359 2542
face 0.1026407 1237 -2 1409 362
face 0.098747075 355 -16 443 136
face 0.08795982 1401 -33 1477 166
face 0.08710946 366 1768 540 2227
face 0.08521618 26 771 87 993
face 0.08518698 19 626 95 950
face 0.085091405 716 1759 998 2213
face 0.08459979 433 -18 541 122
face 0.084439926 -8 1033 44 1270
face 0.08422271 1355 -24 1436 173
face 0.083631516 480 82 748 423
face 0.0826066 1061 -21 1164 110
face 0.08163753 1272 -141 1453 238
face 0.07963891 382 1364 579 1791
face 0.0790845 -9 -29 70 132
face 0.078957506 39 0 246 233
face 0.07876281 444 25 607 205
face 0.07871755 555 1395 642 1689
face 0.07839347 61 78 388 542
face 0.07769441 255 -15 358 114
face 0.077379815 -5 923 41 1126
face 0.07723944 1035 -16 1107 90
face 0.07720346 367 80 685 542
face 0.076897584 289 -136 484 222
face 0.07623014 19 1062 74 1200
face 0.0761501 1032 17 1298 351
face 0.075737916 59 1782 314 2308
face 0.07465023 754 -39 911 149
face 0.07437801 21 1001 72 1126
face 0.07432541 12 -33 139 123
face 0.07416462 463 1277 645 1746
face 0.07408425 412 -15 492 127
face 0.074079074 1312 43 1431 323
face 0.07379637 328 13 455 209
face 0.073781505 22 1142 87 1421
face 0.07373678 314 -11 407 132
face 0.0737 -11 29 535 767
face 0.07349767 -4 1247 45 1460
face 0.073261075 19 950 66 1061
face 0.07324696 13 1125 70 1266
face 0.073218845 -10 777 42 991
face 0.07320085 327 -113 769 800
face 0.07312 245 587 399 844
face 0.07308368 551 1230 649 1619
face 0.07273096 510 1165 617 1577
face 0.07268873 36 900 87 1070
face 0.072538644 714 -21 812 113
face 0.07220465 743 81 1028 433
face 0.07218391 1058 24 1225 216
face 0.07215631 1027 12 1080 141
face 0.07211093 678 1113 893 1325
face 0.07206096 261 14 587 457
face 0.07188704 1173 -28 1315 131
face 0.071668 69 771 131 987
face 0.07166412 1001 -10 1062 86
face 0.07163918 995 1448 1121 1775
face 0.07159118 550 95 895 537
face 0.07151482 442 1538 584 1807
face 0.07149519 586 1394 681 1690
face 0.07146132 1281 191 1401 429
face 0.07143288 838 -36 983 132
face 0.07136602 10 876 60 989
face 0.071310215 456 1654 604 1839
face 0.07107452 374 52 504 268
face 0.071069844 498 1596 636 1774
face 0.07103798 589 1624 744 1832
face 0.07096567 460 1749 672 2184
face 0.07086608 617 -103 1073 815
face 0.07084344 1269 -29 1373 108
face 0.070797004 509 1711 671 1898
face 0.0706002 -14 23 92 185
face 0.07059529 960 -9 1032 101
face 0.07054299 61 630 138 947
face 0.07050929 3 1200 59 1334
face 0.070320226 360 1877 472 2148
face 0.070155986 1070 1314 1278 1755
face 0.069949955 186 602 387 1041
face 0.06980675 79 1395 186 1811
face 0.06980053 522 1647 675 1829
face 0.06979478 1275 45 1381 288
face 0.06970492 1006 1554 1176 1797
face 0.06969738 525 1812 740 2239
face 0.06968325 1412 170 1494 318
face 0.06963298 130 -173 665 568
face 0.06959657 674 -19 764 106
face 0.06955248 37 150 147 496
face 0.06944196 1181 1322 1388 1772
