face 0.99988806 507 86 665 287
face 0.12397452 553 69 671 207
face 0.123897456 695 380 768 476
face 0.118413806 601 487 652 547
face 0.11098172 597 535 635 574
face 0.097009875 739 381 853 523
face 0.09525225 592 348 662 447
face 0.0926042 628 456 688 538
face 0.09215011 621 444 730 564
face 0.09199414 395 261 511 389
face 0.09185839 434 366 514 442
face 0.09082896 600 514 642 554
face 0.09027438 675 394 740 478
face 0.0901186 542 90 621 220
face 0.08825008 606 336 690 429
face 0.08678096 546 524 605 576
face 0.08632236 464 222 528 340
face 0.08401866 595 397 707 516
face 0.08398264 584 541 630 586
face 0.08341781 771 376 838 476
face 0.08305271 716 397 794 503
face 0.08227659 715 441 832 560
face 0.08202749 739 368 820 458
face 0.081940174 630 488 681 561
face 0.08156926 635 352 713 432
face 0.0813908 556 298 684 427
face 0.07968763 716 360 788 457
face 0.079414956 670 348 739 442
face 0.07887226 570 445 687 559
face 0.07870795 540 380 662 509
face 0.07869582 593 538 648 615
face 0.07848786 508 202 605 293
face 0.07812665 634 439 707 509
face 0.07744818 446 237 511 365
face 0.07728808 550 510 607 548
face 0.07716037 772 325 838 434
face 0.076640874 580 521 619 553
face 0.076350845 746 307 812 408
face 0.07627952 566 495 619 538
face 0.07612237 521 92 588 210
face 0.07590546 554 27 686 142
face 0.07533218 460 491 583 604
face 0.07519404 695 179 762 286
face 0.075071186 568 492 674 603
face 0.07485485 663 466 741 553
face 0.074725434 509 506 571 548
face 0.07470557 408 370 476 419
face 0.074218266 464 190 515 254
face 0.07409802 645 397 710 480
face 0.0740728 737 417 825 483
face 0.07363805 604 442 669 526
face 0.07350078 551 321 655 388
face 0.07313233 439 280 549 425
face 0.07297085 506 409 654 617
face 0.07286943 759 463 833 547
face 0.07250779 570 422 636 509
face 0.072245546 462 427 714 530
face 0.0718808 689 441 778 500
face 0.07180457 2 5 131 144
face 0.07157973 627 521 679 575
face 0.071444795 715 281 788 381
face 0.071348146 449 204 506 318
face 0.07106335 795 345 858 449
face 0.07094126 610 54 686 132
face 0.070909 685 502 767 576
face 0.070882775 459 200 566 323
face 0.07083005 936 -9 995 32
face 0.070755444 -2 621 138 719
face 0.07069393 568 74 667 143
