face 0.9998074 85 40 161 150
face 0.13805695 147 37 190 116
face 0.11820041 162 61 189 104
face 0.114520036 36 0 61 20
face 0.11417845 4 30 186 215
face 0.1126579 29 -2 64 42
face 0.11183152 164 39 190 78
face 0.10103874 184 -2 194 16
face 0.09289482 175 59 190 94
face 0.09271822 1 1 25 39
face 0.088487625 0 55 29 104
face 0.087563954 18 -3 50 47
face 0.087489896 178 -1 189 17
face 0.08716859 164 75 188 122
face 0.08644184 41 -3 63 13
face 0.08609015 170 29 189 56
face 0.084669024 183 67 195 97
face 0.084027156 31 11 79 49
face 0.08398668 185 80 196 108
face 0.083455995 -1 40 37 81
face 0.08283088 4 -2 63 68
face 0.08180761 184 19 195 44
face 0.08141391 130 80 160 120
face 0.08136126 171 -2 186 11
face 0.08011129 30 0 49 19
face 0.07972225 19 105 51 166
face 0.079353824 0 12 63 116
face 0.0793047 23 1 39 29
face 0.07915105 177 2 189 28
face 0.07912208 178 10 200 52
face 0.079097725 143 20 173 76
face 0.07896047 175 -15 201 24
face 0.078925595 54 20 79 63
face 0.078445084 0 92 26 169
face 0.07801907 14 7 32 34
face 0.07793641 8 -4 37 53
face 0.07736591 185 100 196 129
face 0.0773203 7 67 58 101
face 0.077124946 22 87 53 129
face 0.07659206 3 202 20 220
face 0.075989835 40 11 101 113
face 0.07590722 20 -3 77 95
face 0.075873986 0 89 38 132
face 0.07574762 160 53 209 90
face 0.075712904 181 32 197 51
face 0.075316206 177 17 190 47
face 0.07526518 0 0 15 31
face 0.07516266 179 94 200 136
face 0.07493256 26 21 68 65
face 0.074798614 -1 -3 8 15
face 0.07455401 139 0 193 95
face 0.07445823 35 49 53 75
face 0.07361406 26 77 54 114
face 0.07356231 183 6 195 29
face 0.07354245 45 70 59 104
face 0.07353433 50 64 65 99
face 0.07350104 39 73 63 115
face 0.073304325 168 0 191 33
face 0.07328902 185 15 197 30
face 0.0731411 161 94 187 143
face 0.07284928 1 65 24 87
face 0.07282689 51 66 74 110
face 0.07276932 35 -4 53 13
face 0.07271348 44 42 63 71
face 0.07247406 65 18 80 51
face 0.07246047 -10 -9 29 27
