face 0.9999813 293 233 841 1108
face 0.9968425 805 511 925 772
face 0.44890216 617 783 783 1025
face 0.36811125 681 286 815 533
face 0.12181968 932 582 996 679
face 0.109772034 897 513 958 697
face 0.10702504 909 534 1013 743
face 0.10497563 282 504 442 708
face 0.104723394 574 691 721 903
face 0.10263942 935 490 993 650
face 0.101732954 871 505 940 675
face 0.09857691 937 1063 998 1153
face 0.09115227 873 554 970 768
face 0.0894643 -5 1207 56 1286
face 0.08799506 929 1147 989 1287
face 0.08390339 0 1241 62 1324
face 0.083439425 939 618 1000 710
face 0.0834251 411 17 718 545
face 0.08000235 -10 1124 44 1283
face 0.079488486 341 371 510 551
face 0.07838813 911 1029 1018 1255
face 0.077697195 430 464 580 697
face 0.076903276 358 476 475 587
face 0.07569122 827 330 945 573
face 0.075485855 436 643 566 771
face 0.07506489 933 -18 997 58
face 0.073766254 820 910 939 1121
face 0.07346452 356 132 610 348
face 0.07345375 283 571 416 815
face 0.07281748 687 716 815 970
face 0.071991086 935 1029 997 1119
face 0.07108466 86 -22 197 70
face 0.07108 904 316 1014 543
face 0.070099846 941 1099 1000 1185
face 0.06998733 632 353 801 581
face 0.06983136 895 330 960 536
face 0.06981851 932 358 990 508
face 0.06981595 600 618 746 853
face 0.06960648 811 -47 1074 124
face 0.069382906 325 519 447 630
face 0.069375426 170 368 375 1092
face 0.06936643 678 576 819 813
face 0.06926724 899 1047 959 1238
face 0.06926091 933 996 996 1085
face 0.069227815 435 1148 570 1266
face 0.06867878 421 591 588 823
face 0.06865305 463 -10 544 59
face 0.068477534 904 217 1017 441
face 0.068222396 332 437 461 552
face 0.06810352 -6 -13 36 83
face 0.06802104 436 1233 524 1330
face 0.06779963 865 959 945 1132
face 0.06758015 434 772 567 889
face 0.06757772 820 899 1071 1082
face 0.06749971 941 654 1002 743
face 0.067426406 563 778 681 893
face 0.067410104 122 -20 416 497
face 0.06737147 596 8 927 505
face 0.06722713 934 418 992 577
face 0.067122124 896 421 960 640
face 0.06677592 828 884 931 998
face 0.06675547 661 655 796 901
face 0.06657266 893 1133 962 1296
face 0.0665422 433 549 521 712
face 0.066522725 839 620 919 781
face 0.06651065 587 334 721 458
face 0.06644381 527 -122 810 340
face 0.06612147 936 270 988 402
face 0.06595877 905 930 1016 1148
face 0.065864205 938 57 990 196
face 0.0658457 435 1010 568 1126
face 0.06584354 417 -137 708 312
face 0.065785244 910 18 1017 229
face 0.0657084 356 654 447 816
face 0.065575875 934 215 996 299
face 0.06541357 357 955 447 1103
face 0.06521814 -12 502 37 694
face 0.06519576 746 907 814 1095
face 0.065169826 937 349 997 437
face 0.06508292 75 1099 324 1284
face 0.06503841 936 145 998 231
