face 0.9999974 670 1322 1251 2130
face 0.13144225 45 330 1927 2254
face 0.12882262 1 2370 156 2600
face 0.12861621 -20 2299 101 2580
face 0.12121307 1033 159 1751 931
face 0.11500206 68 1580 334 2012
face 0.114386514 33 -30 221 140
face 0.113153294 447 1673 703 2080
face 0.08946043 1 12 240 218
face 0.086764716 1880 -38 2017 115
face 0.086488225 1732 -32 1931 138
face 0.085437536 269 -31 480 141
face 0.08330035 -101 2222 293 2618
face 0.08219929 725 1393 976 1627
face 0.08127409 -1 514 330 995
face 0.08097606 429 1698 586 1991
face 0.080663964 -31 1933 409 2370
face 0.07827305 576 1655 708 1999
face 0.07781343 1638 1809 1924 2273
face 0.076556124 541 48 832 284
face 0.076308385 -23 1498 80 1786
face 0.0761762 1146 402 1647 802
face 0.075973526 -10 2219 91 2479
face 0.075805835 588 -34 812 144
face 0.07460994 450 2161 762 2566
face 0.07417741 119 1638 291 1927
face 0.07412887 1372 121 1672 354
face 0.073461115 27 270 316 507
face 0.07318025 97 589 643 936
face 0.073078975 311 1678 469 1984
face 0.0728957 1746 2414 1930 2610
face 0.07260012 287 -64 864 256
face 0.07249916 167 1862 552 2448
face 0.07186901 205 123 490 359
face 0.071866825 1611 -9 1947 293
face 0.07162546 1896 376 2010 534
face 0.071342014 1903 514 2017 666
face 0.07095064 77 200 370 424
face 0.07065788 178 29 759 383
face 0.07053231 1125 1355 1289 1636
face 0.0700969 1882 2366 1997 2593
face 0.069904625 576 -46 1203 231
face 0.06986503 -27 2101 428 2530
face 0.06981493 -18 70 287 432
face 0.06969964 553 1809 725 2102
face 0.06964742 60 357 441 818
face 0.06955961 1381 2024 1661 2438
face 0.06934995 1686 2329 1914 2557
face 0.06931483 414 537 923 966
face 0.06917268 1188 1863 1360 2199
face 0.06902163 136 1663 404 2070
face 0.0689301 1563 2084 1706 2412
face 0.068605624 192 1631 349 1907
face 0.06854668 -13 699 398 1102
face 0.06853372 895 444 1479 787
face 0.068186894 535 2108 708 2279
face 0.06815689 24 2025 239 2227
face 0.068033956 205 442 763 787
face 0.06794005 1602 422 1948 782
face 0.0679337 165 2283 421 2513
face 0.06783359 441 493 1038 1535
face 0.067726456 279 333 577 571
face 0.067695186 1062 7 1451 343
face 0.06765416 1900 570 2000 789
face 0.067611836 1597 733 1953 1086
face 0.06758463 288 -80 1771 700
face 0.067494094 1254 2113 1398 2368
face 0.06749285 258 1821 431 2090
face 0.0674777 284 4 548 208
face 0.0674746 595 268 897 493
face 0.06733528 1384 3 1678 212
face 0.06715545 956 -34 1165 131
face 0.06707963 45 542 327 764
face 0.06699071 853 9 1144 221
face 0.066871926 543 2018 739 2225
face 0.06679205 1866 2498 2010 2683
face 0.0666739 1385 2188 1570 2443
face 0.06665364 772 1438 1157 1869
face 0.06660303 453 22 1104 372
face 0.06655772 87 723 647 1082
