face 0.99998677 283 304 529 627
face 0.11705786 15 116 706 834
face 0.11663091 609 203 703 360
face 0.11346382 419 350 533 523
face 0.10636731 624 232 671 303
face 0.08907003 507 588 589 761
face 0.08707062 -10 641 31 766
face 0.08523597 695 852 744 966
face 0.084207304 623 681 719 936
face 0.08363291 673 784 723 944
face 0.0835579 626 803 702 963
face 0.08242054 615 224 663 278
face 0.082175635 592 119 697 431
face 0.081968404 395 151 552 312
face 0.08107845 1 761 105 961
face 0.080853455 638 244 678 322
face 0.08066355 577 620 633 737
face 0.08007893 -9 587 27 717
face 0.07909136 677 756 763 928
face 0.078335844 623 741 669 879
face 0.078166075 697 809 742 924
face 0.07806276 698 914 743 1007
face 0.07738713 2 676 62 781
face 0.07526492 100 728 149 866
face 0.07440849 327 290 462 450
face 0.074294746 638 742 690 882
face 0.07423208 541 614 595 750
face 0.07394202 617 53 802 199
face 0.07353502 654 839 709 963
face 0.07285913 604 877 806 1012
face 0.07280146 643 -68 774 124
face 0.07245102 526 622 611 815
face 0.07239624 559 600 614 729
face 0.07192074 342 397 478 562
face 0.071581155 601 764 649 913
face 0.071423315 -29 628 48 780
face 0.07110973 699 799 748 870
face 0.07095813 594 208 639 277
face 0.07095736 699 698 747 763
face 0.07073575 606 825 796 961
face 0.07066001 699 722 748 788
face 0.07055519 497 267 615 491
face 0.07039789 700 742 741 843
face 0.0703441 318 147 426 307
face 0.070343345 380 140 412 183
face 0.07033949 400 136 423 175
face 0.07021596 672 722 721 859
face 0.07008618 571 -47 703 128
face 0.07002144 676 656 764 816
face 0.0699715 705 651 747 709
face 0.06990878 57 670 117 797
face 0.06970818 483 550 534 672
face 0.06969922 674 882 764 1035
face 0.06910058 400 117 429 156
face 0.06907515 406 105 440 144
face 0.06884967 269 653 326 800
face 0.0688226 710 629 747 682
face 0.068732515 676 887 722 966
face 0.068629384 578 723 628 842
face 0.06857482 395 149 421 198
face 0.06853454 420 224 542 452
face 0.068491764 632 863 692 947
face 0.068490684 590 183 635 253
face 0.068269394 609 98 713 284
face 0.06819761 656 925 709 990
face 0.068056844 539 476 592 610
face 0.06779106 373 136 417 216
face 0.06757596 118 759 164 904
face 0.067559905 616 846 673 956
face 0.06755957 588 722 664 894
face 0.06750945 261 49 454 204
face 0.0674958 398 197 471 297
face 0.067450315 634 708 789 878
face 0.06742914 520 517 570 644
face 0.06737603 696 -15 749 46
face 0.06736016 467 152 672 559
face 0.067280605 34 663 100 752
face 0.067197904 211 606 301 800
face 0.067070566 468 151 615 308
face 0.06702422 637 814 695 901
face 0.06701362 587 148 628 291
face 0.06696226 621 804 670 918
face 0.0669621 525 702 612 908
