face 0.99998593 227 257 510 673
face 0.11746037 15 114 702 834
face 0.11264231 259 442 370 619
face 0.11057485 0 405 107 747
face 0.10954506 136 781 224 950
face 0.09001055 255 252 376 402
face 0.0845346 378 758 473 849
face 0.08388036 673 796 721 942
face 0.083873175 189 562 247 674
face 0.0821781 233 831 285 961
face 0.08216579 693 853 743 969
face 0.08187228 171 578 229 711
face 0.081388414 211 843 270 955
face 0.0805428 259 734 341 922
face 0.08049566 0 814 129 974
face 0.08026146 216 533 265 671
face 0.08002397 -11 741 32 858
face 0.07817688 252 643 305 780
face 0.078072496 214 740 268 927
face 0.07806199 691 924 750 996
face 0.077446446 231 714 284 898
face 0.07736332 253 769 303 938
face 0.07696498 217 614 270 750
face 0.07671707 172 792 259 960
face 0.07649688 297 566 412 705
face 0.07584793 172 747 224 905
face 0.07543332 -29 723 52 877
face 0.075274095 693 823 746 896
face 0.07367486 137 30 345 345
face 0.072815664 160 639 212 771
face 0.07249105 246 861 310 947
face 0.072211914 534 818 647 955
face 0.07212583 234 569 330 736
face 0.07190196 -90 209 168 513
face 0.07167542 478 -102 685 251
face 0.07156173 196 678 251 786
face 0.07133721 195 613 248 751
face 0.071189895 215 667 266 799
face 0.0709603 229 570 291 682
face 0.07077536 -10 685 30 817
face 0.07068657 361 453 482 647
face 0.07054632 220 651 308 823
face 0.07037263 418 -38 604 101
face 0.070337065 265 610 340 689
face 0.07026294 286 511 421 659
face 0.069887735 129 704 191 809
face 0.069835804 631 866 693 945
face 0.06975321 -66 879 126 1014
face 0.06974115 17 -13 83 48
face 0.06962602 390 -102 602 234
face 0.06960568 238 687 322 878
face 0.06958491 153 879 207 960
face 0.06949967 111 739 205 926
face 0.0693569 69 774 170 935
face 0.06931986 695 -15 748 46
face 0.06926866 611 877 808 1013
face 0.06925071 193 746 245 912
face 0.06923116 107 561 210 710
face 0.069060944 0 -1 92 198
face 0.06894546 295 431 405 602
face 0.06866487 218 926 269 993
face 0.068472706 356 738 445 827
face 0.06824556 255 822 345 958
face 0.06759074 130 849 192 954
face 0.0675694 17 -98 232 257
face 0.06753789 174 670 229 800
face 0.06739072 116 216 294 687
face 0.06737285 239 -103 459 232
face 0.0673555 8 -12 51 67
face 0.06734613 -49 -42 103 104
face 0.06729143 676 761 762 931
face 0.06723109 464 231 550 409
face 0.06721036 157 512 241 682
face 0.06712277 282 -34 471 103
face 0.06712233 113 692 176 777
face 0.06690171 -12 797 43 866
face 0.06681723 676 884 725 963
face 0.066801496 -9 -16 26 59
