face 0.9999459 215 183 541 668
face 0.15241173 315 417 435 590
face 0.12151473 15 112 696 836
face 0.11374537 278 397 392 562
face 0.11100584 696 855 742 969
face 0.10464575 -51 91 90 264
face 0.09978973 99 781 186 956
face 0.0836597 679 839 724 966
face 0.08247992 227 522 295 635
face 0.080626495 117 762 173 912
face 0.080406174 192 743 245 921
face 0.080225825 294 560 419 687
face 0.08003111 261 175 378 340
face 0.07966531 216 649 268 821
face 0.07911234 93 703 152 818
face 0.07722516 683 808 762 965
face 0.07660009 175 773 228 945
face 0.076363 3 357 94 672
face 0.0759828 140 620 192 743
face 0.075353965 547 849 630 960
face 0.074408524 180 681 259 884
face 0.074197024 696 924 748 993
face 0.074106865 216 546 269 648
face 0.07379011 -50 -42 105 103
face 0.0735664 141 679 193 783
face 0.07332025 115 692 169 835
face 0.073101826 -10 -18 28 63
face 0.07276364 164 679 211 781
face 0.0726862 149 861 216 948
face 0.072388455 213 742 266 911
face 0.07187802 710 805 745 859
face 0.07178735 688 772 718 866
face 0.07167387 -66 879 122 1013
face 0.07136906 703 817 740 921
face 0.071363814 476 -104 685 256
face 0.071341954 250 632 307 785
face 0.07122144 387 407 503 598
face 0.07084953 562 829 683 955
face 0.070734575 -1 6 53 182
face 0.07062132 351 781 440 870
face 0.07043296 710 781 746 835
face 0.07036643 56 686 120 770
face 0.07030981 177 0 303 151
face 0.070171416 199 669 249 817
face 0.06995465 154 571 208 714
face 0.06976208 372 53 567 196
face 0.069584765 159 -96 377 244
face 0.069433525 26 924 88 996
face 0.06925958 345 925 418 998
face 0.068913765 96 790 155 912
face 0.06883188 607 877 806 1012
face 0.06882731 620 847 699 958
face 0.06875497 178 672 225 807
face 0.06874281 703 779 735 862
face 0.06855098 193 447 243 607
face 0.068533905 608 827 792 960
face 0.06844205 695 -15 749 46
face 0.06839941 609 924 685 1001
face 0.06837405 115 846 176 958
face 0.06822371 708 827 747 886
face 0.06812269 -70 470 108 607
face 0.068102516 265 583 350 663
face 0.06805895 233 786 326 955
face 0.06803574 178 925 233 993
face 0.067673326 387 196 499 347
face 0.06755051 236 612 285 760
face 0.067502946 187 844 249 955
face 0.06744892 195 789 283 957
face 0.06740177 219 586 265 729
face 0.06730032 534 923 608 1002
face 0.067223564 54 702 147 874
face 0.06712631 138 732 223 928
face 0.06699069 288 114 390 259
face 0.06692946 193 556 243 686
face 0.06690407 451 922 529 1003
face 0.06660812 678 707 765 869
face 0.066521175 177 884 229 960
face 0.06644021 234 658 326 850
face 0.06640064 598 754 715 960
face 0.06637238 0 750 104 933
face 0.06630981 121 654 169 769
face 0.066300005 614 -62 728 138
face 0.0662801 -89 -68 215 185
face 0.066205114 238 277 324 368
face 0.06618089 278 -35 470 97
face 0.06617787 391 -100 601 247
face 0.06616609 703 645 746 761
face 0.06611678 177 573 228 710
face 0.066051416 14 894 91 966
face 0.065980904 335 195 454 362
face 0.06589126 244 -106 457 237
face 0.06578172 425 16 549 160
face 0.06569143 235 579 289 676
face 0.065609686 203 862 272 947
face 0.06553758 686 805 719 927
