face 0.9999789 605 398 1100 1077
face 0.12718958 7 915 76 1038
face 0.123454414 204 1015 242 1105
face 0.112155944 33 262 1576 1891
face 0.11048392 207 985 244 1074
face 0.10836255 190 1031 229 1111
face 0.10751551 87 1027 144 1149
face 0.10686983 140 1036 181 1124
face 0.10673978 179 975 217 1049
face 0.10579374 212 963 258 1110
face 0.104760155 121 1057 167 1160
face 0.10352533 137 968 178 1054
face 0.10283827 76 888 143 1022
face 0.102269374 31 830 108 964
face 0.10200774 177 1064 223 1149
face 0.10123022 1470 1994 1607 2173
face 0.10072913 223 1008 271 1108
face 0.09982693 122 973 170 1086
face 0.09959695 168 1081 221 1191
face 0.09867326 183 922 226 1048
face 0.098144695 71 848 138 970
face 0.09701759 6 1015 65 1159
face 0.09680977 143 911 187 993
face 0.09655175 115 1094 179 1214
face 0.09654745 31 1012 89 1149
face 0.096012674 44 898 121 1009
face 0.095962055 147 1075 199 1164
face 0.09583108 193 911 233 995
face 0.09544077 53 884 241 1257
face 0.09519996 0 842 73 969
face 0.095146224 199 850 246 949
face 0.09514198 109 1030 163 1117
face 0.09512781 170 857 218 1008
face 0.0949251 261 484 304 602
face 0.094530374 224 971 297 1132
face 0.09440784 76 788 142 931
face 0.09438864 117 899 165 998
face 0.09387838 80 955 140 1042
face 0.093578085 72 654 141 810
face 0.09294612 255 424 296 500
face 0.09288368 225 474 264 583
face 0.092784755 243 515 278 607
face 0.09257543 177 517 219 606
face 0.0923158 126 856 176 952
face 0.092198394 22 759 98 930
face 0.09203955 103 671 156 790
face 0.091153674 162 529 210 645
face 0.091118835 207 514 247 591
face 0.09107429 254 455 297 553
face 0.09103929 168 798 215 953
face 0.090839125 92 1082 155 1190
face 0.09064811 278 470 315 545
face 0.09059711 1037 16 1357 410
face 0.09057582 207 570 246 652
face 0.09054809 1116 428 1224 634
face 0.09048642 1451 419 1509 563
face 0.08979962 107 849 160 970
face 0.08970443 34 1120 104 1283
face 0.08962207 67 1166 164 1322
face 0.08952412 75 716 140 855
face 0.089235954 255 514 290 594
face 0.08921639 33 943 105 1045
face 0.08918651 66 597 139 749
face 0.089137375 256 390 299 456
face 0.08910706 213 423 254 501
face 0.088904396 207 794 250 886
face 0.0888562 176 570 218 670
face 0.08883999 72 1113 162 1256
face 0.08877323 110 611 164 725
face 0.08865614 213 1044 267 1146
face 0.0883291 169 442 216 539
face 0.08823951 50 654 112 783
face 0.088194616 225 971 268 1066
face 0.08814265 163 575 209 705
face 0.08805817 215 443 258 542
face 0.088023975 226 1060 287 1155
face 0.087984204 205 623 244 710
face 0.087829195 177 617 219 727
face 0.08781297 3 1107 62 1280
face 0.08775311 55 1022 120 1118
face 0.08754015 305 427 348 500
face 0.08727592 53 764 226 1106
face 0.0871896 231 559 271 710
face 0.08691949 230 528 268 645
face 0.086855136 108 566 165 678
face 0.08676438 109 512 166 606
face 0.08618177 112 789 159 898
face 0.08612005 122 467 169 547
face 0.08604787 497 550 560 697
face 0.08602286 42 710 108 837
face 0.08600138 249 557 288 650
face 0.08596093 212 389 254 454
face 0.08589303 202 680 242 768
face 0.085727155 1106 771 1350 1036
face 0.08563981 38 1074 102 1203
face 0.08534571 1584 289 1658 510
face 0.085253775 314 394 360 458
face 0.085224204 201 740 243 828
face 0.084998034 163 674 210 824
face 0.08477587 104 728 153 840
face 0.08469906 424 501 481 609
face 0.084648564 300 491 345 612
face 0.08455588 1451 280 1519 440
face 0.08438269 -18 884 163 1234
face 0.08437109 156 877 322 1216
face 0.0841526 240 880 297 1086
face 0.08409947 216 825 267 1034
face 0.08409085 953 24 1156 247
face 0.08395026 9 1083 216 1388
face 0.08394472 125 437 176 512
face 0.08392912 130 793 177 882
face 0.083915286 77 488 131 564
face 0.08389955 173 393 216 457
face 0.08385689 945 266 1222 718
face 0.08354852 12 675 63 777
face 0.08329854 -15 666 151 1010
face 0.08328974 344 483 398 623
face 0.08300807 225 764 276 976
face 0.082919635 1535 654 1614 940
face 0.08291277 141 1130 221 1239
face 0.0827677 321 467 365 550
face 0.08272289 254 510 311 735
face 0.08264613 54 501 135 611
face 0.08263351 46 538 133 688
face 0.08232651 445 560 498 685
face 0.08217202 1569 308 1623 502
face 0.08194369 1437 80 1540 371
face 0.08191066 206 1129 289 1226
face 0.08160323 476 561 550 774
face 0.081565216 288 508 325 593
face 0.081522994 134 416 190 488
face 0.08150957 167 742 211 889
face 0.08127868 1501 569 1568 766
face 0.08125301 346 412 397 493
face 0.08120133 277 367 322 428
face 0.08118368 381 490 440 620
face 0.081170775 31 487 97 571
face 0.08113961 271 412 314 479
face 0.08095182 223 904 269 1005
face 0.08087188 104 1148 202 1315
face 0.080861256 491 816 551 946
face 0.08053807 22 732 85 829
face 0.08053459 83 447 141 520
face 0.08051844 1158 1231 1308 1490
face 0.08042025 16 1172 91 1300
face 0.080415964 132 392 176 455
face 0.08040416 281 544 328 657
face 0.08037121 1389 13 1573 407
face 0.08023616 213 333 259 394
face 0.08008068 23 614 84 714
face 0.08000856 17 1079 72 1200
face 0.079944246 39 784 111 889
face 0.07983382 1586 634 1659 842
face 0.079822876 0 783 70 902
face 0.0798093 0 623 54 755
face 0.07976628 499 507 583 778
face 0.079731196 1456 530 1529 728
face 0.07971672 434 472 494 569
face 0.07965865 302 454 345 549
face 0.07951088 42 591 111 721
face 0.07949364 175 339 222 400
