face 0.99017274 951 713 1119 944
face 0.14398241 1093 237 1181 365
face 0.1273771 977 534 1004 568
face 0.12659588 293 562 322 601
face 0.12221714 262 554 293 595
face 0.11758406 949 537 976 573
face 0.115072705 1032 557 1063 593
face 0.112904325 880 559 909 601
face 0.11180099 314 563 340 597
face 0.111412644 879 547 903 579
face 0.11112592 893 555 924 595
face 0.1110277 995 536 1021 568
face 0.11087458 869 551 896 594
face 0.11078901 645 541 669 575
face 0.11045462 634 553 659 590
face 0.11037213 938 538 963 568
face 0.110363945 1029 540 1054 568
face 0.11023017 1004 543 1029 573
face 0.11002712 903 543 929 576
face 0.10965884 866 531 891 567
face 0.109419115 870 563 901 616
face 0.1091321 573 528 597 555
face 0.10887503 896 542 919 570
face 0.10884563 262 533 288 564
face 0.108787395 871 542 894 572
face 0.10868799 274 541 299 572
face 0.108687595 795 532 820 569
face 0.10843778 563 542 587 573
face 0.10788417 933 543 962 585
face 0.107739754 436 539 459 568
face 0.10758009 966 536 998 579
face 0.10739239 319 543 342 572
face 0.10733323 322 568 349 604
face 0.10670763 446 534 476 568
face 0.10647306 281 528 305 555
face 0.10619827 802 517 825 548
face 0.10607026 1005 530 1030 559
face 0.10606822 285 547 308 575
face 0.10570783 279 559 312 608
face 0.105649106 635 536 659 571
face 0.10561938 822 540 845 570
face 0.10548815 340 564 364 597
face 0.10548311 995 522 1021 550
face 0.1053804 918 555 947 591
face 0.105271 824 512 847 540
face 0.105224736 1008 552 1040 590
face 0.10504227 642 526 667 558
face 0.104872234 902 526 927 556
face 0.10484448 755 539 777 568
face 0.10478367 518 541 545 572
face 0.10471718 874 567 925 621
face 0.104450986 278 553 305 590
face 0.10444668 857 508 883 544
face 0.10433731 598 526 622 556
face 0.10430553 328 526 350 552
face 0.10429722 765 518 789 550
face 0.10429393 793 546 821 592
face 0.10425143 1033 520 1058 547
face 0.104205586 633 518 658 547
face 0.103917494 841 541 867 578
face 0.10387457 571 548 595 578
face 0.103824906 658 558 683 592
face 0.10381131 791 513 814 542
face 0.103788584 764 538 789 573
face 0.10374276 252 533 279 568
face 0.10373989 600 545 624 577
face 0.10372797 583 538 609 572
face 0.10370651 828 524 853 564
face 0.103691794 996 546 1023 582
face 0.103647664 310 542 332 568
face 0.10363203 869 521 891 550
face 0.10360101 587 519 611 545
face 0.10357641 343 576 376 618
face 0.10354548 679 559 703 592
face 0.10347423 649 548 675 589
face 0.10346546 348 539 372 571
face 0.10340745 249 552 286 605
face 0.10333077 400 526 423 555
face 0.1032518 234 530 262 565
face 0.10322262 956 552 988 590
face 0.103170544 403 543 426 575
face 0.103169754 388 538 412 571
face 0.10301182 965 523 993 552
face 0.102992795 429 519 452 546
face 0.102959804 355 547 378 575
face 0.10294635 838 515 862 546
face 0.102921225 755 547 781 590
face 0.10286221 357 525 380 553
face 0.102716625 655 541 680 576
face 0.102640554 530 526 556 554
face 0.102569245 748 559 772 590
face 0.102474526 436 527 462 558
face 0.10243107 309 518 332 544
face 0.1024076 250 517 277 547
face 0.10232819 888 509 917 548
face 0.102242686 387 557 411 593
face 0.10217331 428 544 459 590
face 0.101994224 838 495 861 526
face 0.10188301 827 544 857 593
face 0.10186168 738 542 762 575
face 0.101842575 344 517 367 543
face 0.10181591 306 573 341 616
face 0.101676926 426 563 450 594
face 0.10166111 326 551 348 578
face 0.101622134 584 554 611 592
face 0.10145549 561 519 586 545
face 0.101446874 926 520 952 548
face 0.1014005 1047 561 1078 594
face 0.101366654 628 563 656 604
face 0.101311184 682 537 706 569
face 0.10109704 715 557 739 590
face 0.10099937 396 568 420 602
face 0.10088977 371 582 402 620
face 0.10082481 730 558 755 593
face 0.100810476 743 519 768 552
face 0.10079876 415 584 445 621
face 0.100613795 649 517 675 547
face 0.10059939 691 535 716 572
face 0.10053757 801 556 830 599
face 0.10047301 392 586 423 624
face 0.10042677 759 514 783 543
face 0.1004037 721 538 745 569
face 0.10031429 654 525 680 557
face 0.10009294 560 556 588 593
face 0.10007656 381 517 404 543
face 0.09988601 331 577 362 616
face 0.0998803 844 557 873 601
face 0.09975312 385 580 411 619
face 0.09971756 599 561 627 596
face 0.09966635 967 173 1038 315
face 0.09958559 373 564 397 595
face 0.09956789 832 489 855 518
face 0.09933945 481 541 509 574
face 0.09927505 656 575 684 610
face 0.09925241 1035 535 1066 573
face 0.09914482 858 492 885 526
face 0.09911476 694 557 719 593
face 0.09898795 1133 553 1170 604
face 0.098947585 230 554 262 592
face 0.09890918 438 546 479 607
face 0.09888482 1037 523 1067 555
face 0.09874538 699 521 725 555
face 0.09867293 486 528 513 556
face 0.09856457 525 548 555 582
face 0.09852911 642 488 671 518
face 0.09851502 632 496 659 526
face 0.09851079 219 521 248 562
face 0.098292775 270 518 294 545
face 0.09820843 592 495 620 524
face 0.09809969 675 581 703 613
face 0.098081306 511 555 548 601
face 0.09790744 806 497 830 527
face 0.09783806 851 487 876 518
face 0.09777166 450 525 475 555
face 0.09767243 567 497 596 527
face 0.09765055 216 537 246 580
face 0.097587414 618 488 648 517
face 0.09758544 459 554 500 595
face 0.09752281 444 558 474 592
face 0.09749322 704 580 733 615
face 0.09747505 1086 562 1114 593
face 0.09732328 842 573 879 627
face 0.09730465 723 514 749 545
face 0.09728507 691 575 722 616
face 0.097171396 579 488 610 518
face 0.0971483 539 556 585 602
face 0.09670875 793 487 818 519
face 0.0965799 828 559 861 618
face 0.09654658 1174 559 1206 602
face 0.096485 766 497 790 526
face 0.0964621 837 472 863 503
face 0.096461974 424 569 455 616
face 0.09632676 889 490 920 529
face 0.09625131 702 426 732 453
face 0.096039474 474 544 512 592
face 0.09597728 472 517 499 545
face 0.0958353 515 514 544 546
face 0.095825665 801 471 826 500
face 0.09565683 1047 541 1075 570
face 0.095035516 523 496 554 527
face 0.095013075 1208 560 1240 598
face 0.09493265 683 516 709 546
face 0.094791666 427 500 452 528
face 0.09477302 1108 561 1139 596
face 0.09467091 1162 560 1195 596
face 0.094555296 693 441 722 471
face 0.094547726 187 516 216 554
face 0.094514996 441 577 486 626
