face 0.99492896 508 497 704 734
face 0.17690805 394 567 479 672
face 0.13194436 317 432 360 488
face 0.13107665 327 425 368 472
face 0.117654 425 536 563 688
face 0.11710642 302 438 345 492
face 0.11250232 369 445 406 497
face 0.10986469 915 154 942 188
face 0.10869881 391 450 426 493
face 0.10692901 914 173 944 210
face 0.10668709 687 247 725 311
face 0.10576537 285 434 325 489
face 0.10552005 333 449 382 516
face 0.10421037 880 156 908 193
face 0.10373881 319 457 363 505
face 0.10350311 863 201 897 244
face 0.10339551 391 467 432 513
face 0.10268075 815 218 851 266
face 0.102465294 863 164 891 206
face 0.10243408 661 270 689 310
face 0.1023783 822 209 854 248
face 0.10226828 879 176 910 217
face 0.102259256 728 247 762 291
face 0.10144706 379 436 411 479
face 0.101116195 701 245 738 300
face 0.10099693 366 462 407 516
face 0.10099067 682 274 710 308
face 0.10056644 588 689 757 840
face 0.10038892 13 0 63 50
face 0.10034237 719 269 750 307
face 0.100301355 658 295 691 338
face 0.09998759 835 152 862 188
face 0.09979984 902 199 934 237
face 0.09931651 847 209 884 259
face 0.09887669 822 160 850 202
face 0.09884806 857 122 888 159
face 0.0985967 626 299 654 336
face 0.09849161 303 452 353 517
face 0.098423466 647 302 673 333
face 0.09837602 396 433 427 469
face 0.09801936 595 294 624 335
face 0.09800696 653 275 683 324
face 0.097510844 412 532 504 638
face 0.097462095 833 181 859 214
face 0.0974509 312 413 349 448
face 0.09732536 818 197 847 237
face 0.096847296 424 450 464 501
face 0.09684275 805 208 836 248
face 0.0967204 746 244 783 288
face 0.09663344 862 154 887 185
face 0.09662905 618 254 648 289
face 0.096625805 787 199 818 236
face 0.09654969 647 299 683 355
face 0.09644095 624 274 650 308
face 0.09642587 839 114 872 155
face 0.09642536 616 302 640 334
face 0.09626889 676 252 709 291
face 0.09605028 920 188 958 236
face 0.096030906 581 292 618 352
face 0.09595796 882 127 911 158
face 0.095950626 765 220 800 270
face 0.09594798 684 299 714 334
face 0.09572025 331 514 391 586
face 0.095555395 281 398 415 544
face 0.09545786 282 466 330 514
face 0.09537715 294 417 332 460
face 0.09535468 850 203 879 236
face 0.09504089 646 274 671 307
face 0.09490078 684 464 775 613
face 0.09456757 653 243 689 297
face 0.09425447 252 456 288 499
face 0.09417434 736 175 773 224
face 0.09414648 34 900 80 942
face 0.09411924 842 103 881 141
face 0.094088145 608 253 639 296
face 0.09395814 543 3 588 54
face 0.09386066 361 412 505 571
face 0.09364044 95 908 139 945
face 0.093596786 798 181 826 216
face 0.09340428 640 255 669 289
face 0.093277894 1136 91 1208 200
face 0.0932225 757 190 791 238
face 0.09311599 728 225 764 268
face 0.09310735 432 468 475 515
face 0.09306122 742 222 778 274
face 0.09299629 605 272 633 312
face 0.09295097 588 276 620 326
face 0.09292086 825 126 859 173
face 0.09285352 382 557 514 713
face 0.092775755 603 779 721 870
face 0.092742 898 158 938 206
face 0.09272844 519 9 557 54
face 0.092711546 693 291 730 338
face 0.09269917 446 567 536 666
face 0.09258453 258 431 293 476
face 0.09251554 529 3 569 42
face 0.09247984 738 266 775 307
face 0.09226239 595 258 627 308
face 0.09221165 59 906 106 946
face 0.09218502 746 193 780 233
face 0.09211845 799 220 837 276
face 0.09190953 335 411 373 455
face 0.091768384 548 818 710 960
face 0.091695406 362 494 408 550
face 0.09167495 718 262 760 326
face 0.09167267 664 233 703 284
face 0.09158236 338 492 387 549
face 0.091506094 10 897 57 946
face 0.091184616 794 502 883 605
face 0.09118424 360 404 402 444
face 0.09111803 249 472 292 519
face 0.09107939 774 176 804 212
face 0.09106014 730 186 767 249
face 0.09099496 803 155 832 192
face 0.09090458 377 406 417 458
face 0.09079363 812 152 840 185
face 0.09075653 750 2 792 40
face 0.09063821 624 204 959 581
face 0.09054981 788 240 827 285
face 0.09047618 804 113 952 286
face 0.09024004 174 490 213 547
face 0.09020325 470 348 547 431
face 0.089937195 387 300 427 350
face 0.08991101 192 851 306 947
face 0.08950596 263 476 304 514
face 0.089399934 2 931 57 987
face 0.08926781 35 4 82 47
face 0.089262076 22 338 79 397
face 0.08916734 242 442 279 491
face 0.089140266 324 548 390 661
face 0.089112595 798 224 864 295
face 0.089090765 684 226 723 268
face 0.08903489 81 885 133 929
face 0.08896466 777 704 911 861
face 0.08892416 642 792 746 903
face 0.088861175 366 517 419 585
face 0.08875541 896 137 928 170
face 0.088658966 611 322 646 362
face 0.08856058 420 438 454 482
face 0.08851086 1056 4 1108 58
face 0.088488705 861 105 898 139
face 0.08837489 90 934 141 979
face 0.08834827 586 313 625 367
face 0.088340014 576 300 606 335
face 0.088111706 1031 785 1065 827
face 0.08806929 1056 774 1098 823
face 0.08804928 78 909 120 946
face 0.08804258 387 272 418 311
face 0.088039674 651 720 810 878
face 0.08799617 728 163 764 204
face 0.0879817 533 6 594 87
face 0.087956704 409 465 460 533
face 0.087908 287 492 353 581
face 0.08787507 545 839 638 953
face 0.08781933 -45 12 92 178
face 0.0877872 941 173 993 245
face 0.0877804 431 453 489 533
