face 0.99998796 361 567 929 1392
face 0.117903374 383 1247 501 1556
face 0.11707351 1031 1610 1241 2031
face 0.11292983 751 382 1019 862
face 0.10332297 140 1371 343 1800
face 0.090952195 224 1463 351 1759
face 0.08829136 685 1570 909 1964
face 0.08707911 358 1274 457 1615
face 0.08644269 1262 1717 1421 1936
face 0.08543484 922 1366 1053 1567
face 0.08511698 105 1589 226 1863
face 0.08472033 36 1862 150 2167
face 0.0817173 853 1457 1307 2356
face 0.08105274 1408 -36 1478 162
face 0.07905115 140 1767 307 2002
face 0.078707285 9 1689 173 1924
face 0.07794239 402 1577 631 2040
face 0.07759163 188 1512 310 1800
face 0.077218674 1207 1406 1295 1776
face 0.076597154 -16 -35 50 166
face 0.07557105 267 1596 385 1871
face 0.075503245 916 646 1011 920
face 0.074871324 351 1008 456 1331
face 0.07398375 140 1506 263 1803
face 0.073519945 1199 1942 1319 2213
face 0.073342666 347 866 554 1315
face 0.072755575 135 982 354 1386
face 0.07256769 40 2011 155 2302
face 0.07243192 1029 1395 1152 1668
face 0.071764 966 618 1059 980
face 0.07174018 1081 1704 1182 1908
face 0.071027935 57 1518 249 1907
face 0.070670225 301 946 429 1274
face 0.07046803 260 1401 382 1684
face 0.07044 321 -273 754 621
face 0.07042265 1124 1618 1204 1853
face 0.069864206 208 680 318 881
face 0.06970149 154 1649 267 1957
face 0.0695753 983 1408 1109 1660
face 0.0695713 -7 2416 86 2574
face 0.069546156 346 1468 464 1741
face 0.06938378 1168 1542 1251 1847
face 0.06922154 399 1069 493 1322
face 0.06905221 192 1140 363 1372
face 0.0690109 1037 1677 1110 1856
face 0.06894209 921 773 1015 1065
face 0.06872761 889 1342 997 1568
face 0.068720974 1197 1779 1409 2217
face 0.0683001 15 1732 125 2043
face 0.06822997 1394 2398 1479 2588
face 0.067912675 323 1243 415 1569
face 0.06787421 989 824 1203 1288
face 0.067627795 1057 911 1279 1353
face 0.067580365 26 1040 169 1350
face 0.067536235 178 1259 374 1659
face 0.06744303 1250 1450 1351 1748
face 0.06725653 1066 1197 1266 1637
face 0.06724075 -18 1751 58 2018
face 0.0672131 1430 306 1498 451
face 0.06720598 1167 1440 1336 1904
face 0.0671812 1429 374 1497 520
face 0.06713696 -6 1903 66 2199
face 0.06706628 785 -283 1236 607
face 0.06704367 1340 1534 1448 1862
face 0.06700656 304 1466 419 1752
face 0.0669849 175 1407 306 1675
face 0.0669021 924 621 1096 1108
face 0.06685482 1399 2270 1495 2447
