face 0.9999509 222 267 456 601
face 0.11944406 16 115 704 835
face 0.11251831 454 371 556 563
face 0.111861564 228 364 345 550
face 0.11172701 593 254 632 298
face 0.09953684 598 269 643 325
face 0.08841363 628 724 706 898
face 0.08786571 165 156 333 312
face 0.086200856 239 406 323 498
face 0.08558348 -10 663 32 794
face 0.08536908 267 499 363 588
face 0.08534455 650 770 725 954
face 0.084187485 639 780 689 933
face 0.084086984 674 840 724 965
face 0.08340439 609 242 701 383
face 0.082560174 382 562 487 753
face 0.08179938 677 757 761 929
face 0.08145026 698 914 743 1005
face 0.080930635 697 785 743 903
face 0.08063163 11 766 123 952
face 0.07819409 673 882 764 1035
face 0.077429235 315 204 478 366
face 0.07639894 636 271 677 351
face 0.07632805 577 208 670 348
face 0.07599503 574 620 632 737
face 0.07524668 144 201 294 371
face 0.075107016 696 827 744 950
face 0.074884795 689 896 746 966
face 0.07480261 607 879 808 1012
face 0.07414023 520 608 575 748
face 0.07399557 672 743 723 901
face 0.073981024 584 621 668 789
face 0.07378219 118 756 165 896
face 0.07376108 620 781 667 932
face 0.073653094 449 451 500 574
face 0.07345959 539 616 596 738
face 0.07265287 305 178 409 260
face 0.07255193 -8 717 75 965
face 0.07201805 403 274 486 366
face 0.071933195 597 231 636 275
face 0.07154889 613 826 800 961
face 0.07147287 -9 612 27 743
face 0.07106018 269 638 321 773
face 0.07056193 700 722 748 789
face 0.07029793 700 774 749 844
face 0.07028593 304 402 434 577
face 0.07022765 459 428 525 552
face 0.07000899 677 680 763 843
face 0.06999074 706 651 748 709
face 0.06998143 710 629 747 681
face 0.06974828 356 159 517 314
face 0.06954198 542 529 587 620
face 0.06940882 414 264 592 401
face 0.06939428 616 643 675 767
face 0.06923527 214 284 274 414
face 0.068906255 517 526 572 623
face 0.068849884 425 467 515 630
face 0.06871984 -41 682 174 1018
face 0.0685218 630 243 682 305
face 0.068454094 577 226 609 320
face 0.068401024 619 54 803 199
face 0.068361536 701 748 749 815
face 0.06819349 617 236 652 286
face 0.068098195 393 189 494 351
face 0.06809689 696 -16 749 46
face 0.068087995 229 622 318 796
face 0.06804952 611 843 671 958
face 0.06780818 623 748 674 867
face 0.067763396 619 272 651 323
face 0.067675866 672 923 725 990
face 0.06754017 215 239 328 410
face 0.067496 492 -105 682 282
face 0.06735178 357 925 434 1000
face 0.06726784 275 298 388 462
face 0.067162335 330 292 436 461
face 0.067108326 430 197 573 358
face 0.06709976 702 675 747 735
face 0.067094095 665 -92 752 167
face 0.06707191 47 663 131 741
face 0.06694587 184 567 290 710
face 0.06691357 482 647 568 847
face 0.066795625 155 792 253 960
