face 0.9997613 691 1026 1341 1964
face 0.11946199 61 -8 609 839
face 0.11648303 1325 489 1639 1050
face 0.1143991 1352 -12 1609 417
face 0.114336915 1358 1763 1628 2002
face 0.09826266 86 235 353 728
face 0.097879775 362 620 582 1087
face 0.09375407 280 1995 493 2442
face 0.09045393 294 774 622 1364
face 0.08966604 39 1030 329 1484
face 0.088007465 880 2517 1002 2669
face 0.087925136 377 2055 515 2414
face 0.08705294 414 2005 567 2329
face 0.086142085 541 2481 619 2610
face 0.08571205 516 1678 669 1989
face 0.085551605 509 2518 599 2660
face 0.085425355 221 1580 459 2038
face 0.08483506 823 2119 1095 2531
face 0.084224254 610 2510 735 2667
face 0.08403204 1344 1545 1643 1978
face 0.08385407 459 772 601 1040
face 0.083621696 434 1638 665 2121
face 0.083577424 392 1995 524 2222
face 0.08245914 361 1535 767 1996
face 0.08209627 433 714 706 1474
face 0.08208841 272 1671 422 1964
face 0.081488855 1275 4 1824 982
face 0.081452675 689 2463 793 2614
face 0.08139298 699 1128 999 1610
face 0.08132065 259 1123 504 1537
face 0.081151016 1161 -69 1616 1178
face 0.080832876 -89 297 740 1026
face 0.08070146 1656 2261 1932 2595
face 0.08065045 177 1297 376 1509
face 0.08037593 819 2522 930 2662
face 0.08036776 527 602 665 985
face 0.079847716 522 1338 675 1636
face 0.07967447 1433 1839 1653 2046
face 0.07943079 423 1120 553 1479
face 0.07935429 531 1582 665 1847
face 0.078638926 869 2453 1014 2597
face 0.0786254 430 1659 553 1935
face 0.07857881 610 2456 737 2599
face 0.078539245 270 1202 677 1646
face 0.07822881 709 2514 813 2657
face 0.078076474 1244 1259 1481 1743
face 0.077970006 1643 5 1895 391
face 0.07774763 585 1940 710 2243
face 0.07750803 -8 1014 82 1316
face 0.077474914 635 1964 759 2266
face 0.077426895 688 2181 830 2436
face 0.07696979 106 1240 372 1652
face 0.07680331 192 1935 364 2279
face 0.07677693 299 1653 480 1886
face 0.07668431 508 853 667 1137
face 0.07638448 286 584 758 1859
face 0.076277815 1175 1065 1430 1509
face 0.076063514 457 1195 604 1490
face 0.0759537 538 2274 658 2531
face 0.07589337 537 1180 666 1544
face 0.07583432 1572 -26 1837 599
face 0.07567814 547 2386 659 2576
face 0.075576305 462 -99 972 1077
face 0.07548241 311 2146 450 2448
face 0.07524425 1617 1912 1762 2142
face 0.075137965 1304 1044 1538 1525
face 0.07503901 610 2356 787 2575
face 0.07500755 752 2157 880 2465
face 0.074898474 756 2520 861 2661
face 0.07489572 1401 1337 1560 1646
face 0.07486523 497 1670 613 1893
face 0.07468398 1510 1148 1642 1421
face 0.07464675 997 1383 1315 1864
face 0.0746458 569 2472 666 2592
face 0.074644096 435 681 568 987
face 0.074608795 518 1914 648 2214
face 0.07444499 1319 1730 1493 2013
face 0.0744353 746 2467 853 2595
face 0.073947 1655 1819 1804 2104
face 0.07393551 725 1161 965 1429
face 0.073907785 338 2033 560 2534
face 0.073874794 262 1928 406 2301
face 0.07387344 1295 1389 1456 1701
face 0.07378027 572 533 711 951
face 0.073731944 -13 -31 99 147
