face 0.99738985 323 7 1096 776
face 0.980659 42 6 140 120
face 0.93122035 871 145 1054 281
face 0.83017486 683 775 863 953
face 0.6139448 25 1 95 107
face 0.53961015 10 -10 77 45
face 0.44087565 356 694 514 847
face 0.2074355 415 651 570 823
face 0.19539036 1170 8 1261 175
face 0.17752211 -15 8 44 97
face 0.17220609 94 5 199 115
face 0.12591848 1110 624 1245 825
face 0.12539653 1202 642 1273 763
face 0.12466182 872 131 1036 206
face 0.119817816 -49 -12 93 144
face 0.11777164 35 -5 93 60
face 0.1168128 7 7 75 70
face 0.10956673 1238 866 1310 953
face 0.10831155 57 -5 112 70
face 0.10633006 1028 747 1122 910
face 0.10475094 1143 685 1213 834
face 0.104329385 1244 927 1327 991
face 0.10299569 87 -2 147 70
face 0.10241732 1190 929 1274 990
face 0.099638864 1097 735 1180 874
face 0.098959 1143 765 1215 897
face 0.09594124 545 933 613 988
face 0.09578789 1208 785 1268 889
face 0.09014113 809 238 997 445
face 0.088179275 1206 888 1279 959
face 0.08534355 431 475 1009 948
face 0.085182995 921 813 973 912
face 0.08408057 -14 39 41 133
face 0.08297666 437 -4 628 143
face 0.0828181 1137 606 1226 762
face 0.081782214 1246 605 1320 711
face 0.08164846 920 7 1125 177
face 0.08145437 2 60 64 115
face 0.08018821 433 711 546 798
face 0.07990105 882 69 1084 217
face 0.07986623 1059 754 1150 892
face 0.07924523 1099 596 1193 766
face 0.079182334 957 139 1315 567
face 0.07912131 1091 800 1183 911
face 0.07903393 511 934 575 986
face 0.07870004 1073 660 1211 855
face 0.07853438 1193 821 1352 971
face 0.07823926 749 824 860 943
face 0.07815697 998 778 1084 928
face 0.07811432 1213 725 1265 817
face 0.07797764 937 805 1001 922
face 0.07793146 1160 124 1259 299
face 0.0778858 1063 683 1154 840
face 0.077553645 45 -10 263 173
face 0.07754476 576 933 649 989
face 0.07743887 977 793 1050 927
face 0.077393025 1211 671 1365 850
face 0.07729987 119 -6 185 68
face 0.07727823 1192 756 1257 869
face 0.07697879 1010 694 1142 877
face 0.076975815 959 936 1033 990
face 0.07687722 244 229 340 397
face 0.07672718 1168 798 1234 862
face 0.07634556 1017 -6 1168 165
face 0.076312184 621 755 802 945
face 0.07621453 75 928 190 998
face 0.07600543 890 937 957 989
face 0.07598066 1084 852 1199 956
face 0.07583118 555 543 756 788
face 0.07542204 387 26 475 170
face 0.07518219 83 80 252 376
face 0.07511127 1258 736 1308 805
face 0.07488633 1274 733 1326 782
face 0.074883536 928 829 983 885
face 0.07462896 1256 704 1309 778
face 0.07457158 926 938 991 989
face 0.07433246 448 638 548 775
face 0.07414737 1201 884 1357 1037
face 0.073898025 891 849 948 917
face 0.07386208 358 28 438 159
face 0.07384581 1251 582 1322 666
face 0.073613964 1176 724 1239 791
face 0.073579885 882 780 944 891
face 0.07357962 1148 797 1289 960
face 0.07320874 1247 671 1311 757
face 0.07314471 781 799 945 965
face 0.073124796 428 -10 498 65
face 0.07312427 212 313 309 482
face 0.07302507 1207 752 1357 920
face 0.072982855 1095 541 1241 744
face 0.072975226 478 933 545 986
face 0.07297456 902 824 949 891
face 0.07292432 449 590 695 784
face 0.07286838 22 0 181 256
face 0.072835624 1173 772 1236 839
face 0.072830215 363 711 479 798
face 0.07282816 36 58 130 161
face 0.07279261 1252 801 1308 883
