face 0.9997714 1094 520 1443 962
face 0.14959829 1247 16 1609 541
face 0.14556791 1495 13 1619 321
face 0.12381452 51 279 1629 1937
face 0.12182329 954 7 1163 353
face 0.11391786 1377 23 1611 387
face 0.109682 1105 118 1398 654
face 0.10679437 918 280 1125 653
face 0.10048723 1137 5 1353 341
face 0.10000349 1299 0 1527 299
face 0.097050145 1424 826 1634 1223
face 0.09589866 850 -9 950 131
face 0.09179045 1425 144 1568 385
face 0.09058525 1325 -23 1481 112
face 0.08958283 823 20 954 287
face 0.08931097 976 -32 1141 124
face 0.08884203 1007 97 1285 633
face 0.088186204 245 1632 680 1969
face 0.08722125 784 1015 991 1215
face 0.08664068 1411 257 1574 488
face 0.08543715 906 512 1104 902
face 0.08530934 911 478 1033 809
face 0.08526202 1574 1062 1674 1291
face 0.084348395 1121 76 1258 344
face 0.08347108 1551 347 1673 512
face 0.08280177 424 1973 605 2116
face 0.082055144 1071 1018 1304 1424
face 0.08114135 819 953 1080 1250
face 0.08112137 1063 85 1196 330
face 0.08049641 1505 223 1620 526
face 0.07993433 1558 -37 1682 108
face 0.079630844 1472 626 1605 951
face 0.07939467 1306 713 1567 1175
face 0.078084365 749 382 923 779
face 0.07778411 1365 189 1607 535
face 0.07776253 790 341 913 603
face 0.07689895 1420 619 1545 841
face 0.07677674 954 8 1126 184
face 0.076562494 1323 12 1494 191
face 0.07624079 956 343 1209 874
face 0.07612809 486 1938 750 2130
face 0.07605257 337 2016 513 2156
face 0.07578316 1556 1385 1685 1552
face 0.07559203 36 1508 175 1773
face 0.07507484 344 2075 501 2240
face 0.07459343 1571 237 1683 393
face 0.07443831 739 733 870 1002
face 0.07438955 1506 445 1622 764
face 0.074312456 1247 227 1419 410
face 0.07393372 -17 1579 73 1832
face 0.07389819 949 161 1165 539
face 0.07374437 1316 222 1491 418
face 0.07367515 1315 1018 1504 1211
face 0.073667996 813 455 934 727
face 0.07358864 -16 1511 70 1715
face 0.07350987 534 1395 947 1696
face 0.073437475 822 827 955 1077
face 0.07340006 1458 -31 1610 116
face 0.07314361 558 622 775 1012
face 0.0730743 888 462 1010 632
face 0.07297979 1070 283 1198 544
face 0.07270148 1110 522 1364 736
face 0.07243974 889 543 996 783
face 0.07235434 412 1625 844 1977
