face 0.99991643 515 936 1015 1640
face 0.12634236 739 1090 1009 1519
face 0.12439704 1052 1541 1202 1954
face 0.12154103 1039 1531 1144 1826
face 0.12039415 1002 1559 1116 1912
face 0.11317542 1007 1327 1101 1631
face 0.11032097 1038 1643 1138 1952
face 0.10938354 973 1292 1061 1606
face 0.08727458 313 1265 485 1666
face 0.087240145 272 1501 465 1852
face 0.086495735 1065 1565 1185 1774
face 0.08469996 350 1348 454 1594
face 0.08377195 340 1266 446 1510
face 0.083550446 216 1186 406 1592
face 0.08305344 1001 1264 1086 1519
face 0.082576215 308 1478 436 1736
face 0.08234711 261 1623 445 2031
face 0.08217139 585 1047 904 1438
face 0.08083341 290 1257 411 1518
face 0.0793046 -7 1649 52 1844
face 0.079172626 334 1136 453 1389
face 0.0788325 20 1579 95 1758
face 0.07780643 974 1414 1079 1666
face 0.0777927 238 1567 349 1791
face 0.077696174 926 1273 1090 1656
face 0.07703376 959 1479 1143 1853
face 0.076414034 201 1602 301 1882
face 0.07638239 6 1606 71 1739
face 0.07631817 1120 1579 1219 1934
face 0.076135896 262 1309 383 1590
face 0.0759046 16 1645 93 1826
face 0.07488371 293 1051 482 1470
face 0.07469191 11 1541 73 1670
face 0.07463972 162 1505 329 1844
face 0.074473344 217 977 419 1426
face 0.074372046 336 1666 463 1949
face 0.074213035 113 808 300 1196
face 0.073033 8 1481 68 1606
face 0.07295308 382 1459 494 1748
face 0.07282711 391 1343 499 1602
face 0.07275963 172 -100 1299 702
face 0.07258039 23 1512 96 1694
face 0.07234099 4 1412 65 1537
face 0.07224125 386 1030 497 1359
face 0.072130665 -53 566 298 931
face 0.071742 161 933 265 1177
face 0.07165233 615 970 809 1184
face 0.07155052 577 1024 767 1223
face 0.07148651 1036 1197 1130 1463
face 0.07125758 307 1528 700 1873
face 0.07037049 211 1583 382 1938
face 0.07034487 -6 1526 50 1718
face 0.07017695 8 1341 68 1467
face 0.07010315 950 1669 1078 1978
face 0.07008624 -46 433 314 801
face 0.06998736 159 1244 262 1568
face 0.069931045 302 1600 425 1886
face 0.069917336 30 897 217 1318
face 0.069715224 999 1480 1117 1719
face 0.069415085 791 959 982 1198
face 0.06936876 1049 1297 1130 1557
face 0.06921601 243 1147 396 1377
face 0.06909492 57 885 723 1563
face 0.06898826 897 1306 1030 1594
face 0.06892612 1393 -45 1498 123
face 0.0687829 821 923 972 1097
face 0.06873307 344 973 460 1279
face 0.06851088 381 1636 494 2004
face 0.06850859 1035 1447 1139 1669
face 0.068421446 522 1347 687 1578
face 0.06828444 150 1609 270 1850
face 0.06825911 1011 1110 1090 1458
face 0.06817629 -1 1727 62 1897
face 0.068117216 1045 1795 1138 2082
face 0.067941055 18 1389 94 1575
face 0.06791362 973 1184 1124 1591
face 0.06789729 113 983 227 1254
