face 0.99972993 481 870 999 1554
face 0.11837464 371 1483 599 1853
face 0.11802525 736 1646 983 2092
face 0.11690688 1299 -31 1426 128
face 0.11244291 434 1077 533 1500
face 0.0995346 721 1175 967 1606
face 0.09710879 1400 -37 1495 116
face 0.094753526 1275 6 1437 209
face 0.089415856 457 1222 581 1541
face 0.08883396 959 1160 1060 1481
face 0.08755706 942 1488 1110 1719
face 0.08750291 1256 -126 1453 244
face 0.0874524 462 1019 567 1458
face 0.0855962 427 1281 545 1486
face 0.08464947 386 1030 473 1217
face 0.08361175 -5 1832 60 2107
face 0.082383275 406 1007 494 1411
face 0.08137281 413 1313 620 1736
face 0.07953692 1276 -51 1375 169
face 0.07834548 361 974 453 1309
face 0.075736865 1352 -30 1437 188
face 0.07481534 695 1803 1065 2142
face 0.07347006 902 -52 1059 137
face 0.07341623 982 1238 1207 1673
face 0.07338781 265 1253 461 1709
face 0.07335459 352 1080 459 1460
face 0.07260845 7 1854 104 2196
face 0.072390795 210 1400 434 1791
face 0.071590945 915 1221 1030 1539
face 0.07155625 957 1297 1087 1632
face 0.07124392 413 907 496 1231
face 0.07054484 394 979 476 1147
face 0.07051779 966 989 1052 1386
face 0.07032698 784 -33 1222 954
face 0.07029848 1225 977 1420 1410
face 0.07028251 -14 2408 86 2576
face 0.069919236 149 1323 349 1771
face 0.069909126 3 1804 87 1961
face 0.06990756 79 1541 482 1882
face 0.069855906 37 1662 169 1847
face 0.06974745 393 1194 497 1563
face 0.069714814 857 1542 1225 1887
face 0.06966523 1220 59 1427 431
face 0.06960003 412 1160 507 1368
face 0.06948636 967 967 1130 1443
face 0.069216125 522 955 682 1174
face 0.069208294 486 1279 645 1518
face 0.06916436 1006 1018 1095 1405
face 0.06905713 999 1171 1110 1502
face 0.06900278 293 1681 689 2002
face 0.06896661 1055 -74 1469 242
face 0.06891847 969 1414 1145 1666
face 0.068695955 1209 1129 1430 1548
face 0.06859258 274 1571 450 1785
face 0.068486705 323 903 489 1378
face 0.06843366 992 25 1403 381
face 0.06829797 1116 81 1413 618
face 0.06809591 1265 1523 1389 1820
face 0.06805477 547 1679 928 2004
face 0.06803558 40 1181 233 1644
