face 0.9999937 197 121 505 600
face 0.11357016 45 481 140 628
face 0.112103775 541 6 645 82
face 0.105866514 78 482 182 634
face 0.10182081 99 68 614 884
face 0.10021572 572 23 635 124
face 0.09874737 344 361 464 545
face 0.093579814 526 99 597 180
face 0.08818923 283 386 392 514
face 0.08802979 399 -6 450 43
face 0.085992426 422 -5 458 40
face 0.08528552 631 455 668 508
face 0.08501678 5 443 122 652
face 0.08436066 484 39 546 98
face 0.0841586 635 531 728 677
face 0.08407524 229 -16 331 60
face 0.08313799 403 3 460 68
face 0.08253652 497 63 547 117
face 0.08142137 673 802 760 962
face 0.08120704 498 95 556 236
face 0.08119558 701 -15 740 68
face 0.08067461 542 139 595 248
face 0.08046874 571 210 640 315
face 0.08033023 638 426 686 492
face 0.08000863 694 829 745 951
face 0.0798517 316 19 430 101
face 0.079626895 516 110 577 222
face 0.07946075 616 385 709 529
face 0.07902453 615 32 667 123
face 0.07877912 652 406 709 500
face 0.07875175 434 25 516 105
face 0.07873717 76 537 179 702
face 0.07831219 665 844 725 964
face 0.07800835 626 430 672 479
face 0.07724644 508 -4 562 43
face 0.07723789 587 219 642 281
face 0.07708179 479 11 538 71
face 0.07707459 -5 889 40 965
face 0.07701109 564 538 634 613
face 0.07691089 -11 666 36 795
face 0.07665843 172 543 230 656
face 0.07635964 442 -10 502 42
face 0.07631211 211 564 265 702
face 0.076094665 456 46 520 131
face 0.075777985 656 -6 712 47
face 0.0755966 -29 648 53 813
face 0.07540156 637 448 681 529
face 0.07536084 524 151 578 271
face 0.075216874 525 12 595 69
face 0.075037256 466 -7 525 45
face 0.074848995 703 349 744 452
face 0.074824736 41 512 98 620
face 0.07474046 529 0 568 59
face 0.0747329 589 238 647 338
face 0.07460095 391 13 463 107
face 0.07449035 -54 473 135 604
face 0.07438513 626 476 668 561
face 0.074310265 459 9 561 133
face 0.074272625 0 646 58 769
face 0.07404368 -4 798 86 955
face 0.073979415 -45 622 97 772
face 0.07361871 153 556 215 640
face 0.07358011 522 87 610 234
face 0.07357947 634 396 702 466
face 0.07347929 421 -53 526 82
face 0.07318515 539 -9 612 52
face 0.0728679 557 564 621 652
face 0.07284457 55 593 121 676
face 0.072802 501 10 565 65
face 0.07276043 0 691 58 859
face 0.0727166 162 501 228 604
face 0.072470166 705 484 742 576
face 0.07242153 136 447 196 551
face 0.07235288 -12 648 35 712
face 0.0722625 519 86 581 149
face 0.07219319 672 766 723 906
face 0.07209673 677 -7 717 71
face 0.07190816 536 535 638 680
face 0.07189249 356 65 458 235
face 0.071857624 488 0 532 50
face 0.071794815 609 450 649 528
face 0.07179267 417 39 485 139
face 0.07176441 -74 879 116 1014
face 0.07173513 524 37 592 95
