face 0.9956945 297 28 769 681
face 0.95965266 672 911 736 1023
face 0.17536697 625 779 731 975
face 0.15574633 437 853 533 1074
face 0.13950162 582 818 686 997
face 0.13698052 478 872 535 1037
face 0.11553955 652 880 756 1059
face 0.11472395 643 906 704 1022
face 0.10850985 584 891 643 1056
face 0.10300678 320 282 439 502
face 0.100732744 521 888 581 1052
face 0.09569195 539 917 643 1079
face 0.090716295 690 878 759 991
face 0.08698606 583 850 649 966
face 0.086918205 665 837 738 965
face 0.085830435 553 52 779 225
face 0.08550111 0 1050 55 1119
face 0.08473162 429 760 631 913
face 0.08081796 683 -41 907 105
face 0.08057049 588 722 690 921
face 0.07696508 546 686 705 869
face 0.076923795 792 -13 831 72
face 0.0769126 564 739 623 894
face 0.076785296 303 152 369 283
face 0.07670424 645 824 707 979
face 0.07583118 532 849 609 976
face 0.07550484 504 883 555 1036
face 0.07444328 622 951 696 1075
face 0.07439296 101 -26 331 440
face 0.0740847 388 465 526 644
face 0.073799886 201 800 336 985
face 0.07327711 610 896 668 1032
face 0.07324739 316 182 388 311
face 0.07307934 463 819 669 976
face 0.07215636 -15 -32 29 67
face 0.07174354 337 351 421 489
face 0.071663715 -9 881 29 1000
face 0.071627244 688 638 905 799
face 0.07152332 -77 186 130 332
face 0.071285985 546 144 667 339
face 0.07115621 784 1017 836 1083
face 0.07088209 302 272 369 462
face 0.070753165 401 88 531 276
face 0.07069583 -11 405 152 588
face 0.07056566 492 829 601 1016
face 0.07008976 480 832 564 923
face 0.06959131 591 972 671 1064
face 0.06957622 619 872 686 995
face 0.0693301 797 932 842 1000
face 0.06897739 535 785 605 911
face 0.068837084 28 501 174 713
face 0.068760045 -77 242 128 392
face 0.068676524 712 800 885 989
face 0.06862936 783 1044 839 1115
face 0.06851422 558 822 627 945
face 0.06839736 792 873 841 943
face 0.06834462 465 24 587 211
face 0.06815547 409 812 588 995
face 0.06782934 707 853 783 967
face 0.06782074 318 314 394 473
face 0.067407794 321 147 436 338
face 0.067384355 293 969 413 1072
face 0.0673205 -4 1021 49 1084
face 0.06728764 172 581 380 735
face 0.06720072 562 861 619 1011
face 0.066967085 716 907 778 1039
face 0.066937715 698 972 798 1075
face 0.06686767 688 526 905 683
face 0.06680975 -103 -79 236 211
