face 0.99915075 247 275 345 405
face 0.9960905 405 159 512 313
face 0.12778269 15 117 709 839
face 0.11826988 615 436 719 602
face 0.11772382 420 306 508 482
face 0.109268285 180 361 224 480
face 0.09278828 159 344 236 504
face 0.092387505 676 16 720 159
face 0.09234659 410 361 464 524
face 0.09163482 214 761 304 930
face 0.08977539 580 381 627 531
face 0.08920649 421 658 517 828
face 0.08874234 254 660 337 869
face 0.08780296 390 330 440 493
face 0.087407164 374 373 455 566
face 0.087196305 327 253 369 338
face 0.087113746 244 259 280 326
face 0.087025754 663 7 719 78
face 0.08660448 562 422 614 591
face 0.08654289 489 726 573 894
face 0.08464892 640 317 724 520
face 0.08278563 663 896 717 966
face 0.08183994 575 518 625 677
face 0.0814131 228 254 261 302
face 0.079073444 676 9 758 176
face 0.07898465 460 718 541 899
face 0.07864474 405 721 461 880
face 0.078552805 692 3 743 127
face 0.078506224 484 278 532 355
face 0.07794482 506 750 558 861
face 0.077652514 192 337 240 463
face 0.07695209 643 0 721 191
face 0.075750455 338 209 366 270
face 0.07553149 444 730 496 877
face 0.07537623 697 885 737 959
face 0.07535553 316 255 346 303
face 0.07528567 378 193 420 297
face 0.07492229 525 748 583 861
face 0.07466535 698 -11 737 70
face 0.074653536 121 758 205 920
face 0.07464579 459 297 512 385
face 0.07462145 408 435 464 554
face 0.07460681 394 295 436 416
face 0.07460153 478 143 523 211
face 0.07445468 425 746 480 904
face 0.07445419 646 34 792 210
face 0.07434896 666 -8 712 46
face 0.074314035 247 253 288 298
face 0.0740731 208 262 242 352
face 0.073955245 211 373 267 470
face 0.07374238 288 205 321 242
face 0.07368037 369 254 421 342
face 0.07360544 369 292 415 415
face 0.0735795 590 467 682 780
face 0.073375635 677 213 719 383
face 0.07333065 460 777 516 923
face 0.0730884 369 352 419 503
face 0.07300415 585 407 667 574
face 0.0729046 249 248 277 283
face 0.072757944 599 401 644 500
face 0.07266058 454 141 514 227
face 0.07259062 317 225 344 270
face 0.072581194 315 244 339 282
face 0.07252741 549 458 626 645
face 0.072306596 344 209 436 378
face 0.07209167 104 366 206 547
face 0.07195588 632 437 701 520
face 0.0719156 390 243 445 332
face 0.07187391 284 215 314 252
face 0.07186244 410 319 460 442
face 0.07173087 231 248 257 282
face 0.071710326 270 384 325 504
face 0.0716305 338 244 362 296
face 0.071519986 364 796 454 967
face 0.07145272 478 256 535 324
face 0.07143801 176 745 228 889
face 0.07142749 204 298 248 395
face 0.07129216 456 326 514 465
face 0.07126161 328 411 384 542
face 0.070905834 236 239 264 270
face 0.07071614 345 418 401 578
face 0.070624135 255 238 284 271
face 0.070624135 536 755 646 895
face 0.07057595 302 215 331 254
face 0.07048824 366 726 419 895
face 0.070462495 312 207 344 256
face 0.070404634 292 387 343 503
