face 0.9658433 399 1010 967 1694
face 0.12456042 662 1650 894 2087
face 0.12320145 917 1883 1031 2271
face 0.12157346 1117 2045 1318 2280
face 0.11528858 737 1657 1114 2032
face 0.109554686 687 1337 1020 1785
face 0.106776774 686 1511 1013 1944
face 0.102811344 804 1931 991 2398
face 0.098434426 1221 2063 1430 2291
face 0.09390821 823 1308 1087 1832
face 0.09352888 605 1444 971 2162
face 0.092510365 962 2012 1061 2267
face 0.09087965 831 2133 1043 2562
face 0.083557874 846 1749 1036 2226
face 0.08267321 894 1745 1191 2175
face 0.08236473 895 1507 1212 1917
face 0.08202401 1079 1817 1322 2428
face 0.08163218 732 1191 1138 1972
face 0.08053939 730 1622 910 1847
face 0.07974625 440 1320 876 1717
face 0.0796495 882 1817 1004 2136
face 0.07834955 1408 -34 1491 112
face 0.07802214 1425 1203 1494 1334
face 0.077764645 1015 2088 1403 2455
face 0.077390574 722 1021 962 1396
face 0.076435916 372 1670 1005 2389
face 0.0763969 1423 1268 1495 1402
face 0.07621243 1068 1374 1273 1593
face 0.075582966 256 1648 601 2045
face 0.07542177 908 941 1020 1187
face 0.075049005 713 1581 879 1767
face 0.07476689 924 2036 1028 2406
face 0.07465911 882 2049 992 2398
face 0.074655816 1419 1326 1497 1469
face 0.07465243 1041 2175 1230 2411
face 0.074225694 1424 1124 1493 1264
face 0.07415113 1005 2127 1143 2331
face 0.0738545 754 1928 1118 2298
face 0.072898194 1006 2036 1116 2275
face 0.07273579 1383 2334 1485 2535
face 0.07198829 543 1516 788 2130
face 0.07197066 1086 1589 1397 2149
face 0.07191876 1256 1092 1402 1294
face 0.07158385 754 2077 1135 2462
face 0.07157913 778 1661 931 1945
face 0.07130473 968 1794 1340 2145
face 0.07128896 809 1578 973 1783
face 0.07115246 743 893 961 1251
face 0.07114921 1397 24 1486 192
face 0.071009 1424 983 1498 1140
face 0.07097598 -16 -38 50 162
face 0.07053796 705 879 858 1081
face 0.07050361 1432 849 1498 997
face 0.07037657 1396 1929 1492 2097
face 0.070132375 806 2044 917 2394
face 0.07012091 1423 1055 1494 1205
face 0.07010288 388 1673 802 2021
face 0.0698877 953 1936 1345 2294
face 0.06982784 793 893 928 1094
face 0.06952392 826 947 962 1194
face 0.06950695 963 2121 1085 2318
face 0.06941787 670 1765 1026 2154
