-1.266549080610275269e-01
1.357005983591079712e-01
1.537164673209190369e-02
-8.243334293365478516e-02
-1.728651076555252075e-01
-4.385261982679367065e-02
3.027850203216075897e-02
-1.340153068304061890e-01
1.842737942934036255e-01
-1.175342351198196411e-01
2.331092208623886108e-01
-6.046365201473236084e-02
-3.265569508075714111e-01
-5.968668311834335327e-02
5.540385842323303223e-02
1.859098225831985474e-01
-2.095574587583541870e-01
-1.048724800348281860e-01
-1.081476658582687378e-01
-1.136504858732223511e-01
-3.248670697212219238e-02
4.299363121390342712e-02
1.548150833696126938e-02
7.454174757003784180e-02
-1.354382485151290894e-01
-2.851497530937194824e-01
-5.899198725819587708e-02
-1.110979616641998291e-01
-1.189766079187393188e-02
-1.177835166454315186e-01
2.785105817019939423e-02
1.132654100656509399e-01
-2.003225870430469513e-02
-7.428906857967376709e-02
3.962736576795578003e-02
-1.026391983032226562e-04
-9.750407934188842773e-02
-3.410688042640686035e-02
2.847947776317596436e-01
7.058364897966384888e-02
-1.990885436534881592e-01
2.055092249065637589e-03
5.242274701595306396e-02
3.084499537944793701e-01
2.520375251770019531e-01
4.028352443128824234e-03
3.891076147556304932e-02
-7.581502199172973633e-02
2.000451982021331787e-01
-2.820675373077392578e-01
3.000106289982795715e-02
1.102285906672477722e-01
1.338639110326766968e-01
6.277123093605041504e-02
9.253200888633728027e-02
-1.866611391305923462e-01
-2.923669479787349701e-02
1.589555293321609497e-01
-2.543285787105560303e-01
5.124546214938163757e-02
1.406716406345367432e-01
-1.609123945236206055e-01
-4.952791705727577209e-02
-3.327536582946777344e-02
2.256897985935211182e-01
1.329957395792007446e-01
-1.418866068124771118e-01
-1.119324415922164917e-01
1.610685139894485474e-01
-1.547097861766815186e-01
-1.694502830505371094e-01
4.914780706167221069e-02
-1.201108843088150024e-01
-1.703136265277862549e-01
-2.825226783752441406e-01
2.762082219123840332e-02
3.066395819187164307e-01
1.736164093017578125e-01
-1.532968282699584961e-01
-3.632549941539764404e-02
2.607618458569049835e-03
-2.818842791020870209e-02
4.271829500794410706e-02
1.286326944828033447e-01
-1.096486374735832214e-01
-8.408801257610321045e-02
-1.720659621059894562e-02
-2.991074696183204651e-02
1.306872516870498657e-01
-5.216291174292564392e-03
-6.323410570621490479e-02
2.901568114757537842e-01
5.619035288691520691e-02
6.051712483167648315e-02
4.772271960973739624e-02
-9.912166744470596313e-03
-1.067390292882919312e-01
-3.901592269539833069e-02
-1.248139739036560059e-01
-3.380595147609710693e-02
2.076111175119876862e-02
-1.069813966751098633e-01
7.452711462974548340e-02
5.041770637035369873e-02
-1.942498236894607544e-01
2.702097296714782715e-01
-4.389592260122299194e-02
3.875690698623657227e-02
-1.102029234170913696e-01
-5.049180611968040466e-02
-4.382174089550971985e-02
1.228037327527999878e-01
1.824704259634017944e-01
-2.570674121379852295e-01
2.080322802066802979e-01
1.641417294740676880e-01
5.726160481572151184e-02
1.472316086292266846e-01
8.824153244495391846e-02
-4.179355129599571228e-02
6.586485076695680618e-03
-1.058785524219274521e-02
-1.334943026304244995e-01
-8.075385540723800659e-02
1.129903271794319153e-01
-6.334269046783447266e-02
1.432879865169525146e-01
5.971115455031394958e-02
-6.090585514903068542e-02
5.718739330768585205e-02
-1.507997512817382812e-02
-3.485959395766258240e-02
-4.562848806381225586e-02
-1.173825934529304504e-02
5.472094751894474030e-03
-7.560876756906509399e-02
1.375888735055923462e-01
-5.780152976512908936e-02
2.050034552812576294e-01
-5.745748803019523621e-02
-2.635004520416259766e-01
-1.098507195711135864e-01
1.205275803804397583e-01
1.429874598979949951e-01
-1.379573047161102295e-01
-8.166047185659408569e-02
-1.387059241533279419e-01
-9.087758511304855347e-02
1.429604925215244293e-02
3.462146222591400146e-02
5.087278783321380615e-02
9.401945769786834717e-02
-2.002701312303543091e-01
-3.119547367095947266e-01
-1.042940393090248108e-01
-1.909169405698776245e-01
-3.893497213721275330e-02
-5.536162480711936951e-02
-4.384089633822441101e-02
8.989839255809783936e-02
-9.512961655855178833e-02
-9.825754165649414062e-02
9.410810470581054688e-02
4.581262171268463135e-02
-9.104425460100173950e-02
-4.233532771468162537e-02
1.702026128768920898e-01
-3.889078646898269653e-02
-1.674260795116424561e-01
-5.193342640995979309e-02
6.749787926673889160e-02
2.774567306041717529e-01
1.612877547740936279e-01
-1.473692059516906738e-02
7.070225477218627930e-02
3.676359541714191437e-03
1.113349497318267822e-01
-2.603620886802673340e-01
7.253411412239074707e-02
8.783799409866333008e-02
1.117003336548805237e-01
1.057719290256500244e-01
1.519795656204223633e-01
-1.245021522045135498e-01
3.440947085618972778e-02
2.060413956642150879e-01
-2.617034018039703369e-01
1.016916334629058838e-01
4.908753931522369385e-02
-9.365969151258468628e-02
-3.276760503649711609e-02
-4.741705581545829773e-02
2.070899754762649536e-01
1.615082174539566040e-01
-1.306491047143936157e-01
-1.231030225753784180e-01
1.527232527732849121e-01
-1.443095952272415161e-01
-6.789201870560646057e-03
1.363905221223831177e-01
-1.650179624557495117e-01
-2.518000304698944092e-01
-2.564636468887329102e-01
-8.855141699314117432e-03
4.349675774574279785e-01
1.742546856403350830e-01
-1.495847702026367188e-01
-2.704238146543502808e-02
-5.051102116703987122e-02
-2.953087165951728821e-02
9.703641384840011597e-02
4.857582598924636841e-02
-2.179619483649730682e-02
-1.204110216349363327e-02
-2.585584297776222229e-02
8.537377417087554932e-02
1.800391674041748047e-01
-3.580403327941894531e-02
-4.508660361170768738e-02
2.419735938310623169e-01
4.528732039034366608e-03
-1.861816272139549255e-02
5.247072502970695496e-02
6.117975804954767227e-03
-1.282748952507972717e-02
-3.833474218845367432e-02
-8.933269977569580078e-02
5.324002355337142944e-02
-3.343864530324935913e-02
-1.647610366344451904e-01
2.401122264564037323e-02
2.593052014708518982e-02
-1.459754258394241333e-01
1.539741456508636475e-01
3.905334323644638062e-02
2.739059552550315857e-02
-6.173747032880783081e-02
3.803192824125289917e-02
-1.083913147449493408e-01
-1.229059533216059208e-03
1.730471253395080566e-01
-3.377830386161804199e-01
1.500507593154907227e-01
1.720745414495468140e-01
4.908243659883737564e-03
1.262106001377105713e-01
-9.360348433256149292e-02
4.979310557246208191e-02
-1.633980870246887207e-02
-8.978833258152008057e-02
-1.773717850446701050e-01
-4.217037931084632874e-02
9.180679172277450562e-02
-7.204537745565176010e-03
3.987019509077072144e-02
1.297253835946321487e-02
-7.143365591764450073e-02
4.780897498130798340e-02
-3.104740008711814880e-02
-6.647717207670211792e-02
-7.234859466552734375e-02
-5.755798146128654480e-02
8.713392540812492371e-03
-3.974602371454238892e-02
1.951792240142822266e-01
-8.525638282299041748e-02
1.993079632520675659e-01
-4.251238703727722168e-02
-2.052185088396072388e-01
-6.742735207080841064e-02
9.719442576169967651e-02
1.756303012371063232e-01
-1.766527444124221802e-01
-2.904485538601875305e-02
-1.528714001178741455e-01
-6.242339313030242920e-02
-8.986677974462509155e-03
2.873474545776844025e-02
1.981496997177600861e-02
1.190340444445610046e-01
-1.794253140687942505e-01
-2.844014167785644531e-01
-8.438054472208023071e-02
-1.644809842109680176e-01
-2.461946010589599609e-02
-9.092462807893753052e-02
2.641483023762702942e-02
1.283587068319320679e-01
-4.847200587391853333e-02
-9.351573139429092407e-02
5.227577686309814453e-02
-3.472793102264404297e-02
-1.112141087651252747e-01
-1.057011820375919342e-02
2.196717113256454468e-01
6.279963254928588867e-02
-2.139476239681243896e-01
-2.285565249621868134e-02
9.840350598096847534e-03
2.985296249389648438e-01
2.129495143890380859e-01
3.565083816647529602e-02
7.063180208206176758e-02
-6.761773675680160522e-02
1.600339859724044800e-01
-2.768033146858215332e-01
6.706057116389274597e-03
8.074217289686203003e-02
8.447569608688354492e-02
7.473067194223403931e-02
1.070556342601776123e-01
-1.157135292887687683e-01
4.359827563166618347e-02
1.553929448127746582e-01
-2.940167486667633057e-01
8.869016170501708984e-02
6.175030022859573364e-02
-1.386408060789108276e-01
-4.062310606241226196e-02
-2.411996759474277496e-02
1.886687427759170532e-01
1.312969326972961426e-01
-1.302131712436676025e-01
-1.113843843340873718e-01
1.546542644500732422e-01
-1.649417728185653687e-01
-6.150059401988983154e-02
1.219464391469955444e-01
-1.146031618118286133e-01
-2.692942917346954346e-01
-2.971245646476745605e-01
-9.498901665210723877e-03
3.689630031585693359e-01
1.893183887004852295e-01
-1.534019857645034790e-01
-3.831862658262252808e-02
-1.440561190247535706e-02
-5.567786842584609985e-02
1.063470914959907532e-01
1.421697139739990234e-01
-4.213666543364524841e-02
-1.040966361761093140e-01
2.144280262291431427e-02
1.356821600347757339e-02
1.521417647600173950e-01
-4.749858006834983826e-02
-3.009804338216781616e-02
2.358207255601882935e-01
3.986518830060958862e-02
-1.512140873819589615e-02
-1.526406686753034592e-02
-8.561892900615930557e-05
-8.802115917205810547e-02
3.175834659487009048e-03
-7.156224548816680908e-02
1.350856665521860123e-02
7.448764517903327942e-03
-6.271638721227645874e-02
6.057238578796386719e-02
3.732864558696746826e-02
-1.523583233356475830e-01
2.558451592922210693e-01
4.264068789780139923e-03
-1.827362738549709320e-02
-6.009339913725852966e-02
1.398693490773439407e-02
-7.356818020343780518e-02
1.307914964854717255e-02
1.595553606748580933e-01
-2.405607849359512329e-01
1.596908122301101685e-01
1.876222044229507446e-01
3.867528587579727173e-02
1.299472004175186157e-01
-2.291914261877536774e-02
3.512767702341079712e-02
-2.728387899696826935e-02
-9.993501007556915283e-03
-1.664016544818878174e-01
-2.632259391248226166e-02
1.073811501264572144e-01
-3.180488571524620056e-02
7.341659069061279297e-02
-2.871874533593654633e-02
-6.741562485694885254e-02
1.093150898814201355e-01
3.924693167209625244e-02
-1.311328820884227753e-02
-9.736420214176177979e-02
-6.915713846683502197e-02
-3.214954957365989685e-02
-7.277503609657287598e-02
6.107326596975326538e-02
2.617464400827884674e-02
2.178850919008255005e-01
-2.856042608618736267e-02
-2.746675908565521240e-01
-5.668432638049125671e-02
5.449769087135791779e-03
7.751862704753875732e-02
-1.566901803016662598e-01
-9.279041737318038940e-02
-1.358326077461242676e-01
-7.655054330825805664e-02
1.507028006017208099e-02
2.819659933447837830e-02
4.296145215630531311e-02
-1.191806979477405548e-02
-9.160284698009490967e-02
-2.728802263736724854e-01
-9.833506494760513306e-02
-1.185451745986938477e-01
6.590016186237335205e-02
-1.166811138391494751e-01
3.207010403275489807e-02
5.435879155993461609e-02
-1.698251366615295410e-01
-9.335048496723175049e-02
1.671797223389148712e-02
9.821852296590805054e-02
-1.410858631134033203e-01
-1.071173623204231262e-01
2.140185385942459106e-01
2.295096404850482941e-03
-1.238365843892097473e-01
-4.622802510857582092e-02
2.048965170979499817e-02
2.998097836971282959e-01
2.002399116754531860e-01
2.424351684749126434e-02
4.954466596245765686e-02
-2.023892104625701904e-02
6.608852744102478027e-02
-3.098633885383605957e-01
6.693236529827117920e-02
2.010818421840667725e-01
8.645490556955337524e-02
1.368759274482727051e-01
8.118960261344909668e-02
-1.382031142711639404e-01
8.151447772979736328e-02
1.797819882631301880e-01
-2.130138128995895386e-01
7.010152190923690796e-02
7.896780967712402344e-02
-5.210571736097335815e-02
-3.929340839385986328e-02
-6.321661919355392456e-02
2.307056486606597900e-01
1.248785033822059631e-01
-9.326280653476715088e-02
-8.306743204593658447e-02
1.719695925712585449e-01
-1.366917937994003296e-01
-8.144372701644897461e-02
1.182663589715957642e-01
-1.272831857204437256e-01
-2.139368206262588501e-01
-2.137650698423385620e-01
7.327987998723983765e-02
4.372217059135437012e-01
1.551793962717056274e-01
-1.241841167211532593e-01
-3.439611755311489105e-03
-6.410564482212066650e-02
-6.634213030338287354e-02
4.979228600859642029e-02
1.246243342757225037e-02
-1.165805533528327942e-01
1.371036935597658157e-02
-1.110209897160530090e-01
7.766434550285339355e-02
1.916238665580749512e-01
-4.920536652207374573e-02
-2.758690714836120605e-02
2.219405770301818848e-01
2.194521017372608185e-02
1.654215157032012939e-03
8.504850417375564575e-02
1.355721801519393921e-02
4.200424998998641968e-03
-3.429559525102376938e-03
-1.205540820956230164e-01
-1.025159005075693130e-02
1.305507570505142212e-01
-2.109339386224746704e-01
-1.513206958770751953e-02
7.231408357620239258e-02
-1.068284511566162109e-01
1.354758143424987793e-01
2.519957907497882843e-02
1.048732362687587738e-02
-1.657620072364807129e-02
-8.229170739650726318e-02
-8.968231827020645142e-02
6.976756267249584198e-03
2.390268892049789429e-01
-2.668745219707489014e-01
2.386205941438674927e-01
1.950573325157165527e-01
-1.649629697203636169e-02
1.013145521283149719e-01
4.145845770835876465e-02
9.981767088174819946e-02
-2.409098297357559204e-02
-9.289758652448654175e-02
-1.695574820041656494e-01
-7.695614546537399292e-02
4.415535926818847656e-02
4.213514178991317749e-02
3.103788010776042938e-03
3.634882718324661255e-02
-4.146480932831764221e-02
4.451839625835418701e-02
-7.356223650276660919e-03
5.858642235398292542e-02
-2.793564461171627045e-02
-3.413869440555572510e-02
3.563113883137702942e-02
-3.373586013913154602e-02
1.857949197292327881e-01
-6.803176552057266235e-02
1.612022817134857178e-01
-4.040831327438354492e-02
-2.795864045619964600e-01
1.604152470827102661e-02
5.510836094617843628e-02
1.073138117790222168e-01
-1.120696291327476501e-01
-3.067905455827713013e-02
-1.673396974802017212e-01
-8.466167002916336060e-02
1.125014722347259521e-01
9.531183540821075439e-02
-1.376788225024938583e-02
1.149105280637741089e-02
-1.189482063055038452e-01
-2.235827893018722534e-01
-7.980862259864807129e-02
-1.219156458973884583e-01
3.906099498271942139e-02
-1.145303472876548767e-01
3.998123109340667725e-02
1.023081094026565552e-01
-1.300306469202041626e-01
-4.532274231314659119e-02
-4.105326253920793533e-03
1.537241227924823761e-02
-5.699748545885086060e-02
-4.008233174681663513e-02
2.186031192541122437e-01
3.281776793301105499e-03
-2.098698467016220093e-01
2.501661702990531921e-02
5.220989510416984558e-02
2.391663193702697754e-01
1.618968546390533447e-01
-2.196039631962776184e-02
-1.146956160664558411e-02
-4.800831153988838196e-02
1.034948900341987610e-01
-2.664355039596557617e-01
3.338428214192390442e-03
1.366489827632904053e-01
1.382786631584167480e-01
1.521957963705062866e-01
1.276438087224960327e-01
-1.603492796421051025e-01
4.345835372805595398e-02
1.564134955406188965e-01
-2.078630328178405762e-01
1.272466033697128296e-01
8.608816564083099365e-02
-8.812476694583892822e-02
2.896647527813911438e-02
1.599818654358386993e-02
1.504263728857040405e-01
3.605377674102783203e-02
-1.065072566270828247e-01
-8.718464523553848267e-02
1.205065026879310608e-01
-1.885123252868652344e-01
-5.305587127804756165e-02
1.794279515743255615e-01
-9.573327004909515381e-02
-2.351154237985610962e-01
-2.766998410224914551e-01
3.472839295864105225e-02
4.007157981395721436e-01
1.202959567308425903e-01
-1.816438138484954834e-01
-1.732889562845230103e-03
-2.807719260454177856e-02
-7.312618196010589600e-02
1.205334588885307312e-01
7.944799959659576416e-02
-3.154004365205764771e-02
-7.243765890598297119e-02
-8.430121839046478271e-02
3.544536978006362915e-02
2.352250665426254272e-01
-1.022311579436063766e-02
-9.213114157319068909e-03
2.740150094032287598e-01
5.498971417546272278e-02
-2.910220809280872345e-02
-1.852225884795188904e-02
5.041700229048728943e-02
-3.520523011684417725e-02
-8.754547685384750366e-02
-8.746109157800674438e-02
-3.419441636651754379e-03
7.146624848246574402e-03
-1.622481942176818848e-01
-5.213580653071403503e-02
7.847898453474044800e-02
-1.553280353546142578e-01
1.803745329380035400e-01
1.864016056060791016e-02
-6.746159400790929794e-03
-4.855453595519065857e-02
2.102172933518886566e-02
-8.149626851081848145e-02
6.876449286937713623e-02
1.749375164508819580e-01
-2.615387737751007080e-01
1.799301505088806152e-01
1.406415104866027832e-01
-1.909837685525417328e-02
7.932553440332412720e-02
-5.405979230999946594e-02
1.069131046533584595e-01
-4.372173547744750977e-02
-5.254882946610450745e-02
-2.043712735176086426e-01
-8.909600973129272461e-02
4.948353394865989685e-02
1.101559679955244064e-02
-1.452197413891553879e-02
1.606882922351360321e-02
