-9.986609220504760742e-02
5.359036102890968323e-02
1.618593931198120117e-01
-8.780100941658020020e-02
-1.285304427146911621e-01
-4.727939143776893616e-03
2.465816959738731384e-02
-7.447236031293869019e-02
9.235130995512008667e-02
-7.513439655303955078e-02
1.788954436779022217e-01
-5.640658736228942871e-02
-3.160909414291381836e-01
-4.209665954113006592e-02
6.813062354922294617e-03
2.166489064693450928e-01
-1.176672205328941345e-01
-1.285119652748107910e-01
-5.384709686040878296e-02
1.889221370220184326e-02
3.337648510932922363e-02
8.247347921133041382e-02
1.589084975421428680e-02
3.948096930980682373e-02
-1.585183739662170410e-01
-3.429128527641296387e-01
-6.670158356428146362e-02
-2.158461138606071472e-02
-1.799560338258743286e-01
-2.166462503373622894e-02
-1.439268048852682114e-02
2.135362923145294189e-01
-1.194421872496604919e-01
4.138433374464511871e-03
1.197892706841230392e-02
1.047239601612091064e-01
-1.121283397078514099e-01
-6.126963347196578979e-02
1.509057432413101196e-01
6.344271451234817505e-02
-2.525292336940765381e-01
-5.952582880854606628e-02
5.110814794898033142e-02
2.892702817916870117e-01
1.828467845916748047e-01
6.249200552701950073e-03
3.561033308506011963e-02
6.945847533643245697e-03
7.253093272447586060e-02
-3.507698774337768555e-01
-3.310469537973403931e-02
1.432601362466812134e-01
-4.222363233566284180e-03
7.127897441387176514e-02
5.973313003778457642e-02
-8.924232423305511475e-02
4.542611539363861084e-02
9.679247438907623291e-02
-2.157832682132720947e-01
4.194586072117090225e-04
6.481372565031051636e-02
-2.013787329196929932e-01
-9.145755320787429810e-04
-1.614886075258255005e-01
1.822547167539596558e-01
8.608677983283996582e-02
-1.216285005211830139e-01
-8.139289915561676025e-02
1.290003210306167603e-01
-1.273930370807647705e-01
-1.007125005125999451e-01
9.650224447250366211e-02
-1.735420525074005127e-01
-2.113945037126541138e-01
-2.879705429077148438e-01
-1.068142242729663849e-02
3.198396265506744385e-01
1.599354296922683716e-01
-1.174122020602226257e-01
-2.288418821990489960e-02
-1.437621004879474640e-02
1.253063511103391647e-02
8.481349796056747437e-02
9.896103292703628540e-02
6.612052768468856812e-02
1.101842802017927170e-02
-8.887480199337005615e-02
3.692661970853805542e-02
2.043296396732330322e-01
-9.643566608428955078e-02
-1.064853463321924210e-02
2.913185656070709229e-01
3.641762956976890564e-02
8.142921142280101776e-03
2.418705262243747711e-04
2.695722691714763641e-02
1.491307839751243591e-02
4.957893863320350647e-02
-1.434242725372314453e-01
7.884439826011657715e-02
-1.452717091888189316e-02
-8.462093770503997803e-02
2.400241233408451080e-02
6.938792765140533447e-02
-1.227498352527618408e-01
1.637239903211593628e-01
-6.459231488406658173e-03
4.057995229959487915e-02
-3.782277181744575500e-02
-8.087636530399322510e-02
-1.372138708829879761e-01
-1.938738860189914703e-02
1.349537074565887451e-01
-2.481018900871276855e-01
1.040856838226318359e-01
1.923018842935562134e-01
-4.165195673704147339e-02
7.981142401695251465e-02
1.320620626211166382e-02
6.352046877145767212e-02
-7.670656591653823853e-02
-9.297397732734680176e-02
-1.748373806476593018e-01
-6.120812892913818359e-02
1.696792989969253540e-01
-1.225430518388748169e-02
4.030536115169525146e-02
3.258378803730010986e-02
