-4.918486997485160828e-02
8.846689760684967041e-02
5.336824059486389160e-02
-8.174054324626922607e-02
-2.471597492694854736e-02
5.315609648823738098e-02
-1.084209047257900238e-02
-1.265406161546707153e-01
1.831128746271133423e-01
-1.997607946395874023e-01
2.003663629293441772e-01
-2.740880101919174194e-02
-2.558637857437133789e-01
4.602737352252006531e-02
-1.516413688659667969e-02
1.412729024887084961e-01
-1.409625411033630371e-01
-1.417115926742553711e-01
-9.335093200206756592e-02
1.460257731378078461e-02
7.027707993984222412e-02
3.564472496509552002e-02
3.874354436993598938e-02
6.113076210021972656e-02
-1.010123938322067261e-01
-3.201475441455841064e-01
-3.856341540813446045e-02
-3.357522934675216675e-02
3.789984434843063354e-02
-5.417915806174278259e-02
6.520864553749561310e-03
7.555522769689559937e-02
-1.113360896706581116e-01
1.018901988863945007e-01
6.178583018481731415e-03
1.486734747886657715e-01
-6.479076296091079712e-02
-7.980278879404067993e-02
1.378688812255859375e-01
2.569214254617691040e-02
-2.731142938137054443e-01
3.769162669777870178e-02
4.978788085281848907e-03
2.639783918857574463e-01
1.820319741964340210e-01
-4.416237398982048035e-02
1.450166106224060059e-03
-1.265585124492645264e-01
5.942952260375022888e-02
-3.979823887348175049e-01
3.657568991184234619e-02
1.472889631986618042e-01
-1.396115496754646301e-02
1.082109585404396057e-01
1.106310710310935974e-01
-1.566173881292343140e-01
3.271033614873886108e-02
5.599635094404220581e-02
-1.825360059738159180e-01
4.293340817093849182e-02
9.975472092628479004e-02
-1.553669758141040802e-02
3.819232806563377380e-02
-9.692353010177612305e-02
1.606685370206832886e-01
1.562464386224746704e-01
-1.625558733940124512e-01
-1.594039797782897949e-01
9.349706023931503296e-02
-2.184978872537612915e-01
-4.597800225019454956e-02
1.205638051033020020e-01
-9.534771740436553955e-02
-2.273192405700683594e-01
-1.573519259691238403e-01
3.085440956056118011e-02
3.879614472389221191e-01
2.492821365594863892e-01
-1.032237857580184937e-01
5.619250982999801636e-02
-8.747342228889465332e-02
-3.713746368885040283e-02
6.700110435485839844e-02
1.102102696895599365e-01
4.920756071805953979e-02
-1.340075768530368805e-02
-6.814439594745635986e-02
4.911327362060546875e-02
1.862095892429351807e-01
-6.526597589254379272e-02
4.596719518303871155e-03
3.111674785614013672e-01
2.083005383610725403e-03
-1.088354829698801041e-02
-2.091023325920104980e-02
7.415416836738586426e-02
-1.238725632429122925e-01
4.603733867406845093e-02
-1.873869299888610840e-01
-4.576846212148666382e-02
-8.222807198762893677e-02
-2.646831236779689789e-02
2.512932382524013519e-02
8.834051340818405151e-02
-1.674870848655700684e-01
2.440017014741897583e-01
-3.694311529397964478e-02
-1.934323273599147797e-02
9.700185805559158325e-02
5.251487344503402710e-02
-6.343657523393630981e-02
-4.141855239868164062e-02
1.154996901750564575e-01
-2.811664342880249023e-01
1.519782394170761108e-01
1.840945929288864136e-01
1.330221891403198242e-01
1.045319512486457825e-01
5.837166681885719299e-02
9.522078186273574829e-02
6.698124855756759644e-02
-1.839442178606987000e-02
-1.726352721452713013e-01
-3.525324165821075439e-02
-2.218197658658027649e-02
-1.775052957236766815e-02
-1.008806526660919189e-01
1.539497170597314835e-03
-7.471839338541030884e-02
5.511996895074844360e-02
-1.410832162946462631e-02
-6.185374408960342407e-02
-1.096399500966072083e-01
5.297915637493133545e-02
-2.632544934749603271e-02
-1.196818351745605469e-01
2.514908313751220703e-01
-2.034861594438552856e-01
2.109897136688232422e-01
-5.568413808941841125e-02
-2.372832596302032471e-01
2.376808784902095795e-02
-2.493401244282722473e-02
1.952779889106750488e-01
-1.007491648197174072e-01
-2.069381177425384521e-01
-6.164027750492095947e-02
-8.234445005655288696e-02
3.253474086523056030e-02
2.037390600889921188e-03
-1.803220994770526886e-02
9.713216871023178101e-02
-1.826893240213394165e-01
-2.735747396945953369e-01
-1.999133825302124023e-02
-1.313804090023040771e-01
-1.161990873515605927e-02
-8.859842270612716675e-02
1.362448185682296753e-02
1.073907762765884399e-01
-1.334359645843505859e-01
2.770402096211910248e-02
1.989572122693061829e-02
1.943879127502441406e-01
-2.626738511025905609e-03
-1.056305766105651855e-01
1.830396801233291626e-01
3.074385039508342743e-02
-2.426875978708267212e-01
2.658610418438911438e-02
5.585722252726554871e-02
2.268420308828353882e-01
1.272465735673904419e-01
-1.855160482227802277e-02
3.867463022470474243e-02
-1.434511542320251465e-01
1.432285159826278687e-01
-3.622883260250091553e-01
5.943012982606887817e-02
1.182862371206283569e-01
5.399755015969276428e-02
9.797484427690505981e-02
1.196103394031524658e-01
-2.137653529644012451e-01
7.760982215404510498e-02
7.684035599231719971e-02
-2.244600653648376465e-01
5.039532855153083801e-02
7.406578212976455688e-02
3.308022022247314453e-02
2.887410297989845276e-02
-8.042312413454055786e-02
2.544554769992828369e-01
1.472123861312866211e-01
-1.161753386259078979e-01
-1.053093820810317993e-01
1.697438359260559082e-01
-1.909844875335693359e-01
-1.022466272115707397e-01
1.140880957245826721e-01
-7.052046805620193481e-02
-2.563260197639465332e-01
-2.132943123579025269e-01
3.536160290241241455e-02
3.741375207901000977e-01
2.604023814201354980e-01
-1.422623544931411743e-01
1.324740052223205566e-01
-5.466493964195251465e-02
-7.054896652698516846e-02
1.100182998925447464e-02
1.183952614665031433e-01
5.910412222146987915e-02
9.614777751266956329e-03
-6.523013114929199219e-02
-1.125274412333965302e-02
2.613853216171264648e-01
-2.213131263852119446e-02
4.999949783086776733e-02
3.338068127632141113e-01
9.318651631474494934e-03
-4.987524356693029404e-03
-1.063523441553115845e-02
7.742106169462203979e-02
-1.445009261369705200e-01
1.473108865320682526e-02
-1.197274625301361084e-01
-8.372585475444793701e-02
-2.314007654786109924e-02
-1.428591925650835037e-02
6.987419445067644119e-03
3.524971008300781250e-02
-2.807419300079345703e-01
2.190023362636566162e-01
-9.511275589466094971e-02
-3.615987300872802734e-02
-2.271848917007446289e-02
1.305307261645793915e-02
-1.528627891093492508e-02
5.476129055023193359e-02
1.808280646800994873e-01
-3.104500174522399902e-01
1.600998789072036743e-01
1.477055251598358154e-01
9.478812664747238159e-02
1.791185736656188965e-01
9.161818027496337891e-02
5.742387846112251282e-02
7.977660745382308960e-02
-8.382249623537063599e-02
-2.201322019100189209e-01
-8.943181484937667847e-02
-9.554563090205192566e-03
-9.158182144165039062e-02
-6.004921346902847290e-02
1.112943142652511597e-01
-1.315987557172775269e-01
1.194120794534683228e-01
8.635944873094558716e-02
-4.628119990229606628e-02
-1.001351326704025269e-01
4.796276241540908813e-02
-1.213796250522136688e-02
-7.155324518680572510e-02
1.494460254907608032e-01
-9.630020707845687866e-02
2.046858370304107666e-01
5.493208765983581543e-03
-3.037239015102386475e-01
-4.220307618379592896e-02
-4.807274416089057922e-02
2.184356003999710083e-01
-2.398723363876342773e-01
-2.504336535930633545e-01
-6.737685948610305786e-02
-1.177454181015491486e-02
6.400316953659057617e-02
5.735665559768676758e-02
-2.416334673762321472e-02
7.008003443479537964e-02
-1.047815904021263123e-01
-3.477662205696105957e-01
1.366349961608648300e-02
-8.654221892356872559e-02
-8.811772614717483521e-02
-1.045209765434265137e-01
5.392042919993400574e-02
6.411223113536834717e-02
-1.257358789443969727e-01
4.938607662916183472e-02
2.413830533623695374e-02
8.552160859107971191e-02
-3.759264945983886719e-02
-1.490980982780456543e-01
1.901967227458953857e-01
3.298348188400268555e-02
-3.316968679428100586e-01
3.445566073060035706e-02
1.310812979936599731e-01
2.948479652404785156e-01
2.062840610742568970e-01
-4.924559965729713440e-02
-9.547544643282890320e-03
-5.821023136377334595e-02
1.493154913187026978e-01
-3.906015157699584961e-01
-3.360536321997642517e-02
1.904087066650390625e-01
3.255871683359146118e-02
1.008431464433670044e-01
1.090970784425735474e-01
-2.267468720674514771e-01
3.852597996592521667e-02
7.844875007867813110e-02
-1.932761371135711670e-01
2.515789121389389038e-02
1.247702818363904953e-02
-1.289637386798858643e-01
7.562155276536941528e-02
-8.555340021848678589e-02
1.463533490896224976e-01
1.074976176023483276e-01
-8.214538544416427612e-02
-1.594584584236145020e-01
1.857608407735824585e-01
-1.523684114217758179e-01
-1.075988486409187317e-01
1.620684117078781128e-01
-1.064241528511047363e-01
-2.470392286777496338e-01
-1.755282580852508545e-01
5.246908403933048248e-03
3.975270986557006836e-01
1.833847314119338989e-01
-1.210698336362838745e-01
7.871995866298675537e-02
-3.098668158054351807e-02
-3.012463077902793884e-02
6.342411041259765625e-03
1.589636057615280151e-01
4.312801361083984375e-02
1.259210798889398575e-02
-1.282958686351776123e-01
-6.927344948053359985e-04
2.435764968395233154e-01
6.066311150789260864e-03
4.610071890056133270e-03
3.118791580200195312e-01
3.613837808370590210e-02
-6.591812521219253540e-02
9.109821170568466187e-02
7.327006012201309204e-02
-5.967754125595092773e-02
5.885973945260047913e-02
-1.866326779127120972e-01
-5.322365835309028625e-02
-4.992688447237014771e-02
-1.129287034273147583e-01
9.696673601865768433e-03
1.907208934426307678e-02
-1.846254467964172363e-01
1.194363385438919067e-01
-1.965853571891784668e-02
7.163596339523792267e-03
-5.629182979464530945e-02
2.052152762189507484e-03
1.193296164274215698e-02
6.825968623161315918e-02
1.289396882057189941e-01
-2.907412946224212646e-01
2.402014434337615967e-01
1.846818476915359497e-01
6.835456192493438721e-02
1.666749119758605957e-01
2.505014091730117798e-02
6.170273572206497192e-02
-1.604804210364818573e-02
-1.434467732906341553e-01
-1.346132457256317139e-01
-1.069415807723999023e-01
4.312952980399131775e-03
-7.070349529385566711e-04
3.101108595728874207e-03
5.512138083577156067e-02
-1.652137190103530884e-01
8.857354521751403809e-02
2.701019495725631714e-02
-6.347446143627166748e-02
-1.184251755475997925e-01
5.216726660728454590e-02
2.229394391179084778e-03
-6.826405227184295654e-02
1.453408747911453247e-01
-1.659111976623535156e-01
1.468771249055862427e-01
-1.512317731976509094e-02
-2.321959435939788818e-01
-1.507868245244026184e-02
-3.693176060914993286e-02
1.860093772411346436e-01
-1.864369660615921021e-01
-2.162226438522338867e-01
-5.985352024435997009e-02
-8.011196553707122803e-02
7.531625777482986450e-02
1.941166445612907410e-02
1.868815161287784576e-02
1.029339805245399475e-01
-1.498446464538574219e-01
-3.353060483932495117e-01
3.220171481370925903e-02
-1.087448298931121826e-01
-5.749908089637756348e-02
-6.050836294889450073e-02
9.538436681032180786e-02
7.278397679328918457e-02
-1.336700171232223511e-01
7.773674279451370239e-02
-3.403356298804283142e-03
1.539192199707031250e-01
-5.303078889846801758e-02
-8.694311976432800293e-02
2.188052386045455933e-01
3.212203830480575562e-02
-3.316048085689544678e-01
5.306882783770561218e-02
4.152116179466247559e-02
3.181107938289642334e-01
1.904573589563369751e-01
-8.977279812097549438e-02
-7.168995216488838196e-03
-4.316968470811843872e-02
1.706418246030807495e-01
-3.970562815666198730e-01
5.380030721426010132e-03
1.861932575702667236e-01
-1.059802249073982239e-02
7.542540132999420166e-02
7.232467830181121826e-02
-1.362549662590026855e-01
7.717324793338775635e-02
1.091794595122337341e-01
-1.786165088415145874e-01
-5.681588314473628998e-03
5.990714952349662781e-02
-1.153950020670890808e-01
6.000447273254394531e-02
-5.133447051048278809e-02
1.492649912834167480e-01
1.077293306589126587e-01
-1.042252331972122192e-01
-1.044315546751022339e-01
1.591226011514663696e-01
-1.319094151258468628e-01
-3.002706170082092285e-02
1.858558952808380127e-01
-1.222447082400321960e-01
-2.590224444866180420e-01
-1.559674739837646484e-01
8.537296950817108154e-02
4.421494603157043457e-01
2.520952820777893066e-01
-7.478288561105728149e-02
3.111824393272399902e-02
-8.965138345956802368e-02
4.561495780944824219e-02
7.868325710296630859e-02
1.393224895000457764e-01
4.739621281623840332e-02
-3.479000180959701538e-02
-1.035987138748168945e-01
6.643740832805633545e-02
1.761889755725860596e-01
-9.958352893590927124e-03
-5.791506171226501465e-02
2.927897572517395020e-01
8.604720979928970337e-02
-3.723922744393348694e-02
4.527764767408370972e-02
9.451524168252944946e-02
-1.040013730525970459e-01
2.235709130764007568e-02
-1.933748573064804077e-01
-6.235459074378013611e-02
-2.470333874225616455e-02
-4.347277805209159851e-02
2.620206773281097412e-02
4.203063249588012695e-02
-1.895491480827331543e-01
1.886935383081436157e-01
-4.163919016718864441e-02
-1.085082255303859711e-02
-3.160788863897323608e-02
2.845895849168300629e-02
7.462022826075553894e-03
5.082973465323448181e-02
8.620335906744003296e-02
-2.414469420909881592e-01
1.691091060638427734e-01
1.924434453248977661e-01
7.799371331930160522e-02
1.967344433069229126e-01
8.117580413818359375e-02
1.197334565222263336e-02
-2.132086083292961121e-03
-1.395261436700820923e-01
-1.443413496017456055e-01
-6.682209670543670654e-02
3.161646425724029541e-02
5.161438882350921631e-02
4.842408001422882080e-03
1.633720658719539642e-02
-6.462003290653228760e-02
6.745612621307373047e-02
4.036882147192955017e-02
-4.456562921404838562e-02
-5.579779297113418579e-02
3.682104870676994324e-02
-1.106300391256809235e-02
-1.108698695898056030e-01
2.067075967788696289e-01
-1.646839827299118042e-01
1.252041161060333252e-01
-6.430929154157638550e-02
-2.776205241680145264e-01
7.316332310438156128e-02
-4.473585169762372971e-03
1.387799978256225586e-01
-1.505468189716339111e-01
-1.492961049079895020e-01
-1.141415536403656006e-01
-3.467956557869911194e-02
6.902273744344711304e-02
6.876558065414428711e-02
-1.774650253355503082e-02
7.877402007579803467e-02
-1.246401444077491760e-01
-3.542371988296508789e-01
2.753274515271186829e-03
-1.192585453391075134e-01
-1.447764411568641663e-02
-2.005747333168983459e-02
3.029111027717590332e-02
1.197934895753860474e-01
-1.423836797475814819e-01
1.971639879047870636e-02
-6.902629043906927109e-03
1.126198023557662964e-01
-7.096730172634124756e-02
-1.443569213151931763e-01
1.189344376325607300e-01
-5.825080443173646927e-03
-2.937122881412506104e-01
3.056871239095926285e-03
1.545292884111404419e-02
2.278677076101303101e-01
1.357454210519790649e-01
-6.167654693126678467e-02
2.098085731267929077e-02
-6.362696737051010132e-02
1.111025065183639526e-01
-3.787558376789093018e-01
-1.017692498862743378e-02
1.381967812776565552e-01
2.963846176862716675e-02
1.243742406368255615e-01
1.168711483478546143e-01
-2.466771006584167480e-01
7.321863621473312378e-02
4.398899525403976440e-02
-1.608316898345947266e-01
3.996401280164718628e-02
8.339334279298782349e-02
-4.966597259044647217e-02
1.041134223341941833e-01
-7.012542337179183960e-02
1.608007848262786865e-01
6.571823358535766602e-02
-1.345111429691314697e-01
-5.794373899698257446e-02
8.068450540304183960e-02
-1.493429839611053467e-01
1.770134270191192627e-02
1.192060336470603943e-01
-1.195320412516593933e-01
-2.631967961788177490e-01
-1.874047070741653442e-01
3.272195905447006226e-02
3.842336535453796387e-01
2.137889564037322998e-01
-9.535706043243408203e-02
2.521811611950397491e-02
-1.059843450784683228e-01
3.092463128268718719e-03
4.633254930377006531e-02
1.182046979665756226e-01
7.138578593730926514e-02
-3.566632047295570374e-02
-7.744853198528289795e-02
4.812648147344589233e-02
1.994458884000778198e-01
-4.169330373406410217e-02
-7.790942210704088211e-03
3.202164471149444580e-01
-1.809238642454147339e-02
-3.581677377223968506e-02
-4.870552569627761841e-02
8.265001326799392700e-02
-1.522957086563110352e-01
3.301456943154335022e-02
-9.130312502384185791e-02
2.293524891138076782e-02
-2.746951207518577576e-02
-3.319226205348968506e-02
-1.413321029394865036e-02
7.776549458503723145e-02
-1.868680566549301147e-01
1.971943229436874390e-01
-3.508368879556655884e-02
2.784518152475357056e-02
4.830862954258918762e-02
1.355287968181073666e-03
-5.878441408276557922e-02
8.700570091605186462e-03
1.426068544387817383e-01
-2.435740679502487183e-01
1.379621326923370361e-01
1.719200015068054199e-01
8.732306212186813354e-02
1.730993688106536865e-01
1.499490998685359955e-02
1.952233351767063141e-02
1.978318765759468079e-02
-7.176203280687332153e-02
-2.481954693794250488e-01
-6.373789161443710327e-02
4.066424071788787842e-02
-1.052112784236669540e-03
-1.175751909613609314e-01
2.813433296978473663e-02
