-1.278832405805587769e-01
1.140862256288528442e-01
-1.900023780763149261e-02
-2.049153111875057220e-02
-1.339307427406311035e-01
1.046826131641864777e-02
-2.755684964358806610e-02
-1.223475262522697449e-01
1.464242339134216309e-01
-9.662703424692153931e-02
1.833894401788711548e-01
-1.481205038726329803e-02
-2.140098363161087036e-01
-2.645075507462024689e-02
8.640254847705364227e-03
1.958436369895935059e-01
-1.250474750995635986e-01
-1.755028218030929565e-01
-6.080102548003196716e-02
-9.555485844612121582e-02
-3.489746898412704468e-02
-4.159887880086898804e-02
1.909856684505939484e-02
1.133013963699340820e-01
-1.693604737520217896e-01
-2.799338102340698242e-01
-5.490097403526306152e-02
-1.422035843133926392e-01
-1.257633045315742493e-02
-4.777880012989044189e-02
-3.730093315243721008e-02
7.518213987350463867e-02
-1.059287413954734802e-01
-3.970215097069740295e-03
6.633089482784271240e-02
6.280890107154846191e-02
-6.948267668485641479e-02
-6.678127497434616089e-02
2.279421091079711914e-01
-3.064588829874992371e-02
-1.966221332550048828e-01
1.168874930590391159e-02
1.292539536952972412e-01
2.765277326107025146e-01
1.762179285287857056e-01
-1.115134917199611664e-02
6.933032721281051636e-02
-3.578253090381622314e-02
1.350828111171722412e-01
-2.461089044809341431e-01
1.124703735113143921e-01
9.158153086900711060e-02
8.518876880407333374e-02
7.911753654479980469e-02
5.114477872848510742e-02
-2.324790209531784058e-01
-2.275641076266765594e-02
2.341846823692321777e-01
-2.073653638362884521e-01
1.054148748517036438e-01
3.274990245699882507e-02
-6.060723587870597839e-02
-2.953134104609489441e-02
-5.277052521705627441e-02
2.841311991214752197e-01
2.156348973512649536e-01
-1.547023952007293701e-01
-9.505866467952728271e-02
1.980083137750625610e-01
-1.169209182262420654e-01
-2.498090639710426331e-02
2.981694042682647705e-02
-1.687445193529129028e-01
-2.506723701953887939e-01
-2.339653372764587402e-01
9.204278886318206787e-02
4.071780145168304443e-01
2.164454758167266846e-01
-1.066880673170089722e-01
1.192060206085443497e-02
-9.838221594691276550e-03
-2.559849992394447327e-02
1.107019279152154922e-02
1.271935552358627319e-01
-6.672317534685134888e-02
-9.555701166391372681e-02
-2.902386710047721863e-02
1.835444755852222443e-02
2.122244238853454590e-01
2.977368608117103577e-02
-4.439787566661834717e-02
2.119585573673248291e-01
5.479692481458187103e-03
-2.239667996764183044e-02
-3.361541777849197388e-02
3.108656778931617737e-02
-1.207610517740249634e-01
-3.733341395854949951e-02
-1.611536443233489990e-01
-5.133799836039543152e-02
-1.193960458040237427e-01
-7.342807948589324951e-02
1.814302429556846619e-02
1.025786548852920532e-01
-1.905446350574493408e-01
1.262219697237014771e-01
8.159564808011054993e-03
-1.540705561637878418e-03
-1.049765944480895996e-01
8.381149917840957642e-02
-4.489501193165779114e-02
-3.715002676472067833e-04
1.052447259426116943e-01
-2.299212664365768433e-01
2.180982232093811035e-01
1.571556329727172852e-01
1.477535068988800049e-01
1.903871595859527588e-01
7.513896375894546509e-02
6.022505462169647217e-03
1.025879085063934326e-01
-5.159272253513336182e-02
-1.567471325397491455e-01
-2.530956640839576721e-02
1.013891696929931641e-01
-5.618568509817123413e-02
8.008717000484466553e-02
1.044115647673606873e-01
-1.592832505702972412e-01
1.930952668190002441e-01
1.730703562498092651e-02
2.240716293454170227e-02
-1.039078608155250549e-01
7.387587800621986389e-03
-2.828916534781455994e-02
-9.783735126256942749e-02
1.268877834081649780e-01
-5.665291473269462585e-02
2.612079977989196777e-01
1.137580815702676773e-02
-2.295952439308166504e-01
-1.206525638699531555e-01
4.306139424443244934e-02
1.493371576070785522e-01
-1.146005243062973022e-01
-1.115336716175079346e-01
-6.727056950330734253e-02
-9.111148118972778320e-02
2.931027300655841827e-02
3.948518633842468262e-02
8.792415261268615723e-03
5.058245360851287842e-02
-1.491879224777221680e-01
-2.923982143402099609e-01
-1.458671968430280685e-02
-6.681735813617706299e-02
9.502951055765151978e-02
-7.652702927589416504e-02
8.517770096659660339e-03
3.465538471937179565e-02
-7.214708626270294189e-02
-2.632493339478969574e-02
7.901106029748916626e-02
1.021659597754478455e-01
-1.583562493324279785e-01
-7.133309729397296906e-03
2.153978496789932251e-01
-5.225317552685737610e-02
-2.133175134658813477e-01
2.596171014010906219e-02
1.053863912820816040e-01
3.293097913265228271e-01
2.280557006597518921e-01
4.589778557419776917e-02
4.183365404605865479e-02
-6.559898704290390015e-02
1.410371512174606323e-01
-2.472492456436157227e-01
6.961645185947418213e-02
1.365513950586318970e-01
1.170896887779235840e-01
7.142650336027145386e-02
8.117170631885528564e-02
-2.353982180356979370e-01
-4.019336402416229248e-02
2.078751921653747559e-01
-1.987946033477783203e-01
8.427026122808456421e-02
4.427361488342285156e-02
-1.455092132091522217e-01
-3.089797869324684143e-02
-2.855777554214000702e-02
2.129775136709213257e-01
8.883821964263916016e-02
-1.634022295475006104e-01
-1.173168346285820007e-01
1.586622744798660278e-01
-1.613181531429290771e-01
-4.178823903203010559e-02
1.246538534760475159e-01
-7.580915838479995728e-02
-2.338454574346542358e-01
-2.539358437061309814e-01
7.900993525981903076e-02
3.913891911506652832e-01
1.578383147716522217e-01
-1.260456740856170654e-01
1.608150266110897064e-02
3.513793274760246277e-02
-2.363288030028343201e-02
3.288347274065017700e-02
1.248628646135330200e-01
-1.107576787471771240e-01
-1.319101452827453613e-01
-1.047209054231643677e-01
-5.357511341571807861e-02
1.875857263803482056e-01
6.979384459555149078e-03
-3.252533730119466782e-03
2.297222316265106201e-01
5.417035147547721863e-02
-6.658118218183517456e-05
3.194079734385013580e-03
4.124510660767555237e-02
-1.612457484006881714e-01
-2.729157358407974243e-02
-1.115966811776161194e-01
-1.069552302360534668e-01
-3.363850712776184082e-02
-1.732737272977828979e-01
4.521461203694343567e-02
7.647787034511566162e-02
-2.213366031646728516e-01
2.580240368843078613e-01
2.228402160108089447e-02
7.583551108837127686e-02
-4.848126322031021118e-03
1.655260287225246429e-02
-2.623317204415798187e-02
3.636065870523452759e-02
1.388782262802124023e-01
-2.608112096786499023e-01
2.427140921354293823e-01
1.711348295211791992e-01
1.394902914762496948e-01
2.123116999864578247e-01
1.439133584499359131e-01
3.205978125333786011e-02
5.043783038854598999e-02
-2.885292842984199524e-02
-1.329667121171951294e-01
-6.729657202959060669e-02
1.186617556959390640e-02
-1.121552884578704834e-01
8.721366524696350098e-02
6.079307943582534790e-02
-1.248353421688079834e-01
1.495123468339443207e-02
-3.580975905060768127e-02
-6.267483532428741455e-02
-1.295317411422729492e-01
-5.017789453268051147e-02
-2.918379940092563629e-02
-8.202156424522399902e-02
1.138809844851493835e-01
-8.108371868729591370e-03
1.695162057876586914e-01
2.551404759287834167e-03
-1.578493118286132812e-01
-5.956496298313140869e-02
2.941771969199180603e-02
1.488777697086334229e-01
-1.715882271528244019e-01
-1.172317862510681152e-01
-6.365451216697692871e-02
-5.656165257096290588e-02
1.370343379676342010e-04
7.138156145811080933e-02
6.055267900228500366e-02
9.872569143772125244e-02
-1.531863808631896973e-01
-2.521170079708099365e-01
-5.414587259292602539e-02
-1.108148545026779175e-01
4.214373975992202759e-02
1.329009421169757843e-02
-1.175166852772235870e-02
1.283303201198577881e-01
-1.186006963253021240e-01
-2.683706395328044891e-02
1.856177300214767456e-01
7.354538142681121826e-02
-9.975308924913406372e-02
-6.245971657335758209e-03
2.588278353214263916e-01
3.312014788389205933e-02
-2.408053278923034668e-01
-3.237584233283996582e-02
9.855383634567260742e-02
3.070760369300842285e-01
2.128876447677612305e-01
2.709707617759704590e-02
1.173734385520219803e-02
-3.335870057344436646e-02
1.379833817481994629e-01
-2.776832580566406250e-01
7.850289344787597656e-02
1.596209555864334106e-01
8.005251735448837280e-02
4.298549890518188477e-02
9.100034832954406738e-02
-1.567627787590026855e-01
4.810906946659088135e-02
2.007713615894317627e-01
-2.114970684051513672e-01
2.689244411885738373e-02
4.388749226927757263e-02
-1.552928537130355835e-01
7.532398216426372528e-03
-5.408007651567459106e-02
2.005754709243774414e-01
1.045400500297546387e-01
-1.029995083808898926e-01
-1.359377801418304443e-01
1.538340598344802856e-01
-1.228218898177146912e-01
-5.923950672149658203e-02
1.186209022998809814e-01
-1.052339598536491394e-01
-2.217630892992019653e-01
-2.260430902242660522e-01
-8.141025900840759277e-03
4.045185148715972900e-01
1.690872758626937866e-01
-1.509022861719131470e-01
6.311967223882675171e-02
-1.039922516793012619e-02
-3.235093504190444946e-02
1.049799993634223938e-01
7.756476104259490967e-02
-5.654413998126983643e-02
-5.228174105286598206e-02
-6.956127285957336426e-02
-5.830005556344985962e-02
2.003281712532043457e-01
-5.659538134932518005e-02
1.827701367437839508e-02
2.019828557968139648e-01
4.890560731291770935e-02
-2.302816137671470642e-02
6.471726298332214355e-02
2.944367704913020134e-03
-6.726794689893722534e-02
-7.007779087871313095e-03
-1.411764919757843018e-01
-4.705642536282539368e-02
-6.991306692361831665e-02
-9.801287949085235596e-02
7.182594388723373413e-02
7.101538777351379395e-02
-2.240981608629226685e-01
1.634095311164855957e-01
2.337346598505973816e-02
-4.269777983427047729e-02
-7.399546355009078979e-02
-6.735929753631353378e-03
-1.797960139811038971e-02
-2.950973995029926300e-02
8.027151226997375488e-02
-2.872388064861297607e-01
2.076002508401870728e-01
1.507754623889923096e-01
5.578028410673141479e-02
2.124724686145782471e-01
1.469199545681476593e-02
3.847151249647140503e-02
-1.081077475100755692e-02
-3.919317573308944702e-02
-8.710636198520660400e-02
-6.704019755125045776e-02
8.637665212154388428e-02
-8.924525231122970581e-03
5.504059791564941406e-02
3.246962651610374451e-02
-2.500355541706085205e-01
1.864151656627655029e-01
6.582805886864662170e-03
-4.204435646533966064e-02
-1.308039277791976929e-01
-2.249891497194766998e-02
-9.416924417018890381e-02
-1.064205169677734375e-01
8.097665756940841675e-02
-5.732701718807220459e-02
1.815775781869888306e-01
-1.763345673680305481e-02
-2.421408891677856445e-01
-1.385016143321990967e-01
1.834390684962272644e-02
1.683548688888549805e-01
-1.187753528356552124e-01
-2.006232738494873047e-01
-2.144880406558513641e-02
-5.391974747180938721e-02
2.939618658274412155e-03
2.386988699436187744e-02
9.137229062616825104e-03
1.217940449714660645e-01
-1.094198077917098999e-01
-3.147175610065460205e-01
-1.074624340981245041e-02
-8.731132000684738159e-02
-1.038922648876905441e-02
-9.658210724592208862e-02
-4.791077226400375366e-04
7.747042924165725708e-03
-1.382384896278381348e-01
-9.424695745110511780e-03
6.880018115043640137e-02
1.503122001886367798e-01
-7.817788422107696533e-02
2.274907752871513367e-02
2.413796037435531616e-01
-8.806118741631507874e-03
-2.525847256183624268e-01
-1.885173469781875610e-02
1.106937304139137268e-01
3.235104680061340332e-01
2.149874866008758545e-01
3.793041035532951355e-02
9.611220099031925201e-03
-4.333195090293884277e-02
1.509722769260406494e-01
-1.883274167776107788e-01
6.307183206081390381e-02
1.816968619823455811e-01
9.971898049116134644e-02
-1.077217422425746918e-02
7.580053806304931641e-02
-1.906551718711853027e-01
-2.020439878106117249e-02
1.878933608531951904e-01
-2.110996395349502563e-01
1.018345449119806290e-02
2.606672607362270355e-02
-1.304531693458557129e-01
-6.483782082796096802e-02
-5.789166688919067383e-02
2.118659764528274536e-01
1.246327385306358337e-01
-1.092560291290283203e-01
-1.744959950447082520e-01
2.182276248931884766e-01
-1.642918884754180908e-01
-9.967683255672454834e-02
1.136228665709495544e-01
-7.936745136976242065e-02
-1.730122119188308716e-01
-2.797033786773681641e-01
1.113840937614440918e-02
3.311687409877777100e-01
1.403587758541107178e-01
-1.558165103197097778e-01
4.995530098676681519e-02
4.596439749002456665e-02
-6.505893170833587646e-02
1.181849557906389236e-02
1.319158375263214111e-01
-1.050148978829383850e-01
-2.699741348624229431e-02
-1.013447195291519165e-01
-5.560161173343658447e-02
1.670959740877151489e-01
7.523830980062484741e-02
1.169534493237733841e-02
1.452064365148544312e-01
6.597440689802169800e-02
-3.599584568291902542e-03
6.920938938856124878e-02
2.486496232450008392e-02
-1.445987522602081299e-01
-5.796774476766586304e-02
-1.885677874088287354e-01
-1.301915794610977173e-01
-7.625818997621536255e-02
-1.041988953948020935e-01
1.559001393616199493e-02
1.025857925415039062e-01
-2.166774719953536987e-01
1.868420839309692383e-01
2.334283478558063507e-02
-5.288261920213699341e-03
-1.321658641099929810e-01
4.786081984639167786e-02
-4.224569536745548248e-03
1.937417499721050262e-02
9.658382087945938110e-02
-2.154637277126312256e-01
2.085421979427337646e-01
1.478397101163864136e-01
8.853592723608016968e-02
1.653882563114166260e-01
1.332708150148391724e-01
1.253364328294992447e-02
1.173605024814605713e-02
-3.612730652093887329e-02
-1.456242650747299194e-01
-1.155755892395973206e-01
4.003165289759635925e-02
-8.550924062728881836e-02
1.449133306741714478e-01
6.733904033899307251e-02
-1.437340378761291504e-01
1.521044373512268066e-01
6.840480025857686996e-03
-3.514630347490310669e-02
-2.010326534509658813e-01
-3.651715070009231567e-02
-8.378839120268821716e-03
-1.033764556050300598e-01
1.571802794933319092e-01
-9.825469553470611572e-02
1.655889898538589478e-01
-1.340926624834537506e-03
-2.255766540765762329e-01
-1.417313814163208008e-01
5.433958768844604492e-02
1.854231953620910645e-01
-9.461092203855514526e-02
-1.522244811058044434e-01
-8.778887242078781128e-02
-1.161030977964401245e-01
7.964557036757469177e-03
6.043108180165290833e-02
8.481783792376518250e-03
1.118109747767448425e-01
-9.659227728843688965e-02
-3.051693141460418701e-01
1.489209942519664764e-03
-9.705009311437606812e-02
5.009585618972778320e-02
-9.696861356496810913e-02
-3.183239698410034180e-02
1.140663698315620422e-01
-1.017084196209907532e-01
-6.068344414234161377e-02
4.762583225965499878e-02
1.116047874093055725e-01
-6.229006126523017883e-02
1.374441385269165039e-02
2.152742892503738403e-01
1.907701976597309113e-02
-2.631905972957611084e-01
7.739929482340812683e-03
1.230004206299781799e-01
3.132786750793457031e-01
2.342082709074020386e-01
-9.829019196331501007e-03
4.205255210399627686e-02
-2.949116006493568420e-02
2.068390399217605591e-01
-1.798451989889144897e-01
5.874037742614746094e-04
1.231916323304176331e-01
1.772539317607879639e-01
2.578401938080787659e-02
1.071566641330718994e-01
-1.870239377021789551e-01
3.218099474906921387e-02
1.323986202478408813e-01
-2.548599243164062500e-01
3.295126184821128845e-02
7.737006247043609619e-02
-1.213827729225158691e-01
-5.209897831082344055e-02
7.909173145890235901e-03
2.366558462381362915e-01
1.035159602761268616e-01
-7.135374099016189575e-02
-1.561422049999237061e-01
1.495535820722579956e-01
-2.088496834039688110e-01
-9.846296161413192749e-02
1.267714649438858032e-01
-1.101757958531379700e-01
-1.280916333198547363e-01
-2.466797232627868652e-01
1.033838465809822083e-02
4.098935723304748535e-01
1.645113229751586914e-01
-1.699142456054687500e-01
2.565564215183258057e-02
2.577097713947296143e-02
-5.885021388530731201e-02
7.837337255477905273e-02
1.059626042842864990e-01
-1.351691782474517822e-01
-3.076431341469287872e-02
-1.015769019722938538e-01
-2.331702783703804016e-02
1.797937601804733276e-01
3.003384545445442200e-02
1.284214016050100327e-02
2.176826298236846924e-01
1.202831119298934937e-01
1.817466691136360168e-02
3.965399041771888733e-02
-1.654911972582340240e-02
-1.393243223428726196e-01
-1.384420040994882584e-02
-1.304026842117309570e-01
-1.148864403367042542e-01
-1.696573197841644287e-02
-1.674720495939254761e-01
7.262407988309860229e-02
4.340396821498870850e-02
-2.447698712348937988e-01
2.148766517639160156e-01
-8.901435881853103638e-03
5.387800186872482300e-02
-8.900365978479385376e-02
6.514162570238113403e-02
-3.439448028802871704e-02
3.679932281374931335e-02
1.161249577999114990e-01
-1.985241025686264038e-01
1.983970850706100464e-01
1.442249119281768799e-01
4.127234965562820435e-02
1.366653889417648315e-01
8.526341617107391357e-02
3.691131994128227234e-02
1.459524966776371002e-03
-4.421963542699813843e-02
-6.201159954071044922e-02
-8.828625828027725220e-02
8.126892894506454468e-02
-1.295217275619506836e-01
1.501258015632629395e-01
5.313181132078170776e-02
