-1.332087665796279907e-01
8.226673305034637451e-02
4.731228202581405640e-02
7.743486762046813965e-02
-1.354448497295379639e-01
4.526476375758647919e-03
-4.179731942713260651e-03
-3.553147614002227783e-02
5.804135650396347046e-02
-6.078660488128662109e-02
1.830019801855087280e-01
-5.528708919882774353e-03
-2.988495230674743652e-01
-5.920680984854698181e-02
2.826688252389431000e-02
6.770213693380355835e-02
-4.260185360908508301e-02
-1.395622938871383667e-01
-4.412882030010223389e-02
-3.917537629604339600e-02
5.832628160715103149e-02
3.734928369522094727e-02
-3.317389264702796936e-02
2.364654466509819031e-02
-1.509308964014053345e-01
-2.928991317749023438e-01
2.370104938745498657e-02
-7.913878560066223145e-02
-7.526823878288269043e-02
-1.817237436771392822e-01
-3.549863398075103760e-02
1.672305762767791748e-01
-1.119202002882957458e-01
-4.913039505481719971e-02
6.311653554439544678e-02
1.268669366836547852e-01
-5.071029812097549438e-02
2.159642986953258514e-02
2.011062055826187134e-01
-3.816201537847518921e-02
-1.991046369075775146e-01
-2.789537422358989716e-03
1.527150254696607590e-02
2.773730158805847168e-01
1.427581161260604858e-01
3.696836158633232117e-02
-3.553201258182525635e-02
1.051423326134681702e-02
1.617178767919540405e-01
-3.633638322353363037e-01
1.698894426226615906e-02
1.597967296838760376e-01
1.099894046783447266e-01
4.841993749141693115e-02
4.348208010196685791e-02
-2.106669247150421143e-01
-2.800372801721096039e-02
1.280130445957183838e-01
-1.761337220668792725e-01
1.173153072595596313e-01
-1.130112446844577789e-02
-1.788244396448135376e-01
-8.495635353028774261e-03
-7.908958941698074341e-02
2.126578092575073242e-01
7.550853490829467773e-02
-1.295097321271896362e-01
-6.109242141246795654e-02
1.428550481796264648e-01
-1.353372782468795776e-01
-8.341841399669647217e-02
1.301206648349761963e-01
-8.834134787321090698e-02
-2.477658390998840332e-01
-1.815991252660751343e-01
8.497230708599090576e-02
3.082170486450195312e-01
1.411425322294235229e-01
-1.939615458250045776e-01
-5.805653519928455353e-03
-1.782715693116188049e-02
-8.121490478515625000e-03
-8.854873478412628174e-03
4.716257378458976746e-02
-6.066317856311798096e-02
-2.572794631123542786e-02
-7.599715143442153931e-02
-1.211300864815711975e-02
2.705700695514678955e-01
4.303433373570442200e-02
-5.813702940940856934e-02
2.631217539310455322e-01
-2.757974900305271149e-03
9.155909717082977295e-02
7.296621799468994141e-02
-4.796173423528671265e-03
-1.767493225634098053e-02
-7.690802216529846191e-02
-1.453334689140319824e-01
-2.279580198228359222e-02
3.427269309759140015e-02
-2.324815541505813599e-01
-2.704430930316448212e-02
1.245421469211578369e-01
-2.021014392375946045e-01
1.617343276739120483e-01
-8.855883032083511353e-02
7.672630995512008667e-02
-1.513220742344856262e-02
-2.539751492440700531e-02
-1.050129905343055725e-01
8.701793104410171509e-02
1.688616573810577393e-01
-2.906751334667205811e-01
2.862797677516937256e-01
1.705533117055892944e-01
8.491217344999313354e-02
1.274252682924270630e-01
6.860774755477905273e-02
-5.009009689092636108e-02
5.270818993449211121e-02
-6.757077574729919434e-02
-1.935330480337142944e-01
-1.338164657354354858e-01
1.548195034265518188e-01
-9.243230521678924561e-02
1.474294811487197876e-02
1.240151189267635345e-02
