-3.141482546925544739e-02
3.108558058738708496e-02
4.322994500398635864e-04
-1.270675361156463623e-01
-8.771445602178573608e-02
1.954532600939273834e-02
-5.061829462647438049e-02
-5.867388099431991577e-02
2.785838246345520020e-01
-1.012565568089485168e-01
2.066681087017059326e-01
-3.353879600763320923e-02
-2.693455219268798828e-01
-2.711405977606773376e-02
9.150551259517669678e-02
1.501671373844146729e-01
-2.070352882146835327e-01
-1.464629024267196655e-01
-2.138857543468475342e-02
-2.018347382545471191e-02
-6.269065290689468384e-02
2.375257015228271484e-02
4.167742654681205750e-02
9.826893918216228485e-03
-1.480558514595031738e-01
-3.740021884441375732e-01
-1.156315207481384277e-01
-1.071905419230461121e-01
3.531021066009998322e-03
-3.187008947134017944e-02
6.756744813174009323e-03
1.674168407917022705e-01
-1.464372575283050537e-01
-9.406636655330657959e-02
1.135053336620330811e-01
1.502922624349594116e-01
-1.116631627082824707e-01
-1.345584690570831299e-01
2.513865828514099121e-01
-1.588817685842514038e-02
-2.010523378849029541e-01
-7.288338243961334229e-02
1.073801517486572266e-01
2.175246030092239380e-01
2.319179028272628784e-01
1.329623349010944366e-02
7.860425859689712524e-03
-9.276938438415527344e-02
1.843738406896591187e-01
-3.492203056812286377e-01
1.167636066675186157e-01
1.579210460186004639e-01
8.459072560071945190e-02
1.490744799375534058e-01
8.344784379005432129e-02
-1.678189486265182495e-01
3.778615966439247131e-02
1.694736778736114502e-01
-2.622317969799041748e-01
-2.901970408856868744e-02
8.027249574661254883e-02
-3.132969141006469727e-02
-1.222597062587738037e-02
-9.811900556087493896e-02
2.619229257106781006e-01
1.480403989553451538e-01
-1.503061652183532715e-01
-1.510366797447204590e-01
1.864435076713562012e-01
-1.284880191087722778e-01
-5.325967445969581604e-02
1.099017113447189331e-01
-1.736345589160919189e-01
-2.417600154876708984e-01
-2.610396742820739746e-01
5.048526078462600708e-02
3.023777604103088379e-01
1.421405822038650513e-01
-5.236641690135002136e-02
4.783041775226593018e-02
-3.862110897898674011e-02
-9.606577455997467041e-02
-6.160303577780723572e-02
1.227427944540977478e-01
2.561734244227409363e-02
-8.058973401784896851e-02
1.580030657351016998e-02
7.806270383298397064e-03
2.235324084758758545e-01
-6.919981539249420166e-02
8.637753315269947052e-03
2.493187338113784790e-01
-2.114529348909854889e-02
5.967542529106140137e-02
-1.317493058741092682e-02
8.725578337907791138e-02
-5.410312861204147339e-02
1.505931466817855835e-02
-1.897018700838088989e-01
1.302697882056236267e-02
6.337920203804969788e-04
-1.386081892997026443e-02
1.240088418126106262e-02
1.547556519508361816e-01
-2.058375775814056396e-01
1.784079819917678833e-01
-1.673688180744647980e-02
-3.184887766838073730e-02
3.715026378631591797e-02
-8.864709734916687012e-02
-1.336621586233377457e-02
-7.044202834367752075e-02
1.697378605604171753e-01
-3.380026519298553467e-01
1.560716331005096436e-01
1.264773607254028320e-01
4.343047365546226501e-02
1.863384991884231567e-01
-1.212567184120416641e-02
8.911116421222686768e-02
4.545735940337181091e-02
-7.860623300075531006e-02
-2.584986388683319092e-01
-3.712812811136245728e-02
4.024613648653030396e-02
4.919563978910446167e-02
-7.559903711080551147e-02
6.682945787906646729e-02
-4.708191379904747009e-03
4.382760077714920044e-02
1.255586370825767517e-02
-1.005933359265327454e-01
-6.668433547019958496e-02
-2.881789579987525940e-02
-5.607265979051589966e-02
-1.133246570825576782e-01
2.399509251117706299e-01
-8.490047603845596313e-02
1.686614453792572021e-01
3.098797984421253204e-02
-1.976650804281234741e-01
2.419046126306056976e-03
2.792672440409660339e-02
1.293147653341293335e-01
-2.273788899183273315e-01
-1.108349114656448364e-01
-5.857639759778976440e-02
-4.311772063374519348e-04
3.442408517003059387e-02
8.443390578031539917e-02
1.286014169454574585e-01
3.198935091495513916e-02
-1.579514294862747192e-01
-3.389164805412292480e-01
-1.041455268859863281e-01
-1.432964354753494263e-01
2.312534302473068237e-02
-6.674616783857345581e-02
6.682731676846742630e-03
1.263834238052368164e-01
-1.728998869657516479e-01
-1.558898948132991791e-02
9.442870318889617920e-02
4.135616123676300049e-02
-8.355572819709777832e-02
-1.173961907625198364e-01
2.522247433662414551e-01
4.219134151935577393e-02
-2.303385436534881592e-01
-6.865401566028594971e-02
5.123431980609893799e-02
2.012298107147216797e-01
2.201215922832489014e-01
-3.929390758275985718e-02
2.386779710650444031e-02
-1.080376952886581421e-01
1.465941369533538818e-01
-2.881674766540527344e-01
1.214103549718856812e-01
1.495105922222137451e-01
6.320561468601226807e-02
1.169272363185882568e-01
9.693476557731628418e-02
-1.618502736091613770e-01
4.003412649035453796e-02
1.315059363842010498e-01
-2.232571840286254883e-01
2.785071171820163727e-02
8.728504925966262817e-02
-3.807675838470458984e-02
-6.008103489875793457e-03
-3.763069584965705872e-02
1.828159838914871216e-01
1.252980679273605347e-01
-1.313503384590148926e-01
-9.942769259214401245e-02
1.531753093004226685e-01
-1.008072048425674438e-01
3.802355378866195679e-03
1.241960078477859497e-01
-1.809763163328170776e-01
-2.445394098758697510e-01
-1.803440600633621216e-01
-6.140526384115219116e-02
3.503887653350830078e-01
1.195713654160499573e-01
-1.152289956808090210e-01
-1.312662474811077118e-02
-1.021764501929283142e-01
-7.166865468025207520e-02
5.773142911493778229e-03
1.223687008023262024e-01
2.984316647052764893e-02
-3.839661180973052979e-02
-1.206564716994762421e-03
9.979910403490066528e-02
1.888798773288726807e-01
-7.932743430137634277e-02
-9.961257688701152802e-03
2.952532172203063965e-01
-1.662081480026245117e-02
2.556130662560462952e-02
-2.761490643024444580e-02
6.756649911403656006e-02
-5.977733433246612549e-02
1.292182970792055130e-02
-1.362502276897430420e-01
1.143014896661043167e-02
-5.397115275263786316e-02
1.218858920037746429e-02
-2.090442366898059845e-02
1.393852382898330688e-01
-1.626204848289489746e-01
1.535748690366744995e-01
3.677605837583541870e-02
-4.067580401897430420e-02
1.737440936267375946e-02
-7.427679747343063354e-02
-2.563699707388877869e-02
-9.193874150514602661e-02
1.127530783414840698e-01
-2.624350488185882568e-01
1.784065663814544678e-01
1.289943009614944458e-01
1.425339095294475555e-02
1.567463427782058716e-01
-1.051774546504020691e-01
7.284551858901977539e-02
2.112013660371303558e-02
-1.101118475198745728e-01
-2.247481793165206909e-01
1.266503240913152695e-02
5.159038305282592773e-02
4.156385362148284912e-02
-7.143581658601760864e-02
-4.645406268537044525e-03
-5.676198378205299377e-02
2.145539969205856323e-02
-2.608299255371093750e-02
-8.167710155248641968e-02
-1.364836990833282471e-01
2.564542740583419800e-02
-3.345393389463424683e-02
-4.577764123678207397e-02
2.076981663703918457e-01
-1.032288223505020142e-01
1.801772415637969971e-01
-2.567006088793277740e-02
-2.284919619560241699e-01
-7.097589224576950073e-02
7.333207130432128906e-02
1.574918776750564575e-01
-1.870140135288238525e-01
-1.377770900726318359e-01
-3.459002077579498291e-02
-8.735986053943634033e-02
-3.547595068812370300e-02
1.381922140717506409e-02
4.818983003497123718e-02
5.241875723004341125e-02
-2.199540436267852783e-01
-3.565355241298675537e-01
-6.710039079189300537e-02
-1.300170570611953735e-01
-3.936328738927841187e-02
-2.438813447952270508e-02
-2.951672673225402832e-02
1.704891473054885864e-01
-1.018546149134635925e-01
-6.227123737335205078e-02
1.319284737110137939e-01
1.468991190195083618e-01
-9.695055335760116577e-02
-1.145954951643943787e-01
2.515917718410491943e-01
-1.103490218520164490e-02
-2.181097865104675293e-01
-4.220827668905258179e-02
1.057919263839721680e-01
2.639891207218170166e-01
2.034179568290710449e-01
-5.499751865863800049e-02
2.597951516509056091e-02
-1.028613187372684479e-02
2.167122364044189453e-01
-3.025144338607788086e-01
8.884687721729278564e-02
1.704472452402114868e-01
1.002012118697166443e-01
6.009376049041748047e-02
1.181680858135223389e-01
-9.789052605628967285e-02
4.610206931829452515e-03
1.833730638027191162e-01
-2.424432188272476196e-01
-2.350046671926975250e-02
2.214836329221725464e-02
-6.688600778579711914e-02
-4.814529418945312500e-02
-9.850680083036422729e-02
2.052911818027496338e-01
1.618774384260177612e-01
-1.408735811710357666e-01
-1.295727640390396118e-01
2.055706232786178589e-01
-8.987808227539062500e-02
-2.986504510045051575e-02
1.189654096961021423e-01
-1.970035135746002197e-01
-2.660745382308959961e-01
-2.161801159381866455e-01
3.417672216892242432e-02
3.525117933750152588e-01
1.676301211118698120e-01
-6.829041987657546997e-02
5.012845247983932495e-02
-3.262903913855552673e-02
-7.196652889251708984e-02
-2.428434789180755615e-02
1.336238533258438110e-01
2.205141820013523102e-02
-1.524885091930627823e-02
5.777031183242797852e-04
9.474786370992660522e-02
1.853912770748138428e-01
-7.193422317504882812e-02
-4.039276391267776489e-02
2.546444535255432129e-01
1.414493285119533539e-02
1.853762194514274597e-02
1.308968290686607361e-02
5.719415843486785889e-02
-6.405319273471832275e-02
-1.082802563905715942e-02
-1.789464801549911499e-01
-2.565811201930046082e-02
8.059488236904144287e-02
-5.004566162824630737e-02
4.457180947065353394e-02
1.071439757943153381e-01
-1.986046582460403442e-01
1.301107406616210938e-01
-1.063390355557203293e-02
-5.502440035343170166e-04
1.006788201630115509e-02
-6.333708018064498901e-02
-4.185008257627487183e-02
-2.429728955030441284e-02
1.390180587768554688e-01
-3.121151626110076904e-01
1.234601140022277832e-01
1.119159683585166931e-01
2.070141956210136414e-02
1.686588674783706665e-01
1.296715810894966125e-03
-1.860880106687545776e-02
6.636938452720642090e-02
-1.328157037496566772e-01
-1.959730833768844604e-01
-5.836087837815284729e-02
5.725392699241638184e-02
4.208713397383689880e-02
-9.922021068632602692e-03
3.735594823956489563e-02
-7.198932766914367676e-02
2.737911976873874664e-02
-8.375672996044158936e-02
-6.936713308095932007e-02
-1.142856702208518982e-01
6.111152935773134232e-03
2.738157659769058228e-02
-1.026598736643791199e-01
2.286589294672012329e-01
-8.643578737974166870e-02
2.462630271911621094e-01
-6.835636496543884277e-02
-2.294006049633026123e-01
-9.554678201675415039e-02
3.601062670350074768e-02
1.367370188236236572e-01
-1.745826601982116699e-01
-1.317431032657623291e-01
-6.325669586658477783e-02
-1.140694916248321533e-01
-1.226056739687919617e-02
-4.236659035086631775e-03
2.698808535933494568e-02
6.766330450773239136e-02
-2.040247023105621338e-01
-3.239447474479675293e-01
-1.479900628328323364e-01
-1.577765345573425293e-01
3.178450092673301697e-02
-2.819218486547470093e-02
-4.096328467130661011e-02
1.517284214496612549e-01
-1.169017702341079712e-01
-1.035159826278686523e-01
9.391392767429351807e-02
1.252874583005905151e-01
-9.805457293987274170e-02
-9.903530776500701904e-02
2.276489436626434326e-01
-4.372193664312362671e-02
-1.259212493896484375e-01
-5.729817599058151245e-02
1.077060997486114502e-01
2.637598514556884766e-01
1.603412330150604248e-01
-3.607709705829620361e-02
2.448436431586742401e-02
-1.566507853567600250e-02
1.816911995410919189e-01
-2.527247369289398193e-01
3.025953844189643860e-02
1.613181829452514648e-01
1.110508665442466736e-01
1.172960102558135986e-01
1.214182451367378235e-01
-8.066774904727935791e-02
3.304965049028396606e-02
1.816570609807968140e-01
-2.437457889318466187e-01
-2.701008319854736328e-02
7.003080099821090698e-03
-8.173492550849914551e-02
-7.404430210590362549e-02
-1.169760078191757202e-01
2.363517582416534424e-01
1.646590381860733032e-01
-1.169130057096481323e-01
-1.479309797286987305e-01
2.406577169895172119e-01
-1.289547532796859741e-01
-6.566455960273742676e-02
7.303842902183532715e-02
-1.704369187355041504e-01
-2.068985849618911743e-01
-2.660343647003173828e-01
2.702717110514640808e-02
3.802058696746826172e-01
1.444492787122726440e-01
-6.512584537267684937e-02
9.558971226215362549e-02
-4.671168699860572815e-02
-8.054950833320617676e-02
-2.186790853738784790e-02
6.474516540765762329e-02
-1.899035088717937469e-02
-7.223478518426418304e-03
-6.786018610000610352e-02
6.124448776245117188e-02
1.698183119297027588e-01
-8.753728121519088745e-02
1.004622783511877060e-02
2.082912623882293701e-01
-1.104648597538471222e-02
6.243389472365379333e-02
5.205047875642776489e-02
7.399859279394149780e-02
-9.088416397571563721e-02
-8.829999715089797974e-03
-1.136544048786163330e-01
5.095433443784713745e-02
6.747005879878997803e-02
-9.077099710702896118e-02
2.288141287863254547e-02
7.936295866966247559e-02
-1.499989777803421021e-01
1.568189114332199097e-01
-3.129254560917615891e-03
3.632759675383567810e-03
-4.863873496651649475e-02
-7.634812593460083008e-02
-3.669906035065650940e-02
1.013651210814714432e-02
1.443325728178024292e-01
-3.526790440082550049e-01
1.437988579273223877e-01
9.330678731203079224e-02
-3.655845671892166138e-02
1.770024001598358154e-01
-2.759285271167755127e-02
2.756551839411258698e-02
-1.855462044477462769e-02
-9.431211650371551514e-02
-2.342349588871002197e-01
-9.230361133813858032e-02
3.726432099938392639e-02
-8.508292958140373230e-03
-5.872457474470138550e-02
5.182288959622383118e-02
-5.727751180529594421e-02
4.756890982389450073e-02
4.263884574174880981e-02
-1.415024846792221069e-01
-9.998906403779983521e-02
6.358667742460966110e-03
-7.963927462697029114e-03
-1.156443506479263306e-01
1.810391098260879517e-01
-1.016252785921096802e-01
1.803115755319595337e-01
-9.869979321956634521e-02
-2.580686807632446289e-01
-5.431422218680381775e-02
-1.404003240168094635e-02
1.563680619001388550e-01
-2.176130712032318115e-01
-2.265409678220748901e-01
-4.864553362131118774e-02
-7.951283454895019531e-02
-2.327927947044372559e-02
2.197952196002006531e-02
-3.184064105153083801e-02
6.172522902488708496e-02
-1.329934597015380859e-01
-3.335620760917663574e-01
-9.164906293153762817e-02
-1.649420261383056641e-01
-5.614136345684528351e-03
-3.150235861539840698e-02
1.467714086174964905e-03
1.215553805232048035e-01
-1.723312139511108398e-01
-5.261529237031936646e-02
6.429246813058853149e-02
1.070261597633361816e-01
-1.280253976583480835e-01
-1.844565272331237793e-01
2.331200242042541504e-01
-3.838485479354858398e-02
-1.848260164260864258e-01
4.435563459992408752e-05
1.060459688305854797e-01
2.287298738956451416e-01
1.996379345655441284e-01
-1.404369175434112549e-01
9.285978041589260101e-03
-2.248724922537803650e-02
1.752482056617736816e-01
-3.183061182498931885e-01
3.517679870128631592e-02
1.993676722049713135e-01
1.128594651818275452e-01
1.610396951436996460e-01
7.614416629076004028e-02
-1.113393977284431458e-01
5.967830494046211243e-02
1.655973494052886963e-01
-2.521618008613586426e-01
2.352607063949108124e-02
6.488916277885437012e-02
-1.526428908109664917e-01
-2.411875873804092407e-02
-5.270400270819664001e-02
1.709503531455993652e-01
1.279890388250350952e-01
-1.071850582957267761e-01
-2.032532393932342529e-01
1.957075744867324829e-01
-1.145894899964332581e-01
-2.597977034747600555e-02
1.264755874872207642e-01
-1.672447770833969116e-01
-1.856426745653152466e-01
-1.758918017148971558e-01
8.526398241519927979e-02
3.746355473995208740e-01
1.353821009397506714e-01
-7.819734513759613037e-02
8.444187045097351074e-02
-1.089053153991699219e-01
-7.480129599571228027e-02
-2.953775785863399506e-02
8.414927870035171509e-02
6.100889295339584351e-02
-6.660216301679611206e-02
-7.828464359045028687e-02
8.002543449401855469e-02
1.746673136949539185e-01
-7.976105064153671265e-02
-5.793153308331966400e-03
2.385101467370986938e-01
-1.500400342047214508e-02
1.370700635015964508e-02
3.216924145817756653e-02
6.960329413414001465e-02
-8.575061708688735962e-02
2.962726727128028870e-02
-1.160859838128089905e-01
4.318045824766159058e-02
1.248146407306194305e-03
-3.483108431100845337e-02
-1.749587990343570709e-02
8.036161959171295166e-02
-9.983480721712112427e-02
1.383361369371414185e-01
-1.433004532009363174e-02
-1.293750945478677750e-02
-4.775121435523033142e-02
-1.153158098459243774e-01
-2.116107381880283356e-03
-1.582433097064495087e-02
1.365076452493667603e-01
-3.075423836708068848e-01
1.627808958292007446e-01
8.810471743345260620e-02
3.187203407287597656e-02
1.514806747436523438e-01
-1.685765385627746582e-02
-7.122371345758438110e-03
3.222866356372833252e-02
-1.497365683317184448e-01
-2.281288206577301025e-01
-5.616011470556259155e-02
5.917445942759513855e-02
7.323253899812698364e-02
-7.015096396207809448e-02
3.811264410614967346e-02
